#!ascii label  , from subject sub-36 vox2ras=TkReg
1581
85477  -19.100  -41.788  86.468 0.0000000000
105984  -34.616  -30.756  69.502 0.0000000000
101886  -34.915  -31.287  62.741 0.0000000000
91474  -31.695  -36.312  74.627 0.0000000000
123897  -41.319  -19.397  59.465 0.0000000000
115766  -35.650  -24.889  61.155 0.0000000000
104523  -39.630  -31.527  72.147 0.0000000000
104488  -34.406  -32.044  74.286 0.0000000000
128873  -45.519  -16.828  63.192 0.0000000000
130110  -48.258  -15.211  60.233 0.0000000000
127716  -51.102  -16.096  57.753 0.0000000000
108685  -38.973  -29.479  62.000 0.0000000000
108682  -34.068  -29.059  61.729 0.0000000000
114170  -39.613  -25.631  63.810 0.0000000000
119714  -41.605  -22.732  64.153 0.0000000000
89967  -24.772  -38.850  74.055 0.0000000000
85428  -18.103  -41.050  92.967 0.0000000000
101764  -35.175  -31.360  65.517 0.0000000000
100397  -38.149  -32.186  64.562 0.0000000000
94763  -26.271  -36.879  71.449 0.0000000000
93150  -30.120  -37.363  70.305 0.0000000000
125216  -50.177  -19.034  51.863 0.0000000000
127769  -52.924  -16.166  55.679 0.0000000000
121108  -38.280  -21.214  60.476 0.0000000000
125081  -43.242  -19.083  64.448 0.0000000000
79458  -18.421  -43.330  80.550 0.0000000000
76533  -15.511  -46.977  90.670 0.0000000000
130087  -46.870  -15.775  62.250 0.0000000000
111405  -38.912  -28.115  62.800 0.0000000000
84234  -23.870  -42.563  72.963 0.0000000000
85453  -19.080  -41.923  90.742 0.0000000000
104656  -32.516  -31.307  65.484 0.0000000000
104607  -35.500  -30.839  67.354 0.0000000000
94739  -28.770  -35.575  72.550 0.0000000000
94780  -28.108  -36.974  70.544 0.0000000000
93096  -30.379  -36.735  72.286 0.0000000000
105939  -34.723  -30.480  71.997 0.0000000000
103077  -32.506  -31.984  72.707 0.0000000000
105965  -32.425  -30.932  70.809 0.0000000000
91419  -31.314  -36.087  76.061 0.0000000000
94699  -28.209  -36.100  74.566 0.0000000000
126463  -46.226  -18.121  55.415 0.0000000000
125209  -48.780  -19.186  52.836 0.0000000000
126428  -51.868  -16.604  56.597 0.0000000000
111425  -34.883  -26.963  61.600 0.0000000000
118501  -36.648  -23.338  60.814 0.0000000000
122479  -42.057  -20.787  64.194 0.0000000000
82617  -22.253  -42.491  76.175 0.0000000000
80985  -21.018  -41.719  78.521 0.0000000000
82496  -20.328  -42.152  79.913 0.0000000000
79495  -19.127  -42.706  78.444 0.0000000000
76551  -16.011  -46.630  89.028 0.0000000000
104548  -37.446  -30.757  71.223 0.0000000000
103129  -37.888  -31.450  68.919 0.0000000000
101645  -39.496  -32.844  70.398 0.0000000000
98776  -35.224  -34.088  76.974 0.0000000000
97570  -33.797  -34.270  75.039 0.0000000000
104466  -36.745  -31.973  75.356 0.0000000000
104504  -36.900  -31.203  73.527 0.0000000000
126371  -42.740  -17.809  61.413 0.0000000000
128911  -45.158  -17.002  59.619 0.0000000000
127711  -46.553  -16.882  58.398 0.0000000000
126422  -48.149  -17.169  56.211 0.0000000000
126467  -49.305  -17.767  55.639 0.0000000000
130135  -49.871  -15.085  58.800 0.0000000000
104752  -36.722  -30.513  62.827 0.0000000000
104749  -34.234  -30.571  62.079 0.0000000000
107367  -36.872  -29.122  62.505 0.0000000000
111383  -37.122  -27.525  63.092 0.0000000000
115699  -37.593  -25.105  62.877 0.0000000000
118476  -38.693  -23.344  62.547 0.0000000000
115680  -40.521  -24.328  63.957 0.0000000000
87133  -24.536  -40.368  75.306 0.0000000000
84214  -22.375  -42.705  74.048 0.0000000000
130175  -52.813  -16.021  50.867 0.0000000000
83926  -16.894  -41.350  93.618 0.0000000000
101808  -31.925  -32.341  63.259 0.0000000000
101811  -35.174  -31.970  64.331 0.0000000000
101740  -37.692  -31.591  66.805 0.0000000000
100317  -37.243  -31.465  65.390 0.0000000000
101864  -36.816  -31.405  63.552 0.0000000000
104731  -38.617  -30.856  63.425 0.0000000000
94782  -32.582  -36.087  71.757 0.0000000000
92997  -26.917  -36.890  75.675 0.0000000000
91487  -24.838  -38.077  72.936 0.0000000000
126501  -50.175  -18.048  54.065 0.0000000000
126503  -51.408  -17.241  53.738 0.0000000000
127795  -52.429  -17.131  52.388 0.0000000000
131294  -53.326  -15.033  54.350 0.0000000000
79420  -16.841  -45.168  82.954 0.0000000000
80883  -16.681  -44.670  86.032 0.0000000000
123894  -39.504  -20.321  60.162 0.0000000000
119737  -39.594  -22.347  62.399 0.0000000000
122542  -40.582  -20.548  61.982 0.0000000000
126369  -41.789  -18.829  61.898 0.0000000000
127653  -44.137  -18.044  63.913 0.0000000000
82493  -18.484  -43.165  82.703 0.0000000000
80863  -17.532  -44.371  89.426 0.0000000000
80842  -17.185  -43.890  91.983 0.0000000000
79344  -15.620  -44.021  92.559 0.0000000000
85464  -19.333  -41.609  88.309 0.0000000000
106001  -33.992  -30.671  68.814 0.0000000000
104605  -33.791  -30.808  67.396 0.0000000000
106002  -34.947  -30.597  68.663 0.0000000000
93041  -30.187  -36.452  73.782 0.0000000000
93069  -29.475  -35.882  72.188 0.0000000000
91489  -30.979  -36.462  73.682 0.0000000000
105952  -35.031  -30.702  71.121 0.0000000000
105950  -33.187  -30.635  71.400 0.0000000000
105966  -33.372  -30.520  70.592 0.0000000000
105999  -32.167  -30.399  69.216 0.0000000000
93002  -33.312  -36.103  76.754 0.0000000000
91422  -32.840  -36.292  76.701 0.0000000000
91436  -31.207  -36.243  75.474 0.0000000000
93019  -29.923  -36.303  74.616 0.0000000000
126511  -48.150  -18.732  53.549 0.0000000000
101860  -33.385  -32.296  62.238 0.0000000000
101884  -33.172  -32.060  61.262 0.0000000000
114210  -35.406  -25.839  61.659 0.0000000000
112808  -34.889  -26.269  59.822 0.0000000000
118489  -36.262  -24.226  61.177 0.0000000000
82596  -21.038  -43.164  76.196 0.0000000000
82584  -21.709  -42.166  77.273 0.0000000000
81024  -20.298  -43.033  77.152 0.0000000000
79497  -19.932  -41.949  78.422 0.0000000000
80999  -18.990  -43.640  77.298 0.0000000000
104536  -38.262  -31.062  71.823 0.0000000000
103107  -38.828  -31.715  70.950 0.0000000000
103094  -39.525  -32.261  71.489 0.0000000000
101554  -36.901  -32.730  76.908 0.0000000000
101563  -36.092  -32.885  76.394 0.0000000000
103018  -37.404  -31.971  76.059 0.0000000000
104507  -39.325  -31.061  72.942 0.0000000000
104493  -38.239  -30.833  73.900 0.0000000000
104521  -37.906  -30.917  72.562 0.0000000000
104535  -37.197  -30.917  71.939 0.0000000000
128871  -44.330  -17.195  62.332 0.0000000000
126373  -43.732  -17.226  60.317 0.0000000000
128881  -44.820  -16.753  61.895 0.0000000000
130097  -47.910  -15.407  61.120 0.0000000000
128901  -46.572  -16.122  60.517 0.0000000000
128915  -47.772  -15.549  59.549 0.0000000000
127727  -47.040  -16.707  57.470 0.0000000000
128935  -47.927  -15.874  57.544 0.0000000000
127729  -48.862  -16.527  56.765 0.0000000000
130122  -49.250  -14.775  59.616 0.0000000000
106134  -37.296  -30.146  62.628 0.0000000000
106133  -36.499  -29.992  62.657 0.0000000000
107369  -37.870  -29.120  62.042 0.0000000000
112755  -39.281  -27.166  63.664 0.0000000000
111403  -37.595  -27.759  63.005 0.0000000000
114191  -38.561  -26.405  63.630 0.0000000000
114189  -37.289  -26.065  63.224 0.0000000000
114169  -38.974  -25.592  63.603 0.0000000000
115702  -39.399  -24.859  63.491 0.0000000000
115703  -40.106  -24.903  63.834 0.0000000000
89948  -25.567  -38.877  75.510 0.0000000000
89938  -25.825  -39.273  76.066 0.0000000000
88558  -24.466  -39.927  74.529 0.0000000000
84216  -23.770  -42.348  73.742 0.0000000000
131299  -53.035  -14.920  52.367 0.0000000000
132481  -53.793  -14.599  51.442 0.0000000000
85421  -17.680  -41.036  93.322 0.0000000000
103181  -33.953  -31.277  65.767 0.0000000000
103217  -32.498  -31.693  64.418 0.0000000000
103218  -33.490  -32.045  64.492 0.0000000000
101810  -33.948  -32.257  63.868 0.0000000000
101786  -34.845  -31.871  64.855 0.0000000000
101706  -38.265  -32.296  68.320 0.0000000000
101705  -37.981  -31.710  68.484 0.0000000000
100269  -38.012  -32.712  67.487 0.0000000000
99027  -38.452  -32.896  65.083 0.0000000000
100319  -37.431  -32.650  65.989 0.0000000000
100367  -37.825  -32.323  64.881 0.0000000000
100365  -36.706  -31.759  64.633 0.0000000000
100425  -37.121  -32.143  64.108 0.0000000000
103278  -38.072  -32.116  63.210 0.0000000000
101867  -38.825  -31.926  64.165 0.0000000000
93120  -29.171  -37.084  70.625 0.0000000000
100143  -33.939  -33.255  74.865 0.0000000000
96246  -33.209  -34.663  73.653 0.0000000000
100149  -33.293  -33.043  73.766 0.0000000000
97609  -32.074  -34.583  71.335 0.0000000000
94662  -28.086  -36.282  76.496 0.0000000000
94750  -26.720  -36.453  72.195 0.0000000000
94736  -26.541  -36.757  73.092 0.0000000000
93092  -25.081  -37.760  71.718 0.0000000000
89998  -24.827  -39.308  70.753 0.0000000000
126425  -50.229  -17.253  56.443 0.0000000000
126468  -49.954  -17.749  55.585 0.0000000000
126426  -50.726  -17.036  56.477 0.0000000000
126451  -52.589  -16.353  56.115 0.0000000000
126487  -51.335  -17.003  54.679 0.0000000000
127776  -52.003  -16.562  54.706 0.0000000000
126504  -51.740  -17.094  53.224 0.0000000000
127785  -52.622  -16.366  54.389 0.0000000000
128964  -52.503  -16.241  53.433 0.0000000000
128958  -53.007  -15.633  54.982 0.0000000000
107381  -34.393  -29.446  62.088 0.0000000000
104769  -33.302  -31.013  60.509 0.0000000000
121123  -38.340  -21.249  58.807 0.0000000000
122573  -38.511  -20.934  60.015 0.0000000000
118460  -40.397  -23.189  63.323 0.0000000000
118477  -39.194  -22.983  62.567 0.0000000000
119738  -40.307  -22.264  62.821 0.0000000000
123827  -42.566  -20.049  64.369 0.0000000000
122522  -41.336  -20.567  63.149 0.0000000000
123842  -42.086  -19.856  63.586 0.0000000000
123866  -41.337  -19.713  62.091 0.0000000000
125096  -42.371  -18.993  63.291 0.0000000000
127657  -42.780  -17.989  62.804 0.0000000000
126359  -43.789  -18.506  64.212 0.0000000000
82495  -19.669  -42.415  80.643 0.0000000000
82484  -19.489  -42.251  81.676 0.0000000000
84015  -19.343  -42.067  83.347 0.0000000000
80906  -18.616  -42.998  81.892 0.0000000000
80935  -17.781  -44.204  81.505 0.0000000000
79469  -17.591  -44.340  80.453 0.0000000000
77975  -15.598  -46.044  85.769 0.0000000000
80873  -17.571  -44.391  87.735 0.0000000000
77970  -16.210  -45.648  86.956 0.0000000000
76538  -16.117  -46.780  90.168 0.0000000000
77949  -17.079  -45.473  90.276 0.0000000000
79364  -16.357  -45.982  91.244 0.0000000000
77937  -16.528  -44.067  92.239 0.0000000000
79357  -16.089  -45.448  91.695 0.0000000000
103019  -38.225  -31.450  75.976 0.0000000000
130072  -46.721  -16.120  64.644 0.0000000000
128883  -46.171  -16.237  62.681 0.0000000000
130073  -47.252  -15.795  64.344 0.0000000000
110047  -38.758  -28.503  62.012 0.0000000000
88576  -24.188  -39.934  72.767 0.0000000000
87162  -24.264  -40.777  73.034 0.0000000000
89822  -18.938  -39.782  91.438 0.0000000000
85440  -19.080  -41.862  91.649 0.0000000000
104624  -32.272  -31.084  66.752 0.0000000000
104626  -34.250  -30.942  66.683 0.0000000000
103170  -35.645  -31.032  66.686 0.0000000000
101841  -39.023  -31.895  64.200 0.0000000000
94751  -27.217  -35.801  72.018 0.0000000000
94778  -26.845  -36.913  70.783 0.0000000000
94753  -28.722  -36.080  71.678 0.0000000000
93094  -29.233  -36.666  71.540 0.0000000000
93122  -30.228  -37.068  71.329 0.0000000000
105918  -34.593  -30.768  73.406 0.0000000000
103068  -33.268  -32.098  73.447 0.0000000000
105925  -33.448  -30.828  72.657 0.0000000000
105936  -32.537  -31.116  71.983 0.0000000000
103128  -30.361  -32.126  69.729 0.0000000000
94665  -30.370  -36.035  76.429 0.0000000000
94663  -29.002  -36.027  76.262 0.0000000000
92998  -29.443  -35.900  75.088 0.0000000000
94717  -27.989  -35.653  73.727 0.0000000000
126440  -45.083  -17.961  56.347 0.0000000000
125215  -49.676  -19.244  52.026 0.0000000000
127685  -51.950  -15.910  59.129 0.0000000000
126408  -51.599  -16.502  57.037 0.0000000000
111399  -34.624  -28.028  61.981 0.0000000000
118508  -36.478  -23.432  59.538 0.0000000000
119758  -37.177  -22.377  60.329 0.0000000000
121055  -42.854  -21.501  65.038 0.0000000000
121066  -41.702  -21.689  63.998 0.0000000000
122462  -43.164  -20.970  65.551 0.0000000000
82640  -23.044  -41.794  76.126 0.0000000000
81051  -23.009  -41.923  77.161 0.0000000000
80939  -22.211  -41.917  79.328 0.0000000000
80953  -21.114  -42.078  79.187 0.0000000000
80965  -19.481  -42.168  79.433 0.0000000000
79484  -18.775  -42.935  79.095 0.0000000000
79482  -17.679  -44.313  79.609 0.0000000000
79507  -17.792  -44.799  77.761 0.0000000000
105969  -36.236  -30.719  70.029 0.0000000000
105986  -36.525  -30.698  69.206 0.0000000000
104562  -37.996  -30.853  70.097 0.0000000000
101663  -38.702  -31.817  70.100 0.0000000000
93024  -33.556  -35.171  75.801 0.0000000000
94719  -32.914  -35.538  74.982 0.0000000000
98788  -34.497  -34.070  75.913 0.0000000000
101571  -34.900  -32.880  75.718 0.0000000000
104479  -35.418  -31.927  74.767 0.0000000000
104468  -37.862  -31.381  75.289 0.0000000000
104491  -36.662  -31.293  74.247 0.0000000000
104503  -36.042  -31.267  73.675 0.0000000000
104519  -36.173  -30.996  73.030 0.0000000000
105940  -35.928  -30.651  71.903 0.0000000000
96189  -34.937  -35.038  77.517 0.0000000000
125119  -41.864  -18.647  60.212 0.0000000000
123909  -42.047  -19.053  58.613 0.0000000000
125121  -42.773  -17.642  59.655 0.0000000000
126382  -43.675  -17.486  58.874 0.0000000000
127708  -44.213  -17.486  58.225 0.0000000000
128900  -45.588  -16.633  60.343 0.0000000000
127694  -45.852  -16.999  58.967 0.0000000000
127725  -45.256  -17.236  57.653 0.0000000000
126420  -46.299  -17.280  56.324 0.0000000000
126442  -46.708  -17.522  55.739 0.0000000000
126465  -47.819  -17.896  55.423 0.0000000000
126483  -48.686  -17.963  54.888 0.0000000000
126423  -48.947  -17.417  56.369 0.0000000000
127730  -49.655  -16.624  56.626 0.0000000000
128917  -50.686  -15.456  58.268 0.0000000000
131247  -50.088  -14.306  61.169 0.0000000000
130126  -51.453  -15.183  59.665 0.0000000000
103300  -35.385  -30.805  62.760 0.0000000000
103299  -34.558  -30.930  62.398 0.0000000000
104750  -35.029  -30.384  62.578 0.0000000000
107382  -35.103  -29.466  62.618 0.0000000000
107364  -34.924  -29.081  62.511 0.0000000000
110031  -37.869  -28.438  62.527 0.0000000000
110030  -37.159  -28.306  62.735 0.0000000000
110028  -35.578  -28.096  62.849 0.0000000000
111400  -35.178  -27.412  62.318 0.0000000000
114187  -35.835  -25.873  62.137 0.0000000000
115724  -36.744  -24.871  62.194 0.0000000000
117183  -37.141  -23.987  61.752 0.0000000000
115726  -37.919  -24.642  62.727 0.0000000000
117136  -39.811  -23.923  63.416 0.0000000000
118442  -40.906  -23.351  63.769 0.0000000000
118444  -42.171  -23.466  64.333 0.0000000000
118427  -42.498  -23.011  64.419 0.0000000000
85655  -24.205  -40.756  75.878 0.0000000000
87152  -23.844  -41.238  74.180 0.0000000000
87141  -23.610  -41.179  74.728 0.0000000000
84172  -23.459  -41.292  75.394 0.0000000000
82638  -22.237  -42.634  75.369 0.0000000000
101836  -33.978  -32.269  63.024 0.0000000000
101861  -34.385  -31.783  62.836 0.0000000000
104588  -36.981  -30.986  68.283 0.0000000000
103155  -36.826  -31.084  67.488 0.0000000000
101739  -36.960  -31.229  66.587 0.0000000000
100281  -37.586  -31.385  66.366 0.0000000000
101766  -36.712  -31.312  65.499 0.0000000000
101812  -35.773  -31.843  64.667 0.0000000000
101838  -35.685  -31.836  63.959 0.0000000000
101887  -35.744  -31.177  63.091 0.0000000000
103302  -36.953  -30.930  62.924 0.0000000000
104754  -37.838  -30.913  63.090 0.0000000000
106136  -38.632  -30.051  62.752 0.0000000000
104714  -39.338  -30.730  63.748 0.0000000000
106116  -38.945  -30.276  63.232 0.0000000000
93100  -32.246  -35.928  73.449 0.0000000000
93125  -31.941  -36.682  72.321 0.0000000000
93152  -31.269  -37.265  70.983 0.0000000000
98859  -32.533  -33.991  72.255 0.0000000000
94798  -32.303  -36.228  70.860 0.0000000000
92978  -26.459  -37.319  76.723 0.0000000000
91451  -25.852  -37.818  74.747 0.0000000000
94698  -27.440  -36.524  74.848 0.0000000000
93039  -26.174  -37.181  74.431 0.0000000000
89977  -24.659  -38.585  73.379 0.0000000000
88584  -24.283  -39.988  71.833 0.0000000000
126499  -48.767  -18.208  54.133 0.0000000000
126513  -49.575  -18.371  53.366 0.0000000000
126514  -50.233  -18.250  53.267 0.0000000000
126470  -51.113  -17.094  55.418 0.0000000000
126502  -50.822  -17.719  53.952 0.0000000000
126526  -50.949  -18.276  52.343 0.0000000000
126527  -51.594  -18.176  52.215 0.0000000000
126528  -52.297  -17.966  52.047 0.0000000000
127806  -52.722  -17.523  50.840 0.0000000000
128969  -52.611  -16.572  51.997 0.0000000000
130171  -52.614  -15.560  52.845 0.0000000000
82476  -17.743  -43.662  84.614 0.0000000000
82469  -18.107  -43.325  85.929 0.0000000000
80892  -16.914  -44.774  84.330 0.0000000000
103297  -33.456  -31.438  61.222 0.0000000000
123906  -40.238  -20.095  59.516 0.0000000000
118492  -37.812  -22.928  61.774 0.0000000000
119747  -37.991  -22.224  61.493 0.0000000000
121099  -38.927  -21.353  61.345 0.0000000000
121076  -40.974  -21.690  63.240 0.0000000000
121090  -40.433  -21.246  62.503 0.0000000000
122556  -39.304  -20.840  60.997 0.0000000000
123875  -40.142  -20.106  60.828 0.0000000000
125117  -40.774  -19.480  60.505 0.0000000000
125118  -41.263  -19.133  60.401 0.0000000000
126370  -42.055  -18.408  61.681 0.0000000000
127667  -43.733  -17.543  62.315 0.0000000000
127660  -44.797  -17.408  63.459 0.0000000000
86977  -19.629  -40.811  86.150 0.0000000000
85485  -19.585  -41.814  84.737 0.0000000000
84013  -18.513  -43.063  84.512 0.0000000000
80894  -17.978  -43.826  83.530 0.0000000000
79445  -17.035  -45.281  81.628 0.0000000000
82460  -18.284  -43.312  87.828 0.0000000000
82451  -18.176  -43.052  89.623 0.0000000000
83954  -18.469  -42.822  91.587 0.0000000000
77963  -16.673  -45.419  88.716 0.0000000000
80853  -17.911  -44.109  90.613 0.0000000000
82429  -17.786  -42.712  92.270 0.0000000000
82423  -17.147  -42.628  92.685 0.0000000000
80828  -16.221  -42.644  93.199 0.0000000000
205419  -14.530  -47.104  91.290 0.0000000000
79350  -15.137  -45.316  92.021 0.0000000000
85478  -19.352  -41.542  86.756 0.0000000000
85470  -18.981  -41.955  87.086 0.0000000000
105985  -35.582  -30.658  69.344 0.0000000000
91472  -30.677  -36.554  74.293 0.0000000000
93042  -30.591  -36.503  73.791 0.0000000000
91473  -31.200  -36.470  74.246 0.0000000000
105968  -35.283  -30.839  70.204 0.0000000000
105967  -34.311  -30.680  70.401 0.0000000000
105983  -33.654  -30.644  69.698 0.0000000000
91457  -32.294  -36.217  75.487 0.0000000000
91438  -32.055  -36.238  75.915 0.0000000000
91455  -31.454  -36.313  75.068 0.0000000000
91453  -30.546  -36.431  74.909 0.0000000000
101885  -34.036  -31.550  62.224 0.0000000000
115747  -35.525  -25.255  61.326 0.0000000000
112796  -34.762  -26.321  60.506 0.0000000000
114230  -35.098  -25.687  60.991 0.0000000000
115765  -35.349  -24.981  60.798 0.0000000000
117211  -35.530  -24.689  60.578 0.0000000000
117199  -35.793  -24.537  60.931 0.0000000000
82595  -20.427  -43.408  75.912 0.0000000000
82582  -21.021  -43.005  76.933 0.0000000000
82580  -20.108  -43.514  76.231 0.0000000000
81000  -19.603  -42.995  77.406 0.0000000000
104537  -39.020  -31.447  71.676 0.0000000000
103093  -39.136  -32.009  71.245 0.0000000000
104538  -39.485  -31.912  71.626 0.0000000000
101555  -37.375  -32.586  77.245 0.0000000000
103007  -37.193  -32.324  76.523 0.0000000000
103008  -37.729  -32.224  76.775 0.0000000000
104506  -38.496  -30.860  73.128 0.0000000000
104522  -38.802  -31.024  72.321 0.0000000000
128872  -44.832  -17.032  62.701 0.0000000000
130089  -48.175  -15.287  61.594 0.0000000000
130109  -47.581  -15.542  60.558 0.0000000000
128927  -47.840  -15.710  58.343 0.0000000000
130121  -48.448  -15.308  59.134 0.0000000000
130133  -48.549  -15.462  58.507 0.0000000000
130111  -48.894  -14.625  60.663 0.0000000000
107387  -38.564  -29.725  62.342 0.0000000000
107386  -37.914  -29.543  62.255 0.0000000000
108684  -38.616  -29.203  61.998 0.0000000000
114192  -39.094  -26.409  63.853 0.0000000000
112754  -38.754  -27.354  63.438 0.0000000000
89958  -25.121  -38.852  74.819 0.0000000000
88559  -24.974  -39.425  75.030 0.0000000000
88568  -24.662  -39.342  74.476 0.0000000000
132474  -53.557  -14.459  53.159 0.0000000000
132478  -53.615  -14.405  52.291 0.0000000000
133721  -53.940  -13.974  52.632 0.0000000000
86920  -18.540  -40.525  92.971 0.0000000000
86915  -18.279  -40.315  93.218 0.0000000000
86912  -17.831  -39.992  93.781 0.0000000000
85422  -18.005  -41.014  93.107 0.0000000000
103182  -34.518  -31.209  65.685 0.0000000000
103197  -34.262  -31.700  65.123 0.0000000000
103219  -34.179  -32.010  64.767 0.0000000000
100255  -38.359  -32.818  68.026 0.0000000000
100270  -38.430  -33.375  67.724 0.0000000000
100368  -38.503  -32.806  64.988 0.0000000000
100396  -37.666  -32.116  64.889 0.0000000000
100426  -37.801  -32.128  64.346 0.0000000000
100427  -38.539  -32.183  64.359 0.0000000000
93145  -25.533  -38.166  70.495 0.0000000000
93146  -26.080  -37.576  70.450 0.0000000000
103043  -34.329  -32.341  74.606 0.0000000000
101583  -33.775  -32.829  74.361 0.0000000000
101590  -33.432  -32.810  73.991 0.0000000000
94749  -26.102  -36.934  72.180 0.0000000000
93119  -25.616  -37.251  71.457 0.0000000000
93118  -25.353  -37.946  70.969 0.0000000000
125221  -50.495  -19.308  51.504 0.0000000000
126406  -50.478  -16.881  56.717 0.0000000000
126473  -52.509  -16.247  55.827 0.0000000000
126489  -52.189  -16.492  55.088 0.0000000000
127784  -52.105  -16.575  53.993 0.0000000000
127777  -52.615  -16.291  54.999 0.0000000000
128962  -53.004  -15.997  54.456 0.0000000000
127778  -52.970  -15.892  55.277 0.0000000000
107380  -33.728  -29.648  61.199 0.0000000000
121107  -37.812  -21.526  60.086 0.0000000000
119768  -37.303  -22.205  59.382 0.0000000000
122572  -38.172  -21.229  59.513 0.0000000000
119713  -41.214  -22.925  63.856 0.0000000000
119725  -40.856  -22.641  63.452 0.0000000000
121065  -41.270  -22.347  63.748 0.0000000000
125080  -42.952  -19.421  64.368 0.0000000000
123843  -42.382  -19.806  63.922 0.0000000000
125092  -42.624  -19.205  63.750 0.0000000000
125091  -42.305  -19.293  63.376 0.0000000000
126357  -42.797  -18.613  63.553 0.0000000000
126349  -43.588  -18.765  64.560 0.0000000000
79459  -19.060  -42.736  80.520 0.0000000000
205466  -19.089  -42.698  81.254 0.0000000000
80896  -19.057  -42.633  81.807 0.0000000000
205468  -18.226  -43.478  81.268 0.0000000000
80950  -17.869  -43.891  80.880 0.0000000000
79457  -18.144  -43.590  80.744 0.0000000000
77976  -15.923  -45.586  86.285 0.0000000000
77947  -16.404  -46.405  90.239 0.0000000000
79363  -16.066  -46.417  91.200 0.0000000000
77934  -15.524  -46.422  91.402 0.0000000000
110033  -39.101  -28.613  62.901 0.0000000000
87172  -24.392  -40.871  72.102 0.0000000000
86953  -19.596  -39.986  90.275 0.0000000000
89826  -18.997  -39.848  90.742 0.0000000000
86936  -18.968  -40.546  90.828 0.0000000000
86930  -18.912  -40.757  91.672 0.0000000000
83969  -19.016  -42.013  90.855 0.0000000000
104604  -32.770  -30.769  67.483 0.0000000000
104606  -34.687  -30.746  67.354 0.0000000000
104627  -34.998  -30.890  66.914 0.0000000000
103153  -35.452  -30.955  66.869 0.0000000000
94738  -27.959  -35.433  72.774 0.0000000000
94752  -28.022  -35.797  71.865 0.0000000000
93070  -30.071  -36.203  72.773 0.0000000000
93095  -29.798  -36.623  71.908 0.0000000000
105927  -35.315  -30.636  72.839 0.0000000000
104517  -33.889  -31.022  73.150 0.0000000000
105926  -34.279  -30.639  72.711 0.0000000000
105937  -33.035  -30.794  72.043 0.0000000000
104547  -32.123  -31.506  71.422 0.0000000000
103104  -31.798  -31.917  71.628 0.0000000000
104546  -31.560  -31.663  70.918 0.0000000000
105963  -31.506  -31.233  70.328 0.0000000000
104586  -31.017  -31.044  68.746 0.0000000000
91420  -31.838  -36.221  76.261 0.0000000000
91402  -32.722  -36.284  76.889 0.0000000000
91400  -31.620  -36.183  76.603 0.0000000000
92964  -31.367  -36.117  76.890 0.0000000000
92982  -30.671  -36.040  76.227 0.0000000000
92981  -30.180  -35.924  75.925 0.0000000000
92999  -29.872  -35.928  75.415 0.0000000000
94718  -28.704  -35.626  73.561 0.0000000000
126462  -45.416  -18.459  55.614 0.0000000000
111424  -34.487  -27.666  61.414 0.0000000000
110061  -34.007  -28.213  60.876 0.0000000000
111444  -34.314  -27.671  60.491 0.0000000000
119756  -36.412  -23.413  60.343 0.0000000000
119757  -36.704  -22.985  60.320 0.0000000000
118502  -36.984  -22.870  60.813 0.0000000000
121044  -43.371  -21.958  65.382 0.0000000000
123803  -43.551  -19.697  65.756 0.0000000000
82618  -22.717  -41.949  76.428 0.0000000000
82600  -23.137  -41.790  76.904 0.0000000000
82599  -22.797  -41.817  76.879 0.0000000000
81026  -21.285  -42.174  77.519 0.0000000000
81028  -22.486  -42.011  77.571 0.0000000000
81004  -21.822  -41.927  78.033 0.0000000000
80954  -21.700  -42.186  79.212 0.0000000000
80967  -21.049  -41.780  78.947 0.0000000000
79486  -19.820  -41.889  78.697 0.0000000000
79485  -19.374  -42.235  79.013 0.0000000000
79472  -19.153  -42.598  79.635 0.0000000000
79483  -18.166  -43.631  79.288 0.0000000000
79494  -18.546  -43.700  78.228 0.0000000000
105954  -36.956  -30.598  70.659 0.0000000000
105955  -37.520  -30.555  70.309 0.0000000000
104549  -37.803  -30.693  70.738 0.0000000000
101644  -38.990  -32.129  70.668 0.0000000000
101643  -38.758  -31.748  70.481 0.0000000000
101664  -39.009  -32.426  69.816 0.0000000000
96202  -34.191  -35.002  76.097 0.0000000000
97552  -34.048  -34.800  75.955 0.0000000000
98784  -34.957  -33.888  76.537 0.0000000000
103016  -36.213  -32.552  75.993 0.0000000000
101573  -35.816  -32.801  75.981 0.0000000000
103028  -35.882  -32.486  75.625 0.0000000000
103027  -35.370  -32.555  75.404 0.0000000000
104480  -36.412  -31.842  75.005 0.0000000000
103032  -39.124  -31.041  75.373 0.0000000000
103031  -38.502  -31.148  75.126 0.0000000000
104505  -37.680  -30.862  73.357 0.0000000000
104492  -37.468  -30.917  74.114 0.0000000000
104518  -35.571  -30.951  73.359 0.0000000000
105941  -36.699  -30.689  71.335 0.0000000000
105953  -36.018  -30.867  70.884 0.0000000000
98777  -35.983  -33.820  77.035 0.0000000000
97506  -35.020  -34.272  76.957 0.0000000000
96188  -34.574  -34.946  76.815 0.0000000000
125106  -42.247  -18.264  60.816 0.0000000000
125120  -42.445  -18.009  59.895 0.0000000000
125107  -42.773  -17.636  60.456 0.0000000000
127683  -44.179  -17.192  60.008 0.0000000000
125122  -43.577  -17.364  59.641 0.0000000000
126376  -44.170  -17.266  59.532 0.0000000000
126381  -43.951  -17.463  58.639 0.0000000000
127693  -44.967  -17.100  59.019 0.0000000000
130082  -46.710  -15.866  63.143 0.0000000000
128892  -46.317  -16.154  61.698 0.0000000000
128925  -46.631  -16.734  58.933 0.0000000000
128913  -46.343  -16.621  59.468 0.0000000000
127695  -46.361  -16.883  58.978 0.0000000000
127710  -45.559  -17.095  58.304 0.0000000000
127726  -46.144  -17.074  57.633 0.0000000000
127739  -45.729  -17.256  56.955 0.0000000000
127741  -47.598  -16.748  56.679 0.0000000000
126421  -47.204  -17.090  56.209 0.0000000000
126443  -47.607  -17.493  55.770 0.0000000000
126444  -48.450  -17.545  55.956 0.0000000000
128937  -49.288  -15.970  57.240 0.0000000000
128929  -49.792  -15.652  58.079 0.0000000000
127714  -50.035  -16.051  57.301 0.0000000000
128930  -50.353  -15.238  58.361 0.0000000000
130113  -51.334  -14.831  60.030 0.0000000000
103301  -36.200  -30.837  62.942 0.0000000000
104751  -35.911  -30.409  62.669 0.0000000000
107384  -36.352  -29.493  62.678 0.0000000000
106132  -35.607  -29.857  62.690 0.0000000000
107383  -35.752  -29.389  62.750 0.0000000000
107366  -36.198  -29.071  62.736 0.0000000000
111427  -38.775  -28.092  62.192 0.0000000000
110046  -38.337  -28.466  62.128 0.0000000000
111426  -38.677  -28.310  62.191 0.0000000000
111402  -36.882  -27.805  62.953 0.0000000000
110029  -36.417  -28.200  62.875 0.0000000000
111401  -36.191  -27.510  62.982 0.0000000000
111381  -36.481  -27.354  63.062 0.0000000000
112751  -36.787  -26.569  63.152 0.0000000000
114188  -36.703  -25.708  62.647 0.0000000000
115698  -37.107  -25.219  62.661 0.0000000000
115725  -37.302  -24.706  62.522 0.0000000000
117135  -39.062  -24.303  63.112 0.0000000000
117115  -40.517  -23.760  63.748 0.0000000000
118445  -42.621  -23.872  64.479 0.0000000000
118428  -42.962  -23.417  64.731 0.0000000000
119702  -43.045  -22.406  64.842 0.0000000000
88540  -25.030  -40.096  75.595 0.0000000000
88541  -25.472  -39.917  76.146 0.0000000000
87122  -24.783  -40.440  75.911 0.0000000000
87121  -24.228  -40.633  75.492 0.0000000000
85716  -24.257  -41.531  73.261 0.0000000000
87153  -24.024  -40.743  73.961 0.0000000000
84217  -24.176  -42.106  73.401 0.0000000000
84215  -23.102  -42.438  74.057 0.0000000000
85702  -23.574  -41.640  74.307 0.0000000000
85701  -23.248  -41.872  74.568 0.0000000000
84194  -22.897  -42.047  75.035 0.0000000000
83922  -16.708  -41.116  93.822 0.0000000000
103237  -31.776  -31.865  63.734 0.0000000000
101834  -32.056  -32.713  62.578 0.0000000000
101835  -33.114  -32.383  62.888 0.0000000000
101837  -34.763  -32.006  63.514 0.0000000000
104572  -37.555  -30.998  69.132 0.0000000000
104571  -37.059  -30.870  68.849 0.0000000000
104589  -37.410  -31.124  68.665 0.0000000000
101724  -37.590  -31.546  67.511 0.0000000000
103156  -37.242  -31.292  67.758 0.0000000000
101723  -36.620  -31.134  66.970 0.0000000000
100318  -37.612  -31.863  65.684 0.0000000000
100297  -37.793  -31.904  66.149 0.0000000000
100296  -37.461  -31.250  66.022 0.0000000000
101787  -35.885  -31.735  65.049 0.0000000000
101788  -36.629  -31.653  65.168 0.0000000000
100394  -36.366  -31.674  63.813 0.0000000000
100364  -36.229  -31.743  64.378 0.0000000000
101839  -35.978  -31.786  63.981 0.0000000000
101863  -36.154  -31.525  63.566 0.0000000000
101888  -36.485  -31.133  63.249 0.0000000000
101889  -36.794  -30.994  63.171 0.0000000000
104713  -37.893  -31.718  63.287 0.0000000000
104729  -37.676  -31.431  63.391 0.0000000000
104730  -38.095  -31.142  63.319 0.0000000000
106135  -38.044  -30.417  62.805 0.0000000000
106115  -38.381  -30.598  63.057 0.0000000000
103262  -39.356  -31.136  63.997 0.0000000000
107370  -39.120  -29.762  62.796 0.0000000000
94779  -27.501  -36.888  70.755 0.0000000000
94793  -27.090  -37.200  70.254 0.0000000000
94794  -27.590  -37.286  70.008 0.0000000000
96225  -33.374  -34.790  75.173 0.0000000000
93075  -32.106  -36.060  74.229 0.0000000000
94741  -32.983  -35.137  74.393 0.0000000000
96255  -32.987  -34.985  72.741 0.0000000000
93126  -32.356  -36.167  72.639 0.0000000000
94768  -32.555  -36.165  72.169 0.0000000000
93124  -31.396  -37.080  72.045 0.0000000000
93153  -31.857  -37.018  71.420 0.0000000000
103067  -32.799  -32.269  73.116 0.0000000000
101604  -32.857  -32.814  73.209 0.0000000000
100168  -32.661  -32.980  72.780 0.0000000000
92996  -26.617  -37.146  75.986 0.0000000000
91434  -26.078  -37.928  75.775 0.0000000000
93016  -26.484  -37.212  75.254 0.0000000000
94681  -28.262  -36.269  75.539 0.0000000000
93067  -25.616  -37.373  73.126 0.0000000000
93068  -26.190  -37.102  73.734 0.0000000000
93038  -25.800  -37.423  73.897 0.0000000000
91469  -25.278  -37.961  73.899 0.0000000000
89976  -24.340  -38.982  72.549 0.0000000000
126485  -50.079  -17.899  54.838 0.0000000000
126500  -49.474  -18.134  54.098 0.0000000000
126427  -51.305  -16.788  56.536 0.0000000000
126449  -51.551  -16.836  56.034 0.0000000000
126515  -50.866  -17.979  53.103 0.0000000000
126516  -51.407  -17.692  52.866 0.0000000000
127790  -52.131  -16.784  53.041 0.0000000000
126517  -51.966  -17.506  52.664 0.0000000000
126537  -52.426  -18.166  51.263 0.0000000000
127800  -52.699  -17.379  51.653 0.0000000000
130165  -53.039  -15.503  54.081 0.0000000000
130168  -52.792  -15.621  53.397 0.0000000000
131297  -53.107  -14.996  53.676 0.0000000000
80893  -17.473  -44.293  83.927 0.0000000000
80889  -17.385  -44.055  84.974 0.0000000000
79410  -16.746  -45.009  83.737 0.0000000000
103298  -33.914  -31.253  61.713 0.0000000000
104748  -33.647  -30.914  61.276 0.0000000000
122593  -39.298  -20.534  59.618 0.0000000000
122594  -39.839  -20.262  59.503 0.0000000000
123895  -39.878  -20.061  59.929 0.0000000000
117184  -37.756  -23.649  61.998 0.0000000000
117185  -38.215  -23.321  62.277 0.0000000000
118493  -38.473  -22.684  62.156 0.0000000000
118494  -39.016  -22.326  62.193 0.0000000000
119748  -38.622  -21.948  61.727 0.0000000000
119749  -39.251  -21.775  61.924 0.0000000000
121053  -42.006  -21.418  64.251 0.0000000000
121077  -41.277  -21.027  63.382 0.0000000000
122521  -40.989  -20.632  62.738 0.0000000000
122541  -40.158  -20.952  61.792 0.0000000000
122557  -39.933  -20.526  61.143 0.0000000000
122558  -40.354  -20.494  61.524 0.0000000000
125098  -41.701  -19.225  62.236 0.0000000000
123877  -41.122  -19.725  61.658 0.0000000000
125105  -41.531  -19.138  61.299 0.0000000000
127652  -43.661  -18.035  63.482 0.0000000000
127658  -43.193  -17.950  63.088 0.0000000000
127659  -44.116  -17.649  63.021 0.0000000000
127654  -44.913  -17.698  64.103 0.0000000000
82478  -19.028  -42.300  83.313 0.0000000000
85493  -19.379  -42.033  84.272 0.0000000000
84014  -18.918  -42.469  84.308 0.0000000000
84025  -18.598  -42.941  83.879 0.0000000000
84024  -18.452  -43.204  84.075 0.0000000000
82482  -18.370  -43.381  83.522 0.0000000000
79455  -17.061  -45.038  81.013 0.0000000000
79446  -17.497  -44.815  81.566 0.0000000000
78035  -16.547  -45.569  81.006 0.0000000000
80884  -17.185  -44.147  85.786 0.0000000000
82464  -18.090  -43.380  86.932 0.0000000000
82463  -17.611  -43.882  87.106 0.0000000000
80868  -17.615  -44.440  88.678 0.0000000000
80869  -18.032  -43.881  88.278 0.0000000000
80864  -17.956  -43.847  89.115 0.0000000000
82447  -18.417  -42.767  90.433 0.0000000000
82446  -18.146  -43.366  90.489 0.0000000000
76566  -15.389  -46.940  87.683 0.0000000000
77961  -15.910  -46.374  87.909 0.0000000000
76560  -16.059  -46.175  88.838 0.0000000000
79366  -17.482  -44.812  91.103 0.0000000000
79371  -17.495  -45.054  90.468 0.0000000000
80847  -17.495  -44.214  91.485 0.0000000000
82438  -17.869  -43.587  91.572 0.0000000000
82432  -17.645  -43.414  91.958 0.0000000000
82424  -17.527  -42.245  92.586 0.0000000000
80839  -17.030  -43.377  92.439 0.0000000000
79345  -16.195  -43.612  92.613 0.0000000000
80834  -16.378  -42.909  93.011 0.0000000000
80833  -15.979  -43.184  92.996 0.0000000000
80823  -15.934  -42.528  93.355 0.0000000000
205424  -14.262  -46.695  91.480 0.0000000000
77933  -15.223  -46.374  91.481 0.0000000000
85458  -18.933  -41.578  89.016 0.0000000000
106017  -33.389  -30.694  68.155 0.0000000000
106018  -34.339  -30.520  68.008 0.0000000000
106019  -35.232  -30.579  67.914 0.0000000000
93040  -29.451  -36.006  73.416 0.0000000000
93072  -31.222  -36.467  73.455 0.0000000000
105938  -33.747  -30.463  72.053 0.0000000000
105951  -34.046  -30.549  71.271 0.0000000000
105981  -31.950  -30.703  70.003 0.0000000000
105982  -32.746  -30.431  69.910 0.0000000000
106000  -33.049  -30.533  69.005 0.0000000000
92984  -34.070  -36.123  77.087 0.0000000000
91441  -33.456  -36.074  77.010 0.0000000000
91418  -30.909  -36.163  75.681 0.0000000000
93000  -30.444  -36.176  75.309 0.0000000000
93020  -30.266  -36.353  74.988 0.0000000000
126480  -46.492  -18.460  54.947 0.0000000000
112775  -34.959  -26.352  61.298 0.0000000000
111445  -34.622  -27.011  60.868 0.0000000000
111458  -34.825  -27.241  59.844 0.0000000000
118500  -36.193  -23.882  60.678 0.0000000000
82597  -21.668  -42.793  76.579 0.0000000000
82598  -22.125  -42.121  76.922 0.0000000000
81025  -20.810  -42.530  77.390 0.0000000000
81002  -20.622  -42.154  77.838 0.0000000000
80984  -20.138  -41.800  78.178 0.0000000000
81001  -20.135  -42.503  77.625 0.0000000000
80981  -19.102  -43.035  77.849 0.0000000000
79508  -18.317  -44.335  77.200 0.0000000000
103091  -38.033  -30.977  71.354 0.0000000000
103105  -38.006  -30.854  71.068 0.0000000000
103092  -38.668  -31.370  71.253 0.0000000000
101625  -39.225  -32.286  71.043 0.0000000000
100118  -36.008  -33.791  76.969 0.0000000000
100128  -35.734  -33.574  76.677 0.0000000000
100129  -36.336  -33.132  76.767 0.0000000000
103017  -36.725  -32.421  76.271 0.0000000000
103030  -36.986  -32.108  75.862 0.0000000000
104483  -38.647  -31.037  74.336 0.0000000000
104494  -38.911  -31.063  73.696 0.0000000000
104520  -37.051  -31.001  72.820 0.0000000000
100119  -36.444  -33.625  77.196 0.0000000000
127673  -43.504  -17.385  61.520 0.0000000000
126372  -43.299  -17.349  60.790 0.0000000000
128889  -44.120  -17.033  61.202 0.0000000000
128890  -44.741  -16.796  61.018 0.0000000000
130088  -47.668  -15.386  61.957 0.0000000000
130096  -47.134  -15.694  61.232 0.0000000000
130108  -47.139  -15.739  60.595 0.0000000000
128914  -47.131  -15.993  59.447 0.0000000000
128926  -46.974  -16.349  58.753 0.0000000000
127712  -47.249  -16.209  57.922 0.0000000000
127713  -47.651  -15.927  57.656 0.0000000000
127728  -47.882  -16.277  57.132 0.0000000000
127742  -48.525  -16.951  56.569 0.0000000000
128936  -48.427  -15.892  57.380 0.0000000000
130134  -49.127  -15.344  58.683 0.0000000000
107385  -37.088  -29.571  62.483 0.0000000000
107368  -37.489  -29.159  62.217 0.0000000000
111404  -38.472  -28.117  62.684 0.0000000000
112753  -38.155  -27.216  63.370 0.0000000000
112752  -37.451  -26.930  63.301 0.0000000000
112734  -36.992  -27.166  63.200 0.0000000000
114190  -37.924  -26.287  63.523 0.0000000000
114168  -38.354  -25.575  63.483 0.0000000000
115700  -38.153  -25.080  63.035 0.0000000000
89939  -26.153  -38.887  76.644 0.0000000000
89949  -25.982  -38.635  76.134 0.0000000000
88550  -25.305  -39.607  75.576 0.0000000000
88549  -24.824  -40.001  75.097 0.0000000000
131302  -52.791  -15.196  52.068 0.0000000000
131305  -53.070  -15.294  51.274 0.0000000000
132480  -53.207  -14.949  51.702 0.0000000000
131306  -53.477  -15.108  50.818 0.0000000000
132484  -53.869  -14.827  50.548 0.0000000000
83927  -17.274  -41.078  93.582 0.0000000000
104657  -33.062  -31.326  65.721 0.0000000000
103195  -32.239  -31.409  64.888 0.0000000000
103196  -33.350  -31.465  65.276 0.0000000000
103238  -32.606  -32.009  63.825 0.0000000000
103239  -33.179  -32.210  63.889 0.0000000000
101785  -34.119  -32.105  64.484 0.0000000000
101685  -38.383  -31.920  69.182 0.0000000000
101725  -38.107  -32.266  67.665 0.0000000000
100268  -38.096  -32.038  67.122 0.0000000000
98982  -37.775  -33.328  65.882 0.0000000000
99026  -37.882  -32.845  65.050 0.0000000000
100342  -37.461  -32.396  65.299 0.0000000000
100341  -37.691  -31.961  65.041 0.0000000000
100340  -36.983  -31.770  65.009 0.0000000000
100366  -37.195  -31.961  64.918 0.0000000000
100395  -36.873  -31.648  64.348 0.0000000000
100424  -36.989  -31.666  63.854 0.0000000000
101865  -37.247  -32.440  62.954 0.0000000000
101866  -38.230  -32.097  63.870 0.0000000000
103279  -38.481  -31.336  63.636 0.0000000000
104695  -40.083  -30.806  64.102 0.0000000000
94781  -28.665  -37.138  70.219 0.0000000000
98810  -33.585  -33.846  74.512 0.0000000000
96236  -33.249  -34.621  74.247 0.0000000000
98829  -33.116  -33.799  73.792 0.0000000000
98848  -33.011  -33.964  72.917 0.0000000000
100212  -32.062  -33.246  71.481 0.0000000000
98858  -32.306  -33.727  71.939 0.0000000000
94680  -27.432  -36.557  75.775 0.0000000000
94716  -27.407  -36.277  73.867 0.0000000000
94735  -25.951  -37.082  72.660 0.0000000000
93066  -25.050  -37.679  72.435 0.0000000000
91486  -24.791  -38.366  72.079 0.0000000000
91498  -24.951  -38.525  71.277 0.0000000000
126446  -49.803  -17.560  56.257 0.0000000000
126447  -50.382  -17.413  56.099 0.0000000000
126469  -50.561  -17.522  55.486 0.0000000000
126471  -51.723  -16.752  55.468 0.0000000000
127775  -51.685  -16.695  54.701 0.0000000000
128967  -52.408  -16.415  52.696 0.0000000000
128965  -52.916  -16.005  53.853 0.0000000000
130162  -53.130  -15.349  54.685 0.0000000000
78011  -16.578  -45.749  82.264 0.0000000000
79432  -16.583  -45.596  82.611 0.0000000000
106130  -33.979  -30.149  61.718 0.0000000000
106129  -33.563  -30.415  61.042 0.0000000000
121122  -37.969  -21.531  58.991 0.0000000000
122592  -38.504  -21.064  59.209 0.0000000000
122574  -39.226  -20.551  60.407 0.0000000000
117162  -39.515  -23.420  62.930 0.0000000000
118478  -39.840  -23.052  62.864 0.0000000000
122500  -41.644  -20.649  63.545 0.0000000000
123826  -42.277  -20.129  64.008 0.0000000000
123857  -41.574  -20.009  62.822 0.0000000000
123865  -40.986  -20.125  62.022 0.0000000000
125095  -42.064  -19.101  62.940 0.0000000000
126361  -42.129  -18.491  62.713 0.0000000000
126362  -42.487  -18.398  63.121 0.0000000000
126358  -43.283  -18.562  63.859 0.0000000000
205467  -19.809  -42.419  80.344 0.0000000000
84027  -19.810  -41.927  81.081 0.0000000000
84026  -19.785  -41.744  81.890 0.0000000000
82479  -19.264  -42.189  82.640 0.0000000000
80895  -18.711  -42.738  82.284 0.0000000000
80905  -18.041  -43.925  82.617 0.0000000000
80949  -17.689  -44.257  80.977 0.0000000000
79468  -17.225  -44.843  80.529 0.0000000000
79402  -16.088  -45.219  85.526 0.0000000000
80880  -17.051  -44.376  86.789 0.0000000000
79395  -16.343  -45.121  86.406 0.0000000000
79390  -16.947  -44.926  87.547 0.0000000000
79386  -17.139  -44.960  88.306 0.0000000000
76543  -16.152  -46.644  89.554 0.0000000000
76552  -16.251  -46.013  89.230 0.0000000000
76544  -16.437  -46.120  89.649 0.0000000000
77948  -16.760  -45.902  90.281 0.0000000000
79365  -16.959  -45.202  91.198 0.0000000000
79359  -16.890  -44.041  92.080 0.0000000000
77935  -16.302  -44.817  91.872 0.0000000000
77926  -15.856  -44.995  92.017 0.0000000000
77922  -15.877  -44.608  92.183 0.0000000000
103009  -38.545  -31.854  76.739 0.0000000000
104495  -39.640  -31.375  73.645 0.0000000000
128868  -46.201  -16.419  64.289 0.0000000000
128874  -46.137  -16.326  63.544 0.0000000000
130076  -46.689  -15.998  63.936 0.0000000000
130077  -47.258  -15.646  63.604 0.0000000000
131236  -48.426  -14.983  62.107 0.0000000000
131245  -48.891  -14.830  61.564 0.0000000000
130099  -48.903  -14.731  61.180 0.0000000000
108672  -39.248  -29.347  62.379 0.0000000000
108671  -39.047  -28.922  62.101 0.0000000000
110032  -39.118  -28.463  62.247 0.0000000000
114171  -40.340  -25.770  64.103 0.0000000000
89966  -24.389  -39.213  73.319 0.0000000000
88567  -24.296  -39.800  73.752 0.0000000000
86924  -18.934  -40.734  92.256 0.0000000000
85433  -18.629  -41.200  92.440 0.0000000000
104640  -31.959  -31.224  65.927 0.0000000000
104625  -33.255  -31.105  66.774 0.0000000000
104641  -32.777  -31.255  66.117 0.0000000000
104642  -33.579  -31.245  66.058 0.0000000000
103169  -35.123  -31.027  66.388 0.0000000000
101750  -35.402  -31.100  66.040 0.0000000000
100398  -38.837  -32.299  64.669 0.0000000000
94777  -26.470  -36.902  71.015 0.0000000000
94765  -27.407  -36.470  71.474 0.0000000000
94766  -28.041  -36.740  71.511 0.0000000000
94767  -28.666  -36.906  71.135 0.0000000000
93121  -29.690  -37.054  70.992 0.0000000000
104502  -35.159  -31.129  73.808 0.0000000000
103069  -33.748  -32.005  73.639 0.0000000000
104501  -34.050  -31.626  73.667 0.0000000000
104516  -33.225  -31.552  73.045 0.0000000000
105924  -32.862  -31.189  72.469 0.0000000000
101624  -32.179  -32.567  71.961 0.0000000000
101623  -31.951  -32.486  71.673 0.0000000000
105998  -31.436  -30.775  69.402 0.0000000000
94664  -29.922  -35.909  76.127 0.0000000000
94682  -29.165  -35.941  75.279 0.0000000000
93018  -29.253  -36.051  74.538 0.0000000000
94700  -28.682  -35.901  74.296 0.0000000000
94737  -27.221  -35.903  72.971 0.0000000000
126439  -44.318  -18.470  56.407 0.0000000000
127698  -51.276  -15.985  58.422 0.0000000000
126393  -51.346  -16.307  57.387 0.0000000000
127717  -51.570  -16.201  57.968 0.0000000000
126394  -51.837  -16.353  57.563 0.0000000000
128956  -53.576  -15.862  55.870 0.0000000000
110045  -34.121  -28.471  61.615 0.0000000000
108681  -33.863  -28.955  61.304 0.0000000000
110060  -33.858  -28.690  61.089 0.0000000000
121097  -37.664  -21.984  60.844 0.0000000000
119715  -42.135  -22.479  64.312 0.0000000000
121067  -42.045  -21.987  64.275 0.0000000000
121054  -42.306  -21.765  64.495 0.0000000000
122480  -42.483  -20.909  64.784 0.0000000000
122461  -42.830  -20.437  65.040 0.0000000000
123815  -43.227  -20.074  65.348 0.0000000000
123814  -43.021  -19.763  64.826 0.0000000000
125071  -43.387  -19.286  65.073 0.0000000000
126336  -43.810  -18.708  65.115 0.0000000000
81050  -22.440  -41.929  77.204 0.0000000000
81029  -23.113  -42.126  77.574 0.0000000000
80937  -20.501  -42.210  79.745 0.0000000000
80966  -19.933  -41.774  78.959 0.0000000000
80936  -19.874  -42.429  79.989 0.0000000000
205469  -19.660  -42.491  80.275 0.0000000000
79471  -18.568  -43.111  79.903 0.0000000000
79470  -18.035  -43.706  80.214 0.0000000000
79493  -17.844  -44.441  78.731 0.0000000000
75138  -15.479  -47.692  90.467 0.0000000000
105971  -37.589  -30.629  69.990 0.0000000000
104573  -37.984  -31.138  69.475 0.0000000000
103106  -38.495  -31.302  70.657 0.0000000000
103118  -38.333  -31.417  69.809 0.0000000000
101626  -39.585  -32.631  71.217 0.0000000000
93021  -32.646  -36.199  75.563 0.0000000000
93045  -32.136  -36.070  74.522 0.0000000000
93048  -33.068  -35.818  75.184 0.0000000000
96226  -33.349  -34.956  75.491 0.0000000000
98796  -34.131  -34.078  75.365 0.0000000000
100127  -35.048  -33.482  76.207 0.0000000000
100134  -34.892  -33.345  76.047 0.0000000000
100141  -34.308  -33.355  75.380 0.0000000000
101580  -34.922  -32.699  75.431 0.0000000000
103044  -34.958  -32.360  75.052 0.0000000000
104478  -34.737  -32.065  74.613 0.0000000000
104460  -37.648  -31.683  75.719 0.0000000000
104467  -37.182  -31.822  75.488 0.0000000000
104482  -38.102  -30.989  74.640 0.0000000000
104481  -37.305  -31.327  74.803 0.0000000000
104490  -35.776  -31.502  74.304 0.0000000000
104489  -34.916  -31.689  74.269 0.0000000000
104534  -36.459  -30.840  72.470 0.0000000000
105928  -35.966  -30.763  72.577 0.0000000000
94630  -35.070  -35.286  77.835 0.0000000000
92986  -34.507  -35.443  77.081 0.0000000000
93003  -33.659  -35.410  76.445 0.0000000000
125132  -41.549  -18.956  59.696 0.0000000000
123898  -41.833  -18.961  59.079 0.0000000000
123899  -42.239  -18.562  58.740 0.0000000000
125108  -43.325  -17.365  60.148 0.0000000000
125134  -42.967  -17.893  58.927 0.0000000000
123900  -42.664  -18.386  58.402 0.0000000000
128882  -45.501  -16.499  62.253 0.0000000000
128891  -45.565  -16.426  61.280 0.0000000000
128912  -45.453  -16.958  59.609 0.0000000000
127709  -44.784  -17.251  58.218 0.0000000000
127724  -44.517  -17.596  57.718 0.0000000000
126418  -44.487  -17.939  57.015 0.0000000000
127754  -45.225  -17.494  56.689 0.0000000000
127755  -45.619  -17.472  56.405 0.0000000000
126441  -45.867  -17.730  55.908 0.0000000000
127740  -46.691  -17.046  56.903 0.0000000000
126464  -47.023  -17.990  55.377 0.0000000000
126481  -47.198  -18.306  54.858 0.0000000000
126482  -47.958  -18.168  54.872 0.0000000000
126498  -48.090  -18.410  54.225 0.0000000000
126466  -48.592  -17.746  55.544 0.0000000000
126445  -49.238  -17.575  56.301 0.0000000000
127743  -49.331  -17.436  56.584 0.0000000000
127757  -49.523  -17.481  56.626 0.0000000000
127744  -49.846  -17.303  56.563 0.0000000000
127731  -50.268  -16.549  56.895 0.0000000000
127697  -50.851  -15.842  58.156 0.0000000000
131246  -49.384  -14.661  61.281 0.0000000000
131254  -49.587  -14.294  60.505 0.0000000000
131262  -49.922  -14.237  59.870 0.0000000000
130137  -50.930  -14.953  58.955 0.0000000000
128918  -51.206  -15.355  58.736 0.0000000000
128905  -51.655  -15.545  59.516 0.0000000000
106131  -34.683  -29.961  62.358 0.0000000000
108665  -34.581  -28.766  62.171 0.0000000000
108683  -38.242  -28.939  62.018 0.0000000000
108670  -37.878  -28.819  62.160 0.0000000000
108669  -37.347  -28.765  62.431 0.0000000000
108668  -36.666  -28.689  62.653 0.0000000000
108667  -35.933  -28.646  62.855 0.0000000000
108666  -35.176  -28.649  62.712 0.0000000000
110026  -34.554  -28.382  62.049 0.0000000000
112750  -36.014  -26.619  62.718 0.0000000000
112749  -35.344  -26.417  62.002 0.0000000000
114186  -35.523  -26.040  61.941 0.0000000000
114211  -35.785  -25.395  61.746 0.0000000000
115749  -36.397  -24.853  61.835 0.0000000000
117182  -36.561  -24.444  61.681 0.0000000000
117157  -36.775  -24.576  61.970 0.0000000000
117159  -37.600  -24.247  62.290 0.0000000000
117160  -38.439  -24.110  62.685 0.0000000000
117134  -38.771  -24.420  62.971 0.0000000000
117161  -39.141  -23.687  62.875 0.0000000000
115704  -40.890  -24.944  64.183 0.0000000000
117137  -41.164  -24.489  64.247 0.0000000000
115681  -40.894  -24.449  64.147 0.0000000000
117118  -42.368  -24.385  64.470 0.0000000000
117117  -41.625  -24.240  64.337 0.0000000000
117116  -40.992  -24.012  64.101 0.0000000000
118443  -41.402  -23.462  64.145 0.0000000000
119701  -42.618  -22.621  64.512 0.0000000000
87143  -24.226  -40.392  74.750 0.0000000000
87142  -23.795  -41.004  74.552 0.0000000000
87132  -24.041  -40.655  75.026 0.0000000000
87120  -24.011  -40.744  75.174 0.0000000000
84153  -23.781  -41.045  75.743 0.0000000000
84173  -23.404  -41.453  75.927 0.0000000000
82639  -22.725  -42.152  75.823 0.0000000000
84193  -22.082  -42.739  74.584 0.0000000000
82637  -21.522  -43.075  74.857 0.0000000000
82616  -21.640  -42.962  75.768 0.0000000000
133724  -53.927  -13.964  51.927 0.0000000000
133728  -54.010  -14.132  51.591 0.0000000000
101859  -32.632  -32.709  62.238 0.0000000000
106003  -35.889  -30.678  68.501 0.0000000000
104587  -36.398  -30.838  68.088 0.0000000000
103143  -37.450  -31.349  68.209 0.0000000000
103142  -37.058  -31.140  67.900 0.0000000000
104608  -36.237  -30.923  67.599 0.0000000000
103154  -36.027  -31.025  67.059 0.0000000000
101738  -35.957  -31.129  66.523 0.0000000000
101751  -36.015  -31.167  66.125 0.0000000000
100282  -37.973  -31.963  66.584 0.0000000000
101752  -37.024  -31.016  65.923 0.0000000000
101765  -35.947  -31.440  65.534 0.0000000000
101813  -36.522  -31.747  64.791 0.0000000000
101862  -35.300  -31.639  63.227 0.0000000000
104753  -37.444  -30.729  62.954 0.0000000000
101868  -38.868  -31.775  63.953 0.0000000000
103280  -39.015  -31.164  63.830 0.0000000000
104732  -38.971  -30.742  63.547 0.0000000000
106137  -39.002  -29.778  62.596 0.0000000000
107388  -38.899  -29.701  62.420 0.0000000000
93044  -32.058  -36.164  74.084 0.0000000000
93073  -31.703  -36.290  73.557 0.0000000000
93097  -30.976  -36.787  72.621 0.0000000000
94754  -32.925  -35.212  73.603 0.0000000000
93099  -31.975  -36.283  73.088 0.0000000000
93123  -30.783  -37.130  71.687 0.0000000000
93151  -30.663  -37.386  70.616 0.0000000000
101589  -33.139  -32.802  73.580 0.0000000000
100170  -32.924  -33.568  72.899 0.0000000000
98860  -32.782  -34.199  72.448 0.0000000000
98870  -32.254  -34.259  71.853 0.0000000000
97619  -32.506  -35.218  71.450 0.0000000000
94799  -32.566  -35.958  71.464 0.0000000000
91433  -25.632  -38.389  75.073 0.0000000000
91450  -25.295  -38.342  74.555 0.0000000000
93017  -27.040  -36.825  75.273 0.0000000000
94715  -26.730  -36.723  74.139 0.0000000000
94697  -26.781  -36.879  74.797 0.0000000000
89985  -24.464  -39.151  71.527 0.0000000000
126512  -48.869  -18.668  53.380 0.0000000000
126484  -49.395  -17.954  54.884 0.0000000000
126523  -49.199  -18.876  52.933 0.0000000000
126524  -49.643  -18.723  52.692 0.0000000000
126525  -50.267  -18.539  52.409 0.0000000000
126407  -51.034  -16.636  56.890 0.0000000000
126448  -50.966  -17.154  56.041 0.0000000000
126486  -50.704  -17.565  54.755 0.0000000000
126534  -50.558  -18.709  51.902 0.0000000000
126535  -51.058  -18.670  51.700 0.0000000000
126536  -51.776  -18.648  51.499 0.0000000000
128971  -52.682  -16.694  51.211 0.0000000000
130173  -52.649  -15.920  51.611 0.0000000000
130170  -52.551  -15.857  52.388 0.0000000000
131303  -52.665  -15.405  52.537 0.0000000000
131300  -52.909  -15.064  52.834 0.0000000000
132475  -53.962  -14.255  53.848 0.0000000000
84003  -18.544  -42.920  85.341 0.0000000000
83997  -18.447  -42.811  86.358 0.0000000000
82471  -17.649  -43.648  85.460 0.0000000000
80888  -16.900  -44.617  85.035 0.0000000000
79419  -16.333  -45.556  83.147 0.0000000000
79409  -16.091  -45.574  83.963 0.0000000000
79405  -15.796  -45.578  84.746 0.0000000000
107403  -33.526  -29.698  60.265 0.0000000000
123907  -40.898  -20.001  59.323 0.0000000000
118490  -36.629  -23.821  61.273 0.0000000000
118491  -37.199  -23.297  61.358 0.0000000000
119746  -37.411  -22.560  61.144 0.0000000000
121098  -38.231  -21.542  61.003 0.0000000000
121089  -39.852  -21.593  62.206 0.0000000000
122555  -38.711  -21.024  60.730 0.0000000000
122575  -39.534  -20.521  60.770 0.0000000000
123886  -39.737  -20.262  60.508 0.0000000000
123876  -40.664  -19.926  61.222 0.0000000000
123887  -40.290  -19.796  60.436 0.0000000000
125130  -40.621  -19.523  60.181 0.0000000000
125131  -40.975  -19.312  59.985 0.0000000000
126366  -42.422  -18.122  62.278 0.0000000000
127666  -42.995  -17.814  62.295 0.0000000000
127672  -43.006  -17.712  61.788 0.0000000000
127661  -45.321  -17.271  63.792 0.0000000000
86982  -19.318  -41.490  86.083 0.0000000000
86983  -19.506  -41.275  85.453 0.0000000000
85484  -19.267  -41.911  85.318 0.0000000000
84004  -18.823  -42.339  85.773 0.0000000000
82477  -18.200  -43.381  84.307 0.0000000000
82481  -17.929  -43.671  83.982 0.0000000000
79421  -17.269  -44.868  82.701 0.0000000000
80924  -17.688  -44.497  82.085 0.0000000000
79434  -17.374  -44.911  82.142 0.0000000000
79433  -16.937  -45.371  82.298 0.0000000000
79481  -17.226  -44.891  79.887 0.0000000000
83990  -18.845  -42.204  87.648 0.0000000000
83982  -18.878  -42.344  88.489 0.0000000000
83975  -18.689  -42.221  89.134 0.0000000000
80874  -17.934  -43.770  87.585 0.0000000000
82457  -18.255  -43.235  88.667 0.0000000000
83967  -18.620  -42.152  89.701 0.0000000000
82448  -18.678  -42.335  90.410 0.0000000000
83955  -19.076  -42.343  91.557 0.0000000000
83948  -18.487  -42.394  92.027 0.0000000000
77965  -15.810  -46.286  87.322 0.0000000000
77966  -16.255  -45.875  87.682 0.0000000000
79382  -17.088  -44.840  89.048 0.0000000000
77959  -16.692  -45.390  89.262 0.0000000000
79378  -17.235  -44.734  89.752 0.0000000000
79379  -17.614  -44.281  89.910 0.0000000000
82439  -18.208  -43.409  91.296 0.0000000000
82434  -18.221  -42.633  92.074 0.0000000000
82425  -17.912  -42.134  92.452 0.0000000000
83939  -17.837  -41.562  92.855 0.0000000000
83930  -17.372  -41.461  93.224 0.0000000000
83929  -17.198  -41.712  93.179 0.0000000000
80835  -16.752  -42.951  92.823 0.0000000000
80829  -16.575  -42.581  93.088 0.0000000000
82414  -16.748  -41.871  93.331 0.0000000000
82413  -16.306  -41.950  93.478 0.0000000000
75137  -15.140  -47.507  90.729 0.0000000000
72451  -14.425  -47.725  91.230 0.0000000000
76532  -15.024  -46.844  91.051 0.0000000000
75132  -14.958  -47.795  90.825 0.0000000000
75136  -14.870  -47.612  90.896 0.0000000000
76539  -16.426  -46.333  89.966 0.0000000000
76545  -16.536  -45.719  89.556 0.0000000000
76553  -16.427  -45.725  89.360 0.0000000000
76559  -15.820  -46.692  88.417 0.0000000000
76570  -15.473  -46.771  87.016 0.0000000000
77923  -15.994  -44.086  92.424 0.0000000000
77927  -16.220  -44.196  92.289 0.0000000000
77928  -16.365  -43.995  92.326 0.0000000000
77936  -16.448  -44.423  92.059 0.0000000000
77942  -15.612  -46.653  91.188 0.0000000000
77943  -16.219  -46.455  90.736 0.0000000000
77944  -16.628  -45.911  90.879 0.0000000000
77954  -16.668  -45.813  89.736 0.0000000000
77955  -16.882  -45.485  89.793 0.0000000000
77958  -16.259  -45.735  88.929 0.0000000000
77962  -16.205  -45.962  88.394 0.0000000000
77967  -16.693  -45.475  88.024 0.0000000000
77971  -16.563  -45.387  87.438 0.0000000000
79346  -16.483  -43.276  92.746 0.0000000000
79351  -16.306  -43.814  92.451 0.0000000000
79352  -16.579  -43.647  92.472 0.0000000000
79356  -15.821  -46.231  91.417 0.0000000000
79358  -16.736  -44.528  91.804 0.0000000000
79370  -17.096  -45.427  90.595 0.0000000000
79372  -17.664  -44.478  90.068 0.0000000000
79396  -16.624  -45.017  86.962 0.0000000000
79406  -16.413  -45.106  84.562 0.0000000000
79411  -17.199  -44.765  83.272 0.0000000000
79456  -17.503  -44.599  81.015 0.0000000000
79496  -19.616  -42.177  78.457 0.0000000000
80841  -17.159  -44.135  91.846 0.0000000000
80846  -17.072  -44.397  91.685 0.0000000000
80848  -17.892  -43.955  91.185 0.0000000000
80852  -17.756  -44.473  90.990 0.0000000000
80858  -17.631  -44.466  89.944 0.0000000000
80859  -17.855  -44.002  89.900 0.0000000000
80879  -16.656  -44.764  86.565 0.0000000000
80904  -17.534  -44.479  83.013 0.0000000000
80915  -17.606  -44.548  82.521 0.0000000000
80925  -20.806  -42.326  79.717 0.0000000000
80951  -19.563  -42.372  79.689 0.0000000000
80952  -19.983  -42.205  79.720 0.0000000000
80982  -19.583  -42.550  77.988 0.0000000000
80983  -19.860  -42.188  77.986 0.0000000000
81003  -21.172  -41.969  77.982 0.0000000000
81027  -21.921  -42.026  77.478 0.0000000000
81049  -22.182  -41.990  77.209 0.0000000000
82408  -16.043  -41.688  93.855 0.0000000000
82415  -16.557  -42.241  93.240 0.0000000000
82416  -16.940  -42.181  93.075 0.0000000000
82417  -17.289  -42.054  92.895 0.0000000000
82428  -17.403  -43.045  92.345 0.0000000000
82430  -18.131  -42.431  92.221 0.0000000000
82433  -18.045  -43.011  91.920 0.0000000000
82440  -18.630  -42.997  91.037 0.0000000000
82441  -18.851  -42.621  90.842 0.0000000000
82452  -18.458  -42.445  89.949 0.0000000000
82453  -18.671  -42.186  90.028 0.0000000000
82468  -17.552  -43.707  86.355 0.0000000000
82472  -18.137  -43.330  85.042 0.0000000000
82483  -18.793  -42.650  82.882 0.0000000000
82485  -19.937  -42.075  80.574 0.0000000000
82494  -18.595  -42.862  82.470 0.0000000000
82513  -21.092  -42.387  80.087 0.0000000000
82581  -20.447  -43.337  76.532 0.0000000000
82583  -21.442  -42.435  77.112 0.0000000000
83925  -16.419  -41.420  93.786 0.0000000000
83931  -17.733  -41.212  93.166 0.0000000000
83938  -17.508  -41.824  92.902 0.0000000000
83944  -18.148  -41.951  92.431 0.0000000000
83945  -18.407  -41.744  92.364 0.0000000000
83947  -18.262  -42.791  91.900 0.0000000000
83949  -18.708  -41.817  92.157 0.0000000000
83953  -18.225  -43.017  91.706 0.0000000000
83956  -19.194  -41.958  91.454 0.0000000000
83961  -19.050  -42.250  90.795 0.0000000000
83962  -19.303  -41.921  91.152 0.0000000000
83966  -18.428  -42.443  89.458 0.0000000000
83968  -18.831  -42.003  90.209 0.0000000000
83974  -18.459  -42.627  88.922 0.0000000000
83976  -18.798  -42.091  89.578 0.0000000000
83981  -18.464  -42.687  88.162 0.0000000000
83983  -19.084  -42.266  88.702 0.0000000000
83989  -18.398  -42.722  87.307 0.0000000000
83991  -19.255  -42.061  88.141 0.0000000000
83998  -18.671  -42.219  86.787 0.0000000000
84152  -23.879  -40.888  75.444 0.0000000000
84195  -22.851  -42.001  75.810 0.0000000000
84235  -24.357  -42.194  72.898 0.0000000000
85417  -17.616  -40.734  93.587 0.0000000000
85418  -17.957  -40.168  93.704 0.0000000000
85429  -18.319  -41.020  92.955 0.0000000000
85432  -18.263  -41.514  92.557 0.0000000000
85436  -18.939  -41.499  92.012 0.0000000000
85437  -18.989  -41.167  91.810 0.0000000000
85441  -19.080  -41.350  91.395 0.0000000000
85442  -18.993  -40.987  91.015 0.0000000000
85446  -19.093  -41.583  91.234 0.0000000000
85447  -19.280  -40.983  90.952 0.0000000000
85452  -18.823  -41.872  89.877 0.0000000000
85454  -19.822  -40.923  90.861 0.0000000000
85471  -19.327  -41.720  87.360 0.0000000000
85654  -23.917  -40.867  75.559 0.0000000000
85672  -23.811  -40.880  75.146 0.0000000000
85684  -23.439  -41.395  74.843 0.0000000000
85685  -23.557  -41.320  74.575 0.0000000000
85703  -24.002  -41.607  73.857 0.0000000000
86911  -17.996  -39.856  93.835 0.0000000000
86921  -18.727  -40.589  92.672 0.0000000000
86925  -19.038  -40.719  91.929 0.0000000000
86929  -19.084  -40.883  92.060 0.0000000000
86935  -18.824  -40.678  91.203 0.0000000000
86942  -19.639  -41.036  90.070 0.0000000000
86943  -19.931  -40.974  90.249 0.0000000000
86944  -20.080  -40.912  90.117 0.0000000000
86945  -19.701  -39.994  90.979 0.0000000000
86950  -19.917  -40.957  90.011 0.0000000000
86951  -19.629  -41.072  89.894 0.0000000000
86952  -20.333  -40.791  90.175 0.0000000000
86959  -19.829  -40.055  89.841 0.0000000000
86960  -19.460  -39.991  90.017 0.0000000000
86975  -19.332  -41.486  86.503 0.0000000000
86976  -19.532  -41.162  86.659 0.0000000000
87131  -23.723  -40.990  74.925 0.0000000000
88377  -18.938  -40.104  92.433 0.0000000000
88382  -18.826  -39.965  92.108 0.0000000000
88386  -18.886  -40.243  91.367 0.0000000000
88387  -18.911  -40.174  91.108 0.0000000000
88391  -19.890  -40.953  89.888 0.0000000000
88392  -19.961  -40.800  90.138 0.0000000000
88393  -19.932  -40.906  89.919 0.0000000000
88394  -19.113  -40.032  91.080 0.0000000000
88397  -19.703  -41.038  89.922 0.0000000000
88398  -19.779  -41.029  89.704 0.0000000000
88399  -19.621  -40.558  89.697 0.0000000000
88405  -19.121  -40.062  89.431 0.0000000000
89823  -18.965  -39.913  91.015 0.0000000000
91198  -18.912  -39.207  91.435 0.0000000000
91199  -18.950  -39.491  91.155 0.0000000000
91379  -31.881  -36.337  77.084 0.0000000000
91401  -32.141  -36.324  76.735 0.0000000000
91403  -33.110  -36.331  77.249 0.0000000000
91421  -32.333  -36.306  76.453 0.0000000000
91423  -33.285  -36.240  77.006 0.0000000000
91435  -30.835  -36.298  75.292 0.0000000000
91437  -31.629  -36.204  75.696 0.0000000000
91439  -32.482  -36.308  75.858 0.0000000000
91440  -33.069  -36.222  76.463 0.0000000000
91452  -30.221  -36.464  74.795 0.0000000000
91454  -30.836  -36.447  75.054 0.0000000000
91456  -31.860  -36.239  75.303 0.0000000000
91458  -32.724  -36.266  75.869 0.0000000000
91470  -25.792  -37.601  74.248 0.0000000000
91471  -30.280  -36.533  74.488 0.0000000000
91475  -32.035  -36.208  74.871 0.0000000000
91476  -32.247  -36.152  74.997 0.0000000000
91488  -30.825  -36.489  73.848 0.0000000000
92967  -34.649  -35.591  77.473 0.0000000000
92983  -31.244  -36.068  76.466 0.0000000000
92985  -34.059  -35.698  76.980 0.0000000000
93001  -33.219  -36.080  76.329 0.0000000000
93022  -33.075  -36.077  75.849 0.0000000000
93023  -33.281  -35.969  76.018 0.0000000000
93043  -31.558  -36.339  74.015 0.0000000000
93046  -32.527  -36.051  75.034 0.0000000000
93047  -32.912  -35.806  75.073 0.0000000000
93071  -30.649  -36.513  73.269 0.0000000000
93074  -32.010  -36.093  73.821 0.0000000000
93076  -32.542  -35.795  74.747 0.0000000000
93093  -25.508  -37.262  72.267 0.0000000000
93098  -31.537  -36.608  72.852 0.0000000000
93101  -32.540  -35.601  73.912 0.0000000000
93127  -32.548  -35.693  73.205 0.0000000000
93154  -32.330  -36.535  71.753 0.0000000000
93182  -32.153  -36.772  71.050 0.0000000000
94648  -34.890  -35.231  77.565 0.0000000000
94660  -26.816  -36.839  76.442 0.0000000000
94666  -34.218  -35.289  76.642 0.0000000000
94667  -34.677  -35.006  77.044 0.0000000000
94679  -26.989  -36.761  76.066 0.0000000000
94683  -29.670  -35.826  75.613 0.0000000000
94684  -33.852  -35.061  76.092 0.0000000000
94701  -33.369  -35.392  75.579 0.0000000000
94702  -33.472  -35.104  75.640 0.0000000000
94720  -33.129  -35.230  75.050 0.0000000000
94721  -32.965  -35.016  75.140 0.0000000000
94740  -32.816  -35.322  74.433 0.0000000000
94755  -33.037  -35.137  73.933 0.0000000000
94764  -26.853  -36.594  71.518 0.0000000000
94769  -32.692  -35.665  72.485 0.0000000000
94783  -32.680  -35.754  71.822 0.0000000000
96175  -34.932  -34.786  77.212 0.0000000000
96176  -35.190  -34.941  77.557 0.0000000000
96213  -33.751  -34.729  75.550 0.0000000000
96214  -33.842  -34.751  75.922 0.0000000000
96235  -33.429  -34.311  74.130 0.0000000000
96237  -33.050  -35.114  74.665 0.0000000000
96245  -33.311  -34.212  73.764 0.0000000000
96247  -32.940  -34.923  73.975 0.0000000000
96261  -32.795  -35.317  71.951 0.0000000000
96271  -32.543  -35.663  71.400 0.0000000000
97507  -35.387  -34.460  77.328 0.0000000000
97518  -34.984  -34.094  76.896 0.0000000000
97519  -34.745  -34.551  76.876 0.0000000000
97534  -34.588  -34.306  76.401 0.0000000000
97535  -34.410  -34.711  76.326 0.0000000000
97551  -34.198  -34.468  75.745 0.0000000000
97569  -33.613  -33.863  74.674 0.0000000000
97584  -33.413  -34.141  74.082 0.0000000000
97585  -33.415  -34.092  74.286 0.0000000000
97586  -33.374  -34.567  74.698 0.0000000000
97594  -33.180  -34.251  73.901 0.0000000000
97595  -33.147  -34.112  73.559 0.0000000000
97602  -33.079  -34.422  72.853 0.0000000000
97610  -32.582  -34.688  71.993 0.0000000000
97618  -32.224  -34.993  71.076 0.0000000000
98778  -36.188  -34.065  77.394 0.0000000000
98783  -34.721  -33.714  76.027 0.0000000000
98785  -35.394  -33.890  76.843 0.0000000000
98787  -34.396  -33.769  75.570 0.0000000000
98795  -34.029  -33.745  75.111 0.0000000000
98811  -33.902  -33.986  74.920 0.0000000000
98871  -32.501  -34.300  72.164 0.0000000000
98981  -37.336  -33.145  65.897 0.0000000000
99004  -37.402  -33.156  65.366 0.0000000000
100126  -34.849  -33.507  76.034 0.0000000000
100135  -35.067  -33.213  75.913 0.0000000000
100148  -33.042  -32.844  73.373 0.0000000000
100169  -32.862  -33.102  73.075 0.0000000000
100192  -32.479  -33.125  72.372 0.0000000000
100193  -32.651  -33.581  72.537 0.0000000000
100194  -32.823  -33.866  72.611 0.0000000000
100393  -35.988  -31.808  64.104 0.0000000000
100423  -36.578  -31.611  63.912 0.0000000000
101545  -37.090  -32.972  77.571 0.0000000000
101562  -35.514  -33.148  76.156 0.0000000000
101564  -36.494  -32.772  76.621 0.0000000000
101572  -35.333  -32.861  75.735 0.0000000000
101579  -34.277  -32.746  75.186 0.0000000000
101582  -33.521  -32.719  73.942 0.0000000000
101588  -32.902  -32.554  73.267 0.0000000000
101603  -32.625  -32.686  72.837 0.0000000000
101641  -31.805  -32.670  71.365 0.0000000000
101642  -32.027  -32.821  71.610 0.0000000000
101684  -38.086  -31.722  68.861 0.0000000000
101722  -35.986  -31.086  67.075 0.0000000000
101737  -35.511  -31.080  66.278 0.0000000000
101809  -32.789  -32.218  63.350 0.0000000000
101840  -38.819  -32.003  64.318 0.0000000000
103029  -36.551  -32.178  75.624 0.0000000000
103045  -35.719  -32.267  75.182 0.0000000000
103046  -36.163  -32.220  75.349 0.0000000000
103057  -33.506  -32.405  73.730 0.0000000000
103058  -33.908  -32.306  74.024 0.0000000000
103078  -32.896  -31.962  73.134 0.0000000000
103089  -31.861  -32.254  71.653 0.0000000000
103090  -32.053  -31.938  72.005 0.0000000000
103102  -31.212  -31.871  70.753 0.0000000000
103103  -31.492  -32.095  71.183 0.0000000000
103130  -38.165  -31.497  69.350 0.0000000000
103168  -34.294  -31.092  66.084 0.0000000000
103240  -37.895  -31.170  63.867 0.0000000000
103241  -37.796  -31.990  64.225 0.0000000000
103260  -37.859  -32.165  63.401 0.0000000000
103261  -37.825  -31.889  63.484 0.0000000000
103276  -37.622  -32.047  63.550 0.0000000000
103277  -37.599  -32.271  63.454 0.0000000000
104459  -37.437  -31.827  75.758 0.0000000000
104477  -34.490  -32.160  74.509 0.0000000000
104500  -33.519  -31.781  73.373 0.0000000000
104515  -32.734  -31.555  72.632 0.0000000000
104533  -32.418  -31.522  72.240 0.0000000000
104545  -31.360  -31.674  70.728 0.0000000000
104558  -31.346  -31.499  70.460 0.0000000000
104559  -31.916  -31.360  70.842 0.0000000000
104560  -32.206  -31.326  71.008 0.0000000000
104561  -37.616  -30.758  69.633 0.0000000000
104570  -30.783  -31.443  69.632 0.0000000000
104609  -36.725  -30.972  67.848 0.0000000000
104693  -38.114  -32.006  63.940 0.0000000000
104712  -38.012  -31.907  63.376 0.0000000000
104728  -37.911  -31.925  62.764 0.0000000000
105919  -35.173  -30.805  73.391 0.0000000000
105949  -32.686  -31.019  71.536 0.0000000000
105964  -31.765  -31.137  70.419 0.0000000000
105970  -37.090  -30.622  69.884 0.0000000000
105980  -31.439  -31.099  70.060 0.0000000000
105987  -37.185  -30.761  69.332 0.0000000000
106004  -36.584  -30.796  68.569 0.0000000000
106020  -35.865  -30.773  67.867 0.0000000000
106098  -37.807  -31.756  63.700 0.0000000000
106114  -37.973  -30.901  63.096 0.0000000000
107365  -35.500  -29.060  62.775 0.0000000000
108698  -33.682  -29.119  60.757 0.0000000000
110027  -34.914  -28.220  62.386 0.0000000000
110044  -33.909  -28.709  61.353 0.0000000000
111382  -36.716  -27.432  63.088 0.0000000000
112733  -36.519  -27.106  63.082 0.0000000000
112735  -37.319  -27.365  63.171 0.0000000000
114165  -37.032  -25.478  62.744 0.0000000000
114166  -37.258  -25.517  62.912 0.0000000000
114167  -37.761  -25.567  63.248 0.0000000000
115701  -38.733  -24.845  63.115 0.0000000000
115723  -36.233  -25.240  62.024 0.0000000000
115727  -38.344  -24.677  62.872 0.0000000000
115748  -36.007  -24.874  61.506 0.0000000000
117158  -37.018  -24.456  62.065 0.0000000000
117181  -36.151  -24.506  61.326 0.0000000000
117198  -35.517  -24.699  60.810 0.0000000000
117212  -35.736  -24.379  60.182 0.0000000000
119766  -36.468  -23.256  59.953 0.0000000000
121100  -39.580  -21.183  61.549 0.0000000000
122481  -42.785  -20.959  65.145 0.0000000000
122591  -38.201  -21.257  59.244 0.0000000000
123856  -41.202  -20.117  62.437 0.0000000000
123885  -39.487  -20.373  60.358 0.0000000000
123896  -40.571  -19.686  59.818 0.0000000000
125070  -43.172  -19.385  64.685 0.0000000000
125093  -43.036  -19.077  64.101 0.0000000000
125104  -41.039  -19.406  60.848 0.0000000000
125109  -43.688  -17.250  60.042 0.0000000000
125110  -43.927  -17.077  59.964 0.0000000000
125123  -43.740  -17.269  59.823 0.0000000000
125133  -42.071  -18.421  59.371 0.0000000000
125135  -42.981  -17.698  59.025 0.0000000000
126363  -42.899  -18.344  63.437 0.0000000000
126365  -41.942  -18.638  62.320 0.0000000000
126367  -42.780  -17.844  61.945 0.0000000000
126374  -43.932  -17.208  60.050 0.0000000000
126377  -43.927  -17.256  59.802 0.0000000000
126392  -43.666  -17.757  58.262 0.0000000000
126419  -44.913  -17.670  56.780 0.0000000000
126424  -49.388  -17.670  56.505 0.0000000000
126472  -52.277  -16.432  55.554 0.0000000000
126479  -45.851  -18.709  55.072 0.0000000000
126488  -51.862  -16.637  55.036 0.0000000000
127665  -42.616  -18.029  62.629 0.0000000000
127674  -44.134  -17.106  60.570 0.0000000000
127675  -44.014  -17.156  60.274 0.0000000000
127682  -44.729  -17.045  59.808 0.0000000000
127684  -51.543  -15.744  58.932 0.0000000000
127692  -44.436  -17.313  58.504 0.0000000000
127696  -50.392  -15.827  57.938 0.0000000000
127699  -51.765  -16.094  58.556 0.0000000000
127715  -50.595  -16.098  57.511 0.0000000000
127732  -50.814  -16.380  57.151 0.0000000000
127737  -44.591  -17.680  57.333 0.0000000000
127738  -44.931  -17.479  57.140 0.0000000000
127756  -49.541  -17.676  56.741 0.0000000000
127768  -52.552  -16.276  55.589 0.0000000000
127783  -51.684  -16.785  54.368 0.0000000000
128880  -44.176  -17.048  61.724 0.0000000000
128899  -44.946  -16.922  60.164 0.0000000000
128902  -47.311  -15.715  60.117 0.0000000000
128903  -47.735  -15.512  60.107 0.0000000000
128904  -51.469  -15.479  59.124 0.0000000000
128916  -50.335  -15.567  58.161 0.0000000000
128919  -51.428  -15.290  59.287 0.0000000000
128928  -48.830  -15.592  57.979 0.0000000000
128931  -50.796  -15.089  58.541 0.0000000000
128961  -52.657  -16.306  54.028 0.0000000000
130098  -48.503  -15.022  61.197 0.0000000000
130112  -51.057  -14.642  59.763 0.0000000000
130124  -50.756  -14.698  59.412 0.0000000000
130125  -51.206  -14.965  59.393 0.0000000000
130136  -50.498  -14.886  58.847 0.0000000000
130167  -52.521  -15.936  52.969 0.0000000000
131257  -51.280  -14.656  60.435 0.0000000000
132473  -53.260  -14.712  52.538 0.0000000000
132477  -53.255  -14.769  52.056 0.0000000000
132482  -54.290  -14.340  51.187 0.0000000000
205470  -20.894  -42.269  80.159 0.0000000000
205471  -20.393  -42.012  80.151 0.0000000000
205560  -37.620  -31.998  63.844 0.0000000000
