#!ascii label  , from subject sub-36 vox2ras=TkReg
1417
94894  -38.022  -37.597  66.205 0.0000000000
81168  -25.742  -44.492  70.229 0.0000000000
87264  -32.026  -40.934  67.804 0.0000000000
126510  -47.613  -18.756  53.700 0.0000000000
126550  -52.714  -18.740  49.844 0.0000000000
82594  -19.879  -43.681  75.842 0.0000000000
126439  -44.318  -18.470  56.407 0.0000000000
93322  -40.472  -38.181  64.210 0.0000000000
91600  -34.222  -38.849  66.571 0.0000000000
81137  -22.075  -44.474  72.476 0.0000000000
75377  -22.008  -47.220  76.055 0.0000000000
100316  -30.237  -34.058  65.497 0.0000000000
96420  -32.111  -36.381  61.639 0.0000000000
88620  -28.230  -40.859  69.180 0.0000000000
97624  -31.711  -34.982  69.239 0.0000000000
117239  -39.255  -24.607  56.653 0.0000000000
119835  -42.428  -22.699  55.039 0.0000000000
119866  -46.471  -23.166  53.921 0.0000000000
75267  -15.867  -47.571  80.425 0.0000000000
75173  -15.443  -47.346  85.822 0.0000000000
97779  -35.839  -35.167  59.502 0.0000000000
104789  -36.689  -31.377  58.086 0.0000000000
112824  -37.700  -27.163  58.124 0.0000000000
74000  -18.246  -48.453  77.253 0.0000000000
78166  -26.277  -46.602  73.084 0.0000000000
78187  -28.467  -46.120  72.611 0.0000000000
96295  -35.895  -38.070  66.502 0.0000000000
85740  -24.505  -41.830  71.390 0.0000000000
79657  -24.101  -45.385  70.959 0.0000000000
78163  -23.636  -46.081  73.418 0.0000000000
104603  -31.497  -30.842  67.681 0.0000000000
98907  -31.331  -34.448  67.853 0.0000000000
121156  -39.348  -21.215  57.257 0.0000000000
118549  -40.538  -23.667  55.836 0.0000000000
122637  -41.265  -20.793  57.200 0.0000000000
123959  -44.417  -20.180  54.728 0.0000000000
123969  -46.400  -20.220  53.276 0.0000000000
119893  -48.296  -22.625  53.537 0.0000000000
122686  -48.319  -20.839  52.368 0.0000000000
121260  -49.993  -21.783  51.635 0.0000000000
100422  -32.847  -32.804  61.945 0.0000000000
96438  -33.965  -36.481  60.347 0.0000000000
101884  -33.172  -32.060  61.262 0.0000000000
107413  -34.441  -29.750  59.029 0.0000000000
110080  -35.103  -28.218  59.119 0.0000000000
108720  -37.197  -29.186  58.002 0.0000000000
114255  -35.674  -25.684  59.137 0.0000000000
117227  -36.717  -24.203  58.217 0.0000000000
88631  -29.583  -40.903  68.337 0.0000000000
79506  -17.402  -45.131  78.359 0.0000000000
78112  -17.973  -45.659  76.113 0.0000000000
71182  -15.069  -50.008  86.650 0.0000000000
71160  -15.058  -49.920  88.858 0.0000000000
123910  -42.396  -18.815  58.220 0.0000000000
93342  -41.622  -37.613  63.529 0.0000000000
88659  -33.666  -39.991  66.809 0.0000000000
81093  -20.710  -44.171  73.986 0.0000000000
78140  -19.656  -45.860  74.478 0.0000000000
78143  -21.630  -46.236  74.121 0.0000000000
128990  -54.048  -17.309  48.458 0.0000000000
96336  -34.467  -37.312  64.708 0.0000000000
94931  -34.273  -38.197  63.798 0.0000000000
99025  -30.425  -34.396  63.605 0.0000000000
87227  -25.329  -41.047  69.912 0.0000000000
84300  -27.205  -42.820  69.814 0.0000000000
91530  -26.517  -38.779  69.512 0.0000000000
93201  -28.232  -38.573  68.946 0.0000000000
93226  -30.261  -38.087  68.010 0.0000000000
94797  -31.853  -36.411  70.194 0.0000000000
91566  -31.620  -38.326  67.096 0.0000000000
94852  -32.548  -37.956  66.493 0.0000000000
97645  -33.700  -36.703  66.501 0.0000000000
112842  -40.793  -27.024  58.290 0.0000000000
122649  -42.968  -20.233  55.760 0.0000000000
118575  -44.489  -23.340  54.437 0.0000000000
121277  -51.534  -21.584  50.755 0.0000000000
75217  -15.546  -47.445  83.154 0.0000000000
72525  -14.923  -49.888  84.263 0.0000000000
94976  -35.982  -38.262  61.801 0.0000000000
95000  -38.016  -37.300  61.242 0.0000000000
96444  -38.830  -35.804  60.482 0.0000000000
104778  -33.368  -31.060  59.758 0.0000000000
100482  -36.199  -33.109  58.668 0.0000000000
100454  -39.857  -34.465  60.069 0.0000000000
101931  -40.219  -32.817  59.198 0.0000000000
106174  -40.273  -30.660  58.818 0.0000000000
108733  -40.585  -28.690  58.133 0.0000000000
115826  -38.255  -25.427  57.455 0.0000000000
119784  -37.958  -22.598  57.666 0.0000000000
84257  -29.099  -43.403  71.903 0.0000000000
78048  -16.689  -45.332  80.243 0.0000000000
73987  -16.942  -48.151  78.430 0.0000000000
75358  -19.553  -47.399  76.104 0.0000000000
71141  -13.940  -49.576  91.172 0.0000000000
78206  -26.081  -45.828  71.670 0.0000000000
78186  -27.504  -46.172  72.322 0.0000000000
79661  -27.236  -45.204  71.056 0.0000000000
96308  -36.525  -37.706  66.262 0.0000000000
84298  -24.923  -42.784  70.588 0.0000000000
82710  -24.574  -43.753  70.877 0.0000000000
79658  -24.965  -45.186  70.764 0.0000000000
78205  -25.081  -45.965  71.669 0.0000000000
122621  -40.198  -20.545  57.994 0.0000000000
122636  -40.427  -20.824  57.197 0.0000000000
122609  -41.663  -20.022  58.589 0.0000000000
126496  -46.555  -18.719  54.353 0.0000000000
125199  -45.884  -19.428  54.052 0.0000000000
125206  -46.769  -19.537  53.335 0.0000000000
122684  -47.145  -20.869  52.898 0.0000000000
123971  -47.553  -20.058  52.784 0.0000000000
123976  -48.679  -20.087  52.297 0.0000000000
100442  -32.858  -32.980  61.437 0.0000000000
111457  -34.401  -27.803  59.983 0.0000000000
111469  -35.631  -27.378  58.979 0.0000000000
115785  -35.414  -24.975  60.172 0.0000000000
117212  -35.736  -24.379  60.182 0.0000000000
88642  -30.504  -40.417  67.612 0.0000000000
87250  -30.637  -41.268  68.945 0.0000000000
87252  -32.018  -41.404  68.663 0.0000000000
79508  -18.317  -44.335  77.200 0.0000000000
81047  -18.769  -44.627  75.601 0.0000000000
125234  -52.934  -19.668  49.525 0.0000000000
71170  -15.562  -49.719  87.747 0.0000000000
93286  -41.156  -38.331  65.826 0.0000000000
93323  -41.448  -38.043  64.098 0.0000000000
91584  -33.951  -39.281  66.724 0.0000000000
91567  -34.852  -39.301  67.603 0.0000000000
82694  -22.968  -43.836  72.244 0.0000000000
82673  -21.984  -43.245  72.782 0.0000000000
84213  -21.859  -43.060  73.947 0.0000000000
81124  -21.248  -44.340  73.100 0.0000000000
79593  -20.856  -45.126  73.525 0.0000000000
78180  -22.010  -45.765  72.586 0.0000000000
76752  -24.884  -46.808  74.525 0.0000000000
76751  -23.914  -46.619  74.409 0.0000000000
98980  -32.428  -35.378  64.970 0.0000000000
97692  -32.460  -36.047  63.921 0.0000000000
99001  -30.518  -34.394  64.438 0.0000000000
90005  -25.277  -39.425  70.148 0.0000000000
90012  -25.797  -39.575  69.725 0.0000000000
91518  -26.126  -38.413  69.930 0.0000000000
94795  -28.219  -37.389  69.782 0.0000000000
93176  -29.030  -37.795  69.038 0.0000000000
93224  -29.588  -38.715  67.865 0.0000000000
93204  -29.951  -37.844  68.466 0.0000000000
98868  -31.815  -33.780  70.676 0.0000000000
94811  -31.575  -36.389  69.446 0.0000000000
93207  -31.180  -37.009  68.876 0.0000000000
94824  -31.438  -36.887  68.131 0.0000000000
93243  -32.301  -38.178  66.648 0.0000000000
96286  -31.693  -36.235  68.188 0.0000000000
100280  -30.526  -34.115  66.765 0.0000000000
98923  -32.347  -35.287  67.093 0.0000000000
98959  -32.358  -35.112  65.711 0.0000000000
97656  -33.832  -36.141  65.701 0.0000000000
115828  -39.809  -25.646  57.625 0.0000000000
114277  -41.453  -26.376  58.084 0.0000000000
115868  -40.250  -25.080  56.477 0.0000000000
118558  -41.589  -23.145  55.244 0.0000000000
117254  -42.004  -24.623  55.614 0.0000000000
125151  -43.190  -18.398  57.344 0.0000000000
122625  -42.532  -19.560  56.883 0.0000000000
125169  -43.359  -19.063  56.352 0.0000000000
121236  -44.900  -21.754  53.720 0.0000000000
121230  -44.177  -22.152  54.401 0.0000000000
118576  -45.130  -23.317  54.185 0.0000000000
117268  -45.998  -24.274  55.286 0.0000000000
121268  -50.843  -21.719  51.209 0.0000000000
123991  -50.821  -20.400  50.933 0.0000000000
123992  -51.405  -20.293  50.827 0.0000000000
78021  -16.134  -46.451  81.610 0.0000000000
77997  -15.869  -46.187  83.342 0.0000000000
75232  -15.530  -47.760  81.791 0.0000000000
71217  -15.253  -50.088  83.100 0.0000000000
68377  -14.921  -51.791  85.223 0.0000000000
94949  -33.029  -37.290  62.528 0.0000000000
93371  -35.416  -38.372  63.040 0.0000000000
94995  -33.366  -37.529  61.571 0.0000000000
97765  -34.151  -35.553  59.742 0.0000000000
96424  -35.556  -37.259  60.567 0.0000000000
96441  -36.787  -36.450  60.212 0.0000000000
95001  -38.722  -36.872  61.302 0.0000000000
97768  -37.052  -35.783  60.010 0.0000000000
106153  -33.419  -30.357  60.413 0.0000000000
106168  -35.500  -30.531  58.325 0.0000000000
103339  -35.481  -31.846  58.515 0.0000000000
101926  -36.565  -32.657  58.580 0.0000000000
100468  -38.022  -34.105  59.039 0.0000000000
101928  -38.261  -33.066  58.723 0.0000000000
101910  -39.381  -33.391  59.203 0.0000000000
103343  -38.718  -32.279  58.496 0.0000000000
110083  -37.692  -28.452  58.033 0.0000000000
107426  -38.233  -30.063  58.086 0.0000000000
110084  -38.514  -28.538  58.029 0.0000000000
108724  -40.327  -29.237  58.282 0.0000000000
110097  -39.050  -28.260  58.018 0.0000000000
112839  -38.947  -26.800  57.936 0.0000000000
112838  -38.083  -26.696  57.984 0.0000000000
119767  -36.792  -22.901  59.615 0.0000000000
118517  -37.185  -23.187  58.404 0.0000000000
121122  -37.969  -21.531  58.991 0.0000000000
87210  -27.779  -41.955  70.240 0.0000000000
84276  -28.504  -43.300  70.846 0.0000000000
87190  -28.963  -42.475  70.846 0.0000000000
76694  -17.251  -46.664  77.261 0.0000000000
76675  -16.562  -46.658  78.580 0.0000000000
73998  -17.012  -48.005  77.863 0.0000000000
76747  -20.699  -46.485  74.768 0.0000000000
76727  -19.769  -46.698  75.153 0.0000000000
75375  -20.831  -47.202  75.804 0.0000000000
76754  -26.587  -46.997  74.499 0.0000000000
76755  -27.432  -46.941  74.499 0.0000000000
78146  -28.442  -46.578  74.004 0.0000000000
79571  -29.416  -45.954  73.548 0.0000000000
94838  -35.419  -38.230  66.737 0.0000000000
93230  -35.744  -38.766  67.691 0.0000000000
85728  -24.413  -41.810  72.377 0.0000000000
84274  -23.795  -43.421  71.742 0.0000000000
81139  -23.215  -44.596  71.850 0.0000000000
78181  -22.931  -45.949  72.562 0.0000000000
78182  -23.845  -46.010  72.463 0.0000000000
78165  -25.405  -46.410  73.122 0.0000000000
103167  -30.019  -32.161  66.670 0.0000000000
104638  -30.525  -31.629  65.410 0.0000000000
101662  -31.166  -32.750  70.460 0.0000000000
100241  -31.157  -33.816  69.248 0.0000000000
104585  -30.453  -31.543  68.208 0.0000000000
119796  -38.863  -22.571  56.743 0.0000000000
118548  -39.758  -23.561  56.200 0.0000000000
119812  -40.062  -22.793  56.111 0.0000000000
121196  -40.730  -22.104  56.121 0.0000000000
121197  -41.606  -21.716  56.011 0.0000000000
125183  -44.026  -19.378  55.574 0.0000000000
125192  -44.937  -19.591  54.836 0.0000000000
123964  -45.279  -20.170  53.926 0.0000000000
121238  -46.315  -21.920  53.250 0.0000000000
119868  -47.875  -23.196  54.276 0.0000000000
121239  -47.161  -21.812  52.993 0.0000000000
121240  -47.964  -22.094  52.971 0.0000000000
121242  -49.361  -22.301  52.724 0.0000000000
122687  -48.776  -21.181  52.135 0.0000000000
123977  -49.215  -20.048  51.930 0.0000000000
72558  -16.345  -49.503  80.102 0.0000000000
72550  -15.626  -49.406  81.191 0.0000000000
71237  -16.076  -50.153  81.182 0.0000000000
100420  -31.901  -34.070  61.845 0.0000000000
97754  -32.692  -35.840  60.744 0.0000000000
99085  -32.784  -34.986  60.587 0.0000000000
99086  -33.228  -34.811  60.101 0.0000000000
100463  -33.644  -33.554  59.429 0.0000000000
108698  -33.682  -29.119  60.757 0.0000000000
110071  -34.045  -28.321  59.999 0.0000000000
108717  -34.779  -29.057  58.977 0.0000000000
107423  -35.947  -29.839  58.313 0.0000000000
106170  -37.222  -30.640  57.948 0.0000000000
108719  -36.381  -29.107  58.248 0.0000000000
111470  -36.495  -27.476  58.442 0.0000000000
112823  -37.078  -26.634  58.180 0.0000000000
114271  -37.112  -25.591  57.984 0.0000000000
115804  -36.080  -24.964  58.946 0.0000000000
88630  -29.122  -40.902  68.652 0.0000000000
87212  -29.130  -41.564  70.490 0.0000000000
87232  -29.977  -41.333  69.820 0.0000000000
78086  -17.673  -45.490  77.245 0.0000000000
75356  -18.069  -47.179  76.504 0.0000000000
73852  -15.014  -48.551  86.097 0.0000000000
76565  -15.258  -47.078  87.236 0.0000000000
73835  -15.250  -48.498  87.627 0.0000000000
73828  -15.633  -48.099  88.569 0.0000000000
75145  -15.622  -47.980  90.047 0.0000000000
94938  -42.531  -37.107  63.382 0.0000000000
87275  -32.755  -40.696  67.048 0.0000000000
87253  -32.821  -41.429  68.473 0.0000000000
82637  -21.522  -43.075  74.857 0.0000000000
82635  -19.970  -44.021  74.752 0.0000000000
81072  -19.204  -44.555  75.131 0.0000000000
79592  -20.269  -45.163  73.943 0.0000000000
78142  -20.936  -46.176  74.230 0.0000000000
76748  -21.447  -46.533  74.802 0.0000000000
78162  -22.621  -46.044  73.301 0.0000000000
76750  -23.049  -46.586  74.637 0.0000000000
76711  -22.842  -47.179  76.071 0.0000000000
127818  -53.022  -17.923  49.286 0.0000000000
94890  -35.575  -37.751  64.989 0.0000000000
94912  -36.632  -37.668  64.836 0.0000000000
96354  -34.214  -37.507  64.176 0.0000000000
96371  -32.357  -36.487  63.327 0.0000000000
96409  -31.492  -35.902  62.636 0.0000000000
103215  -30.629  -31.775  64.196 0.0000000000
101807  -31.035  -32.570  63.328 0.0000000000
100391  -31.282  -33.763  62.560 0.0000000000
101834  -32.056  -32.713  62.578 0.0000000000
84316  -25.530  -42.616  69.707 0.0000000000
82730  -26.616  -43.706  69.945 0.0000000000
85791  -26.203  -42.040  69.110 0.0000000000
88618  -26.808  -40.630  69.292 0.0000000000
90014  -27.058  -39.704  69.134 0.0000000000
93173  -26.966  -37.961  69.701 0.0000000000
91542  -27.413  -38.943  69.079 0.0000000000
90025  -28.113  -39.968  68.485 0.0000000000
91560  -28.916  -39.596  68.000 0.0000000000
90049  -29.972  -39.660  67.406 0.0000000000
90037  -30.990  -39.499  67.370 0.0000000000
93179  -30.531  -37.474  69.440 0.0000000000
91546  -30.707  -37.906  67.874 0.0000000000
91547  -30.951  -38.024  67.555 0.0000000000
90038  -31.553  -39.347  67.184 0.0000000000
91583  -32.146  -38.661  66.746 0.0000000000
91598  -32.910  -38.870  66.480 0.0000000000
94853  -33.018  -37.779  66.323 0.0000000000
97636  -31.778  -35.376  67.937 0.0000000000
96294  -33.033  -37.130  66.696 0.0000000000
94854  -34.085  -38.071  66.155 0.0000000000
96305  -34.479  -37.595  65.871 0.0000000000
96319  -35.247  -37.622  65.476 0.0000000000
85758  -24.811  -41.748  70.617 0.0000000000
115869  -40.979  -25.266  56.167 0.0000000000
123922  -42.209  -19.287  58.052 0.0000000000
122647  -42.078  -20.913  56.353 0.0000000000
121216  -42.424  -21.749  55.403 0.0000000000
123952  -43.922  -20.064  55.091 0.0000000000
119837  -43.552  -22.106  54.814 0.0000000000
118573  -43.449  -23.133  54.647 0.0000000000
117266  -44.595  -24.491  55.252 0.0000000000
122722  -52.632  -21.141  50.131 0.0000000000
125233  -52.397  -19.666  50.132 0.0000000000
126549  -52.308  -19.041  50.413 0.0000000000
77984  -15.580  -46.201  84.270 0.0000000000
75191  -15.503  -47.673  84.744 0.0000000000
73906  -15.496  -48.705  82.594 0.0000000000
73893  -15.372  -48.592  83.506 0.0000000000
73865  -15.033  -48.543  85.308 0.0000000000
71192  -14.801  -49.824  85.547 0.0000000000
93337  -36.476  -38.026  64.034 0.0000000000
93338  -37.537  -38.123  63.883 0.0000000000
93355  -37.727  -38.236  63.014 0.0000000000
96423  -34.593  -37.226  60.726 0.0000000000
93389  -37.299  -38.070  61.679 0.0000000000
93356  -38.701  -38.107  62.843 0.0000000000
93358  -40.264  -37.615  62.573 0.0000000000
94982  -40.598  -36.870  62.023 0.0000000000
96414  -41.140  -36.376  61.963 0.0000000000
101897  -33.203  -32.542  60.041 0.0000000000
100464  -34.470  -33.531  58.862 0.0000000000
104779  -33.864  -30.933  59.274 0.0000000000
101905  -34.808  -32.624  58.751 0.0000000000
99100  -36.447  -34.589  59.260 0.0000000000
99101  -37.519  -34.880  59.546 0.0000000000
97772  -39.731  -35.323  60.530 0.0000000000
106171  -37.906  -30.774  58.029 0.0000000000
104793  -39.940  -31.494  58.755 0.0000000000
111489  -40.353  -27.685  58.311 0.0000000000
114274  -39.401  -26.222  57.844 0.0000000000
115846  -38.496  -25.000  57.132 0.0000000000
115825  -37.548  -25.061  57.484 0.0000000000
117237  -37.849  -24.392  57.150 0.0000000000
118526  -38.108  -23.128  57.253 0.0000000000
121154  -38.244  -22.166  57.538 0.0000000000
122606  -39.090  -20.870  58.779 0.0000000000
82711  -27.561  -43.959  70.441 0.0000000000
81126  -29.352  -44.934  72.576 0.0000000000
85730  -29.947  -42.527  72.034 0.0000000000
76649  -15.973  -46.809  80.333 0.0000000000
78062  -16.800  -45.487  79.388 0.0000000000
76674  -16.330  -46.658  79.159 0.0000000000
75284  -16.217  -47.504  79.638 0.0000000000
71265  -16.545  -49.491  79.298 0.0000000000
78127  -18.777  -45.986  75.193 0.0000000000
76708  -18.819  -46.668  75.654 0.0000000000
75338  -19.287  -47.865  76.778 0.0000000000
66879  -15.995  -51.179  89.317 0.0000000000
71144  -15.013  -49.943  90.843 0.0000000000
75129  -14.676  -47.947  91.000 0.0000000000
94893  -37.438  -37.606  65.719 0.0000000000
79659  -25.860  -45.433  70.886 0.0000000000
79637  -26.373  -45.479  71.281 0.0000000000
79660  -26.610  -45.216  70.874 0.0000000000
94874  -36.798  -37.501  66.063 0.0000000000
82728  -25.150  -43.900  70.260 0.0000000000
81152  -24.921  -44.475  70.642 0.0000000000
79678  -25.512  -44.954  70.509 0.0000000000
78220  -25.319  -45.724  71.144 0.0000000000
123907  -40.898  -20.001  59.323 0.0000000000
122608  -40.962  -20.298  58.714 0.0000000000
123908  -41.653  -19.529  58.955 0.0000000000
126497  -47.295  -18.579  54.161 0.0000000000
125200  -46.589  -19.065  53.746 0.0000000000
125201  -47.113  -18.973  53.551 0.0000000000
125207  -47.437  -19.288  53.165 0.0000000000
125208  -48.166  -19.296  52.859 0.0000000000
114243  -35.031  -25.583  60.207 0.0000000000
88643  -31.178  -40.278  67.620 0.0000000000
87263  -31.263  -40.987  68.040 0.0000000000
81023  -19.652  -43.547  76.589 0.0000000000
81022  -18.712  -44.230  76.408 0.0000000000
81048  -19.275  -44.072  75.794 0.0000000000
125239  -53.519  -19.737  48.883 0.0000000000
126555  -53.246  -18.846  49.072 0.0000000000
93304  -41.293  -38.295  64.943 0.0000000000
93305  -42.227  -38.171  64.780 0.0000000000
91585  -34.418  -39.275  66.956 0.0000000000
93229  -35.030  -39.006  67.475 0.0000000000
81138  -22.624  -44.518  72.250 0.0000000000
84253  -22.652  -43.113  72.497 0.0000000000
82693  -22.193  -43.715  72.495 0.0000000000
82672  -21.590  -43.534  73.151 0.0000000000
81125  -21.584  -44.403  72.693 0.0000000000
79613  -21.383  -45.123  72.965 0.0000000000
79633  -21.884  -45.060  72.486 0.0000000000
98979  -31.707  -35.059  65.003 0.0000000000
97670  -32.144  -35.541  64.432 0.0000000000
98978  -30.756  -34.461  65.283 0.0000000000
91517  -25.657  -38.638  70.080 0.0000000000
93149  -29.618  -37.309  70.014 0.0000000000
93148  -29.122  -37.355  69.749 0.0000000000
93177  -29.530  -37.552  69.106 0.0000000000
93178  -30.034  -37.500  69.272 0.0000000000
97616  -31.848  -34.791  69.802 0.0000000000
97617  -31.960  -34.682  70.537 0.0000000000
96268  -31.883  -35.204  69.661 0.0000000000
96278  -31.683  -35.777  69.449 0.0000000000
96277  -31.612  -35.565  68.894 0.0000000000
98957  -30.941  -34.424  66.277 0.0000000000
98958  -31.560  -34.759  65.930 0.0000000000
97655  -33.067  -35.605  65.330 0.0000000000
115847  -39.291  -25.099  57.033 0.0000000000
115848  -40.128  -25.350  57.070 0.0000000000
115867  -39.708  -24.943  56.690 0.0000000000
118559  -42.167  -23.600  55.066 0.0000000000
118551  -41.958  -24.107  55.293 0.0000000000
118560  -43.165  -23.562  54.751 0.0000000000
126417  -43.780  -18.415  56.932 0.0000000000
125158  -43.219  -18.683  56.863 0.0000000000
126438  -43.891  -18.634  56.519 0.0000000000
119890  -45.917  -22.712  53.643 0.0000000000
119889  -45.118  -22.536  53.781 0.0000000000
118577  -45.945  -23.475  54.176 0.0000000000
118563  -46.365  -24.023  54.861 0.0000000000
123984  -50.629  -19.903  51.092 0.0000000000
76637  -15.909  -46.955  81.068 0.0000000000
76624  -15.786  -47.039  81.835 0.0000000000
75251  -15.650  -47.688  81.235 0.0000000000
96411  -32.431  -36.879  61.963 0.0000000000
94973  -33.238  -37.474  62.188 0.0000000000
94994  -32.893  -37.211  61.837 0.0000000000
97778  -34.880  -35.051  59.394 0.0000000000
97766  -35.338  -35.813  59.769 0.0000000000
97767  -36.269  -35.809  59.975 0.0000000000
104788  -35.878  -31.271  58.268 0.0000000000
103341  -37.033  -32.143  58.238 0.0000000000
101927  -37.370  -32.826  58.594 0.0000000000
103342  -37.881  -32.260  58.303 0.0000000000
111471  -37.348  -27.634  58.161 0.0000000000
111472  -38.241  -27.678  58.044 0.0000000000
111486  -38.619  -27.203  58.016 0.0000000000
88607  -27.846  -41.428  70.060 0.0000000000
87211  -28.499  -41.995  70.550 0.0000000000
88608  -28.342  -41.223  69.954 0.0000000000
75336  -17.629  -47.555  76.921 0.0000000000
75335  -17.055  -47.429  77.521 0.0000000000
73999  -17.442  -48.245  77.436 0.0000000000
73989  -17.993  -48.881  77.784 0.0000000000
76729  -21.159  -46.837  75.368 0.0000000000
75376  -21.566  -47.185  75.969 0.0000000000
76578  -15.548  -46.886  85.292 0.0000000000
77969  -15.756  -46.207  86.610 0.0000000000
93285  -40.257  -38.302  66.004 0.0000000000
76767  -25.990  -46.841  73.788 0.0000000000
76768  -26.858  -46.816  73.816 0.0000000000
78168  -28.191  -46.456  73.415 0.0000000000
78147  -29.120  -46.440  74.138 0.0000000000
78169  -28.958  -46.174  73.222 0.0000000000
94825  -35.920  -38.544  67.158 0.0000000000
87172  -24.392  -40.871  72.102 0.0000000000
81151  -24.374  -44.567  70.963 0.0000000000
82709  -24.079  -43.877  71.435 0.0000000000
81140  -23.807  -44.638  71.420 0.0000000000
82695  -23.593  -43.925  71.868 0.0000000000
79636  -23.454  -45.300  71.447 0.0000000000
78204  -24.086  -45.955  71.515 0.0000000000
78184  -25.693  -46.192  72.390 0.0000000000
78183  -24.766  -46.105  72.380 0.0000000000
104602  -30.611  -31.527  67.133 0.0000000000
104623  -31.331  -31.190  66.538 0.0000000000
103116  -30.776  -32.163  70.268 0.0000000000
106015  -31.637  -30.549  68.654 0.0000000000
103152  -30.087  -32.230  67.573 0.0000000000
121175  -39.193  -22.134  56.761 0.0000000000
119797  -39.438  -22.642  56.410 0.0000000000
121177  -40.831  -21.368  56.619 0.0000000000
119814  -41.253  -22.673  55.599 0.0000000000
121178  -41.299  -21.185  56.616 0.0000000000
125185  -45.303  -19.023  55.134 0.0000000000
126479  -45.851  -18.709  55.072 0.0000000000
123965  -45.811  -20.232  53.540 0.0000000000
122676  -45.274  -20.981  53.625 0.0000000000
122677  -46.066  -21.037  53.288 0.0000000000
122678  -46.638  -21.287  53.053 0.0000000000
122685  -47.706  -20.763  52.621 0.0000000000
121250  -47.808  -21.422  52.654 0.0000000000
121251  -48.415  -21.625  52.462 0.0000000000
121252  -49.139  -21.784  52.105 0.0000000000
125213  -48.551  -19.594  52.558 0.0000000000
100421  -32.464  -33.285  61.771 0.0000000000
100440  -32.113  -34.549  61.314 0.0000000000
100441  -32.488  -34.091  61.071 0.0000000000
100453  -33.012  -33.601  60.360 0.0000000000
99097  -33.665  -34.509  59.566 0.0000000000
111458  -34.825  -27.241  59.844 0.0000000000
110072  -34.563  -28.026  59.663 0.0000000000
107422  -35.125  -29.777  58.569 0.0000000000
108718  -35.541  -29.044  58.585 0.0000000000
110081  -35.995  -28.267  58.562 0.0000000000
112822  -36.078  -26.562  58.717 0.0000000000
114256  -36.399  -25.721  58.514 0.0000000000
118507  -36.165  -23.738  59.919 0.0000000000
87248  -29.440  -41.175  69.285 0.0000000000
87249  -29.918  -41.184  68.998 0.0000000000
85777  -31.502  -41.559  70.032 0.0000000000
87215  -31.335  -41.626  70.362 0.0000000000
79530  -17.940  -45.221  76.426 0.0000000000
79518  -17.859  -45.020  76.955 0.0000000000
78099  -17.784  -45.780  76.658 0.0000000000
76695  -17.624  -46.618  76.689 0.0000000000
76707  -18.105  -46.457  76.151 0.0000000000
72494  -14.929  -49.110  86.605 0.0000000000
73841  -14.934  -48.342  86.725 0.0000000000
72495  -15.098  -49.453  86.916 0.0000000000
71159  -15.503  -49.450  88.467 0.0000000000
72478  -15.636  -48.723  88.350 0.0000000000
72471  -15.603  -48.881  88.827 0.0000000000
75148  -15.736  -47.931  89.614 0.0000000000
73825  -15.228  -48.934  89.670 0.0000000000
93306  -43.121  -37.904  64.601 0.0000000000
93325  -42.894  -37.688  64.119 0.0000000000
94915  -42.840  -37.399  63.783 0.0000000000
94914  -42.355  -37.399  63.593 0.0000000000
88658  -33.022  -40.209  66.775 0.0000000000
88645  -33.245  -40.658  67.342 0.0000000000
88646  -33.828  -40.343  67.530 0.0000000000
82654  -21.098  -43.847  73.757 0.0000000000
84192  -21.727  -43.063  74.355 0.0000000000
82636  -20.778  -43.727  74.551 0.0000000000
81092  -20.230  -44.273  74.257 0.0000000000
81107  -20.474  -44.624  73.852 0.0000000000
79594  -21.219  -45.523  73.324 0.0000000000
78160  -21.119  -45.810  73.697 0.0000000000
76732  -23.733  -46.944  75.285 0.0000000000
76731  -22.910  -46.941  75.370 0.0000000000
96337  -34.927  -37.686  64.887 0.0000000000
96355  -34.665  -37.716  64.485 0.0000000000
97690  -31.313  -35.453  63.953 0.0000000000
96352  -32.920  -36.595  63.713 0.0000000000
96370  -31.789  -36.043  63.240 0.0000000000
96390  -31.875  -36.292  62.848 0.0000000000
97709  -30.727  -34.969  63.267 0.0000000000
104639  -31.158  -31.295  65.676 0.0000000000
104653  -30.562  -31.671  64.844 0.0000000000
104655  -31.693  -31.321  65.101 0.0000000000
103217  -32.498  -31.693  64.418 0.0000000000
101833  -31.376  -32.817  62.810 0.0000000000
100363  -31.010  -33.173  62.918 0.0000000000
100392  -31.813  -33.417  62.253 0.0000000000
85774  -25.527  -41.793  69.550 0.0000000000
84332  -25.879  -42.299  69.264 0.0000000000
85790  -25.876  -41.889  69.278 0.0000000000
90013  -26.350  -39.676  69.410 0.0000000000
88617  -26.118  -40.495  69.436 0.0000000000
93175  -28.493  -37.951  69.198 0.0000000000
93174  -27.832  -37.911  69.440 0.0000000000
91543  -27.917  -39.133  68.855 0.0000000000
91544  -28.512  -39.272  68.358 0.0000000000
90033  -28.691  -39.969  68.085 0.0000000000
93225  -30.000  -38.324  67.854 0.0000000000
91562  -29.699  -39.308  67.552 0.0000000000
91563  -30.167  -39.066  67.335 0.0000000000
90036  -30.493  -39.770  67.357 0.0000000000
91564  -30.639  -38.391  67.376 0.0000000000
94812  -31.873  -36.175  70.183 0.0000000000
96270  -32.294  -35.548  70.857 0.0000000000
93181  -31.689  -36.845  70.304 0.0000000000
93180  -31.089  -37.356  69.753 0.0000000000
93206  -30.874  -37.541  68.289 0.0000000000
93227  -31.234  -37.989  67.427 0.0000000000
91565  -31.423  -38.587  67.157 0.0000000000
91582  -31.853  -38.728  66.952 0.0000000000
90051  -32.143  -39.324  66.790 0.0000000000
94835  -32.081  -37.337  67.041 0.0000000000
93263  -32.954  -38.461  66.208 0.0000000000
94836  -32.586  -37.287  66.784 0.0000000000
100254  -31.358  -34.329  68.472 0.0000000000
98908  -31.538  -34.885  68.165 0.0000000000
97644  -32.948  -35.632  66.525 0.0000000000
97638  -32.931  -36.443  67.062 0.0000000000
96304  -33.679  -37.438  66.195 0.0000000000
97646  -34.094  -37.213  66.194 0.0000000000
97673  -34.294  -36.718  65.081 0.0000000000
96318  -34.573  -37.352  65.285 0.0000000000
94872  -35.852  -37.622  65.415 0.0000000000
88606  -25.099  -40.193  70.358 0.0000000000
88597  -24.660  -40.085  71.019 0.0000000000
85773  -25.146  -41.740  70.022 0.0000000000
84315  -25.100  -42.230  70.208 0.0000000000
112825  -40.731  -27.260  58.347 0.0000000000
115830  -41.563  -26.039  57.632 0.0000000000
115806  -41.811  -26.336  58.200 0.0000000000
117252  -40.342  -24.466  56.026 0.0000000000
117253  -41.151  -24.548  55.751 0.0000000000
123899  -42.239  -18.562  58.740 0.0000000000
123909  -42.047  -19.053  58.613 0.0000000000
122640  -42.704  -19.873  56.350 0.0000000000
122639  -42.334  -20.165  56.700 0.0000000000
122648  -42.504  -20.519  56.070 0.0000000000
122659  -42.321  -21.066  55.806 0.0000000000
122660  -42.774  -20.965  55.512 0.0000000000
125191  -44.390  -19.638  55.107 0.0000000000
122662  -44.064  -20.797  54.786 0.0000000000
121218  -43.884  -21.633  54.725 0.0000000000
119863  -43.920  -22.605  54.595 0.0000000000
119836  -43.198  -22.544  54.817 0.0000000000
119862  -43.608  -22.940  54.653 0.0000000000
117274  -44.114  -24.099  54.870 0.0000000000
117275  -44.556  -24.006  54.742 0.0000000000
117259  -45.921  -24.393  55.986 0.0000000000
119892  -47.510  -22.678  53.477 0.0000000000
121261  -50.493  -22.038  51.587 0.0000000000
121276  -51.199  -21.324  50.854 0.0000000000
121278  -52.197  -22.033  50.727 0.0000000000
122712  -52.144  -21.185  50.389 0.0000000000
125227  -51.458  -19.689  50.976 0.0000000000
123993  -52.009  -20.383  50.456 0.0000000000
125228  -51.942  -19.613  50.717 0.0000000000
76610  -15.639  -46.939  82.699 0.0000000000
76595  -15.629  -46.863  83.629 0.0000000000
76582  -15.545  -46.817  84.467 0.0000000000
75202  -15.579  -47.660  83.839 0.0000000000
72544  -15.642  -49.625  81.839 0.0000000000
73918  -15.488  -48.979  81.836 0.0000000000
72540  -15.570  -49.603  82.614 0.0000000000
72533  -15.246  -49.572  83.390 0.0000000000
73879  -15.053  -48.901  84.344 0.0000000000
72515  -14.820  -49.479  85.143 0.0000000000
71201  -14.813  -50.254  85.102 0.0000000000
68370  -15.053  -51.734  86.045 0.0000000000
94932  -35.094  -38.108  63.946 0.0000000000
93318  -36.684  -37.864  64.520 0.0000000000
94953  -35.493  -38.135  63.744 0.0000000000
93372  -35.937  -38.350  62.690 0.0000000000
93354  -36.710  -38.316  63.245 0.0000000000
93339  -38.578  -38.226  63.699 0.0000000000
96437  -33.228  -36.451  60.615 0.0000000000
96422  -33.650  -37.149  60.883 0.0000000000
96425  -36.507  -37.187  60.520 0.0000000000
94998  -36.193  -37.854  61.020 0.0000000000
93390  -37.760  -37.833  61.525 0.0000000000
93374  -37.917  -38.039  62.166 0.0000000000
93375  -38.741  -37.791  62.175 0.0000000000
93357  -39.593  -37.847  62.619 0.0000000000
94979  -38.710  -37.358  61.727 0.0000000000
96428  -38.898  -36.289  60.893 0.0000000000
94981  -40.059  -37.022  61.862 0.0000000000
96412  -39.764  -36.759  61.497 0.0000000000
96413  -40.282  -36.548  61.659 0.0000000000
96429  -39.719  -36.257  61.189 0.0000000000
104777  -33.221  -31.377  60.092 0.0000000000
103326  -33.207  -31.607  60.160 0.0000000000
103327  -33.324  -31.804  59.788 0.0000000000
101904  -33.802  -32.642  59.207 0.0000000000
107412  -33.881  -29.723  59.573 0.0000000000
106160  -33.640  -30.360  59.709 0.0000000000
106161  -34.138  -30.396  59.158 0.0000000000
101925  -35.698  -32.584  58.601 0.0000000000
103338  -34.803  -31.800  58.670 0.0000000000
101906  -35.384  -32.963  58.676 0.0000000000
100465  -35.306  -33.417  58.724 0.0000000000
100466  -36.143  -33.738  58.825 0.0000000000
100467  -37.101  -34.051  59.006 0.0000000000
99103  -39.158  -34.525  59.678 0.0000000000
99102  -38.430  -34.632  59.509 0.0000000000
99090  -39.512  -34.892  60.077 0.0000000000
97773  -40.121  -35.279  60.762 0.0000000000
99076  -40.592  -35.007  60.804 0.0000000000
101911  -40.013  -33.215  59.424 0.0000000000
107425  -37.534  -30.001  57.889 0.0000000000
107436  -37.788  -30.335  57.930 0.0000000000
107427  -39.088  -29.979  58.335 0.0000000000
106173  -39.484  -30.726  58.597 0.0000000000
108732  -40.150  -28.707  58.103 0.0000000000
107430  -41.201  -29.919  58.773 0.0000000000
108725  -40.982  -29.079  58.346 0.0000000000
108734  -40.757  -28.601  58.187 0.0000000000
110086  -40.528  -28.063  58.482 0.0000000000
110099  -40.374  -28.181  58.288 0.0000000000
114273  -38.604  -26.081  57.756 0.0000000000
112840  -39.710  -26.974  58.034 0.0000000000
115827  -38.991  -25.562  57.496 0.0000000000
115805  -36.512  -24.913  58.308 0.0000000000
115824  -36.955  -24.792  57.861 0.0000000000
119777  -37.561  -22.506  58.430 0.0000000000
118525  -37.524  -23.379  57.633 0.0000000000
118536  -38.094  -23.716  57.041 0.0000000000
119785  -38.360  -22.561  57.162 0.0000000000
121138  -38.074  -21.929  58.028 0.0000000000
122605  -38.604  -21.120  58.675 0.0000000000
82745  -26.955  -43.020  69.739 0.0000000000
81170  -27.139  -44.073  70.325 0.0000000000
82732  -27.676  -43.633  70.338 0.0000000000
84256  -28.766  -43.429  71.388 0.0000000000
82696  -28.597  -43.908  71.513 0.0000000000
82697  -28.954  -43.909  72.059 0.0000000000
82675  -29.344  -44.075  72.553 0.0000000000
87213  -29.902  -41.513  70.576 0.0000000000
87192  -29.877  -42.067  71.317 0.0000000000
87173  -30.134  -42.211  71.916 0.0000000000
87236  -32.748  -41.467  69.423 0.0000000000
78035  -16.547  -45.569  81.006 0.0000000000
78047  -16.181  -46.040  80.304 0.0000000000
79492  -17.299  -44.993  79.082 0.0000000000
78073  -16.948  -45.803  78.569 0.0000000000
75317  -16.724  -47.404  78.163 0.0000000000
75301  -16.526  -47.456  78.924 0.0000000000
75300  -16.233  -47.084  79.313 0.0000000000
75285  -16.653  -47.834  79.298 0.0000000000
73957  -16.538  -48.301  79.447 0.0000000000
72575  -16.751  -48.987  78.961 0.0000000000
79570  -19.185  -45.235  74.767 0.0000000000
78139  -19.164  -45.928  74.846 0.0000000000
75374  -20.074  -47.153  75.633 0.0000000000
76709  -19.467  -46.890  75.518 0.0000000000
75357  -18.682  -47.290  76.252 0.0000000000
128979  -53.413  -17.197  48.927 0.0000000000
68331  -14.253  -50.767  91.099 0.0000000000
68332  -14.959  -50.910  91.141 0.0000000000
71142  -14.280  -49.953  91.169 0.0000000000
72459  -14.483  -48.877  91.011 0.0000000000
71136  -14.154  -49.332  91.228 0.0000000000
78185  -26.587  -46.249  72.427 0.0000000000
78207  -26.791  -45.986  71.990 0.0000000000
79639  -27.772  -45.477  71.364 0.0000000000
96307  -36.179  -37.869  66.305 0.0000000000
78218  -24.184  -45.880  70.993 0.0000000000
106016  -32.413  -30.557  68.340 0.0000000000
122620  -39.363  -20.891  57.963 0.0000000000
122635  -39.747  -20.892  57.315 0.0000000000
122622  -41.033  -20.475  57.975 0.0000000000
126495  -46.054  -18.890  54.604 0.0000000000
125205  -46.244  -19.665  53.517 0.0000000000
122683  -46.632  -20.716  53.097 0.0000000000
123970  -46.982  -20.121  53.083 0.0000000000
123972  -48.105  -20.079  52.458 0.0000000000
101860  -33.385  -32.296  62.238 0.0000000000
112808  -34.889  -26.269  59.822 0.0000000000
114254  -35.178  -25.853  59.579 0.0000000000
115786  -35.674  -24.932  59.580 0.0000000000
87262  -30.585  -41.035  68.200 0.0000000000
87261  -30.090  -41.054  68.412 0.0000000000
87251  -31.297  -41.322  68.834 0.0000000000
87235  -31.959  -41.507  69.656 0.0000000000
79531  -18.219  -45.016  75.922 0.0000000000
124000  -53.262  -20.469  49.401 0.0000000000
69821  -15.440  -50.760  86.986 0.0000000000
71175  -15.396  -49.604  87.328 0.0000000000
69817  -15.549  -50.540  87.590 0.0000000000
69813  -15.567  -50.156  87.907 0.0000000000
69809  -15.314  -50.411  88.726 0.0000000000
90053  -33.856  -39.522  66.785 0.0000000000
90039  -34.093  -39.861  67.231 0.0000000000
90054  -34.228  -39.583  67.111 0.0000000000
90026  -34.716  -39.768  68.183 0.0000000000
90027  -35.214  -39.508  68.581 0.0000000000
84254  -23.446  -43.036  72.194 0.0000000000
84233  -23.185  -42.743  73.096 0.0000000000
84232  -22.365  -42.956  73.202 0.0000000000
84231  -22.027  -43.042  73.562 0.0000000000
82671  -21.192  -43.999  73.350 0.0000000000
81108  -20.923  -44.382  73.511 0.0000000000
79612  -21.075  -44.731  73.239 0.0000000000
78161  -21.723  -45.902  73.371 0.0000000000
76765  -24.431  -46.447  73.884 0.0000000000
76733  -24.608  -46.956  75.267 0.0000000000
97672  -33.602  -36.272  64.693 0.0000000000
97693  -33.063  -36.336  64.151 0.0000000000
97671  -32.802  -35.833  64.543 0.0000000000
99003  -31.611  -35.354  64.358 0.0000000000
97689  -30.771  -35.040  63.870 0.0000000000
88616  -25.550  -40.327  69.802 0.0000000000
91529  -26.055  -38.992  69.705 0.0000000000
94781  -28.665  -37.138  70.219 0.0000000000
94796  -28.703  -37.495  69.577 0.0000000000
93202  -28.919  -38.548  68.406 0.0000000000
93203  -29.471  -38.062  68.379 0.0000000000
98869  -31.961  -34.143  71.210 0.0000000000
96269  -32.047  -35.351  70.267 0.0000000000
93228  -31.517  -37.695  67.432 0.0000000000
100267  -30.832  -34.121  67.480 0.0000000000
98922  -31.807  -34.967  67.423 0.0000000000
98939  -31.468  -34.642  66.735 0.0000000000
98940  -32.103  -35.010  66.583 0.0000000000
114275  -40.203  -26.349  58.055 0.0000000000
114276  -40.985  -26.570  58.138 0.0000000000
115829  -40.638  -25.867  57.607 0.0000000000
115849  -40.845  -25.703  56.859 0.0000000000
118550  -41.369  -23.682  55.431 0.0000000000
123911  -42.781  -18.491  57.906 0.0000000000
123923  -42.635  -18.910  57.398 0.0000000000
123931  -42.887  -19.250  56.632 0.0000000000
123939  -43.137  -19.590  56.082 0.0000000000
122675  -44.728  -21.189  53.913 0.0000000000
121219  -44.200  -21.259  54.510 0.0000000000
119888  -44.688  -22.179  53.887 0.0000000000
119864  -44.551  -22.624  54.113 0.0000000000
117276  -45.009  -23.868  54.566 0.0000000000
118562  -45.624  -23.971  54.655 0.0000000000
122700  -49.671  -20.730  51.406 0.0000000000
121267  -50.382  -21.410  51.326 0.0000000000
122701  -50.099  -20.996  51.188 0.0000000000
122709  -50.527  -20.824  50.925 0.0000000000
122710  -50.957  -20.975  50.872 0.0000000000
122711  -51.514  -20.966  50.640 0.0000000000
78010  -16.168  -46.150  82.398 0.0000000000
75216  -15.462  -47.782  82.485 0.0000000000
69848  -14.951  -51.121  84.783 0.0000000000
94951  -34.062  -38.399  62.926 0.0000000000
94952  -35.080  -38.383  63.339 0.0000000000
94975  -34.948  -38.410  62.274 0.0000000000
94996  -34.261  -37.761  61.435 0.0000000000
96439  -34.923  -36.497  60.201 0.0000000000
96440  -35.901  -36.507  60.213 0.0000000000
96426  -37.387  -36.967  60.617 0.0000000000
96442  -37.556  -36.227  60.343 0.0000000000
96443  -38.265  -35.986  60.450 0.0000000000
106167  -34.741  -30.461  58.655 0.0000000000
104787  -35.067  -31.196  58.370 0.0000000000
101907  -36.833  -33.305  58.813 0.0000000000
101908  -37.617  -33.498  58.852 0.0000000000
101909  -38.089  -33.599  58.864 0.0000000000
100469  -38.861  -33.979  59.268 0.0000000000
100470  -39.694  -33.970  59.695 0.0000000000
100484  -38.824  -33.422  58.959 0.0000000000
101929  -39.097  -32.892  58.832 0.0000000000
108721  -37.987  -29.262  57.971 0.0000000000
108722  -38.745  -29.286  58.111 0.0000000000
107428  -39.885  -29.899  58.590 0.0000000000
108723  -39.576  -29.154  58.216 0.0000000000
110098  -39.649  -28.329  58.062 0.0000000000
111488  -39.873  -27.661  58.120 0.0000000000
111487  -39.133  -27.627  58.005 0.0000000000
118516  -36.716  -23.522  58.861 0.0000000000
118524  -37.024  -23.680  58.126 0.0000000000
119776  -37.094  -22.848  58.939 0.0000000000
85759  -27.517  -42.377  69.987 0.0000000000
84301  -27.793  -43.161  70.266 0.0000000000
85760  -28.125  -42.578  70.477 0.0000000000
85741  -28.740  -42.732  70.820 0.0000000000
85742  -29.182  -42.788  71.311 0.0000000000
78085  -17.369  -45.794  77.748 0.0000000000
76685  -16.926  -46.610  77.940 0.0000000000
72586  -17.116  -48.863  78.419 0.0000000000
73988  -17.321  -48.598  77.976 0.0000000000
76746  -20.030  -46.429  74.736 0.0000000000
76745  -19.534  -46.305  74.827 0.0000000000
76728  -20.414  -46.804  75.234 0.0000000000
75359  -20.495  -47.539  76.314 0.0000000000
93303  -40.340  -38.290  65.115 0.0000000000
76735  -26.357  -47.156  75.219 0.0000000000
76736  -27.163  -47.308  75.087 0.0000000000
76717  -27.658  -47.596  75.562 0.0000000000
76737  -28.015  -47.317  75.041 0.0000000000
76769  -27.685  -46.695  73.893 0.0000000000
76756  -28.346  -46.798  74.447 0.0000000000
93244  -34.900  -38.680  66.958 0.0000000000
84255  -24.078  -42.525  72.396 0.0000000000
84275  -24.177  -42.864  71.584 0.0000000000
78202  -22.403  -45.707  71.941 0.0000000000
79635  -22.842  -45.192  71.882 0.0000000000
78203  -23.202  -45.794  71.860 0.0000000000
78164  -24.541  -46.245  73.184 0.0000000000
76766  -25.143  -46.698  73.812 0.0000000000
76753  -25.740  -46.956  74.519 0.0000000000
101749  -29.689  -32.907  66.202 0.0000000000
101763  -29.761  -32.857  65.297 0.0000000000
104622  -30.556  -31.575  66.191 0.0000000000
100211  -31.680  -33.187  70.817 0.0000000000
100227  -31.401  -33.539  70.166 0.0000000000
98896  -31.550  -34.613  68.884 0.0000000000
101683  -31.037  -33.277  69.865 0.0000000000
101682  -30.592  -32.867  69.509 0.0000000000
101681  -30.232  -32.606  69.182 0.0000000000
103127  -30.208  -32.101  69.086 0.0000000000
101721  -30.510  -33.649  67.938 0.0000000000
100266  -30.235  -33.662  67.314 0.0000000000
101736  -29.839  -32.971  67.085 0.0000000000
117250  -39.060  -24.113  56.557 0.0000000000
117251  -39.651  -24.377  56.403 0.0000000000
118538  -39.146  -23.182  56.435 0.0000000000
121176  -39.827  -21.732  56.631 0.0000000000
121195  -40.300  -22.351  56.124 0.0000000000
119813  -40.700  -22.879  55.863 0.0000000000
119834  -41.811  -22.647  55.330 0.0000000000
121215  -42.053  -22.198  55.438 0.0000000000
125171  -44.349  -18.890  55.914 0.0000000000
126461  -44.787  -18.578  55.955 0.0000000000
125184  -44.769  -19.121  55.488 0.0000000000
125193  -45.569  -19.252  54.692 0.0000000000
125198  -45.284  -19.713  54.353 0.0000000000
122671  -44.875  -20.663  53.986 0.0000000000
121237  -45.555  -21.848  53.453 0.0000000000
119867  -47.092  -23.186  54.006 0.0000000000
119891  -46.727  -22.643  53.479 0.0000000000
121253  -49.654  -22.179  52.226 0.0000000000
121259  -49.460  -21.470  51.674 0.0000000000
122692  -48.856  -20.630  52.111 0.0000000000
122693  -49.244  -20.938  51.748 0.0000000000
122694  -49.664  -21.208  51.485 0.0000000000
123982  -49.556  -20.344  51.606 0.0000000000
73941  -15.730  -48.306  80.520 0.0000000000
73931  -15.477  -48.505  81.240 0.0000000000
72557  -15.880  -49.173  80.454 0.0000000000
99074  -31.890  -35.029  61.454 0.0000000000
97753  -32.181  -35.837  61.239 0.0000000000
99075  -32.316  -35.055  61.021 0.0000000000
97764  -33.297  -35.724  60.274 0.0000000000
100452  -32.877  -34.373  60.529 0.0000000000
97777  -34.256  -34.891  59.440 0.0000000000
99098  -34.348  -34.350  59.195 0.0000000000
110070  -33.804  -28.674  60.559 0.0000000000
108708  -34.158  -29.062  59.446 0.0000000000
111444  -34.314  -27.671  60.491 0.0000000000
110079  -34.483  -28.519  59.391 0.0000000000
106169  -36.333  -30.604  58.141 0.0000000000
107424  -36.765  -29.904  58.044 0.0000000000
110082  -36.842  -28.356  58.173 0.0000000000
112837  -37.533  -26.189  57.963 0.0000000000
117220  -36.374  -24.278  58.834 0.0000000000
117219  -36.047  -24.342  59.457 0.0000000000
118515  -36.353  -23.850  59.324 0.0000000000
119758  -37.177  -22.377  60.329 0.0000000000
88629  -28.459  -40.678  68.675 0.0000000000
88609  -28.790  -41.127  69.752 0.0000000000
88621  -28.887  -41.006  69.215 0.0000000000
87193  -30.468  -41.719  71.266 0.0000000000
87233  -30.629  -41.407  69.706 0.0000000000
87214  -30.586  -41.501  70.508 0.0000000000
79507  -17.792  -44.799  77.761 0.0000000000
78098  -17.485  -46.050  77.093 0.0000000000
75362  -22.750  -47.389  76.670 0.0000000000
75172  -15.231  -47.782  86.216 0.0000000000
76574  -15.252  -47.412  86.577 0.0000000000
75168  -15.058  -47.706  86.844 0.0000000000
73834  -14.906  -48.096  87.314 0.0000000000
75156  -15.437  -47.496  88.259 0.0000000000
72487  -15.287  -49.114  87.462 0.0000000000
73830  -15.504  -48.245  88.072 0.0000000000
75151  -15.768  -47.334  88.774 0.0000000000
75147  -15.957  -47.273  89.336 0.0000000000
75144  -15.903  -47.341  89.911 0.0000000000
125143  -43.159  -18.137  58.155 0.0000000000
126404  -43.805  -18.081  57.624 0.0000000000
126405  -44.378  -17.822  57.446 0.0000000000
96375  -42.683  -36.712  63.131 0.0000000000
87274  -32.310  -40.666  67.297 0.0000000000
87265  -32.923  -41.034  67.673 0.0000000000
87254  -33.514  -41.103  68.434 0.0000000000
91568  -35.375  -39.183  68.069 0.0000000000
82615  -20.926  -43.298  75.415 0.0000000000
82614  -20.245  -43.645  75.272 0.0000000000
82613  -19.640  -43.983  75.254 0.0000000000
82634  -19.593  -44.276  74.909 0.0000000000
81091  -19.643  -44.580  74.543 0.0000000000
78158  -20.052  -45.620  74.106 0.0000000000
78159  -20.551  -45.688  73.907 0.0000000000
78141  -20.290  -46.083  74.318 0.0000000000
76730  -22.064  -46.959  75.573 0.0000000000
78144  -22.390  -46.253  74.021 0.0000000000
78145  -23.121  -46.222  73.986 0.0000000000
76749  -22.246  -46.555  74.764 0.0000000000
76710  -22.347  -47.262  76.169 0.0000000000
94892  -36.766  -37.443  65.409 0.0000000000
94913  -37.159  -37.605  65.167 0.0000000000
94911  -35.957  -37.845  64.658 0.0000000000
94910  -35.234  -37.884  64.447 0.0000000000
96353  -33.533  -36.937  64.027 0.0000000000
96373  -33.798  -37.527  63.687 0.0000000000
94930  -33.732  -37.801  63.278 0.0000000000
96392  -33.066  -37.240  62.795 0.0000000000
96391  -32.550  -36.896  62.656 0.0000000000
97743  -31.399  -35.547  62.262 0.0000000000
100315  -30.145  -33.791  64.926 0.0000000000
101783  -30.092  -32.626  64.360 0.0000000000
100339  -30.188  -33.649  63.987 0.0000000000
103216  -31.545  -31.463  64.415 0.0000000000
101784  -30.568  -32.307  63.794 0.0000000000
99046  -30.580  -34.439  63.036 0.0000000000
100390  -30.767  -34.095  62.821 0.0000000000
99063  -31.202  -34.767  62.372 0.0000000000
99064  -31.552  -34.934  61.946 0.0000000000
101858  -32.142  -33.205  62.112 0.0000000000
101859  -32.632  -32.709  62.238 0.0000000000
101809  -32.789  -32.218  63.350 0.0000000000
82729  -25.863  -43.713  69.929 0.0000000000
81169  -26.625  -44.542  70.312 0.0000000000
82743  -26.174  -43.189  69.655 0.0000000000
84317  -26.240  -42.687  69.260 0.0000000000
85775  -26.589  -42.269  69.132 0.0000000000
87229  -26.489  -41.549  69.186 0.0000000000
85776  -27.014  -42.225  69.460 0.0000000000
87230  -27.313  -41.571  69.611 0.0000000000
88619  -27.609  -40.801  69.430 0.0000000000
90015  -27.729  -40.233  68.924 0.0000000000
93147  -26.709  -37.354  70.262 0.0000000000
93172  -26.408  -38.166  69.903 0.0000000000
93199  -27.217  -38.523  69.258 0.0000000000
91531  -27.024  -38.824  69.230 0.0000000000
90023  -27.237  -39.231  69.049 0.0000000000
90016  -28.063  -40.478  68.731 0.0000000000
88639  -28.675  -40.414  68.349 0.0000000000
90034  -29.186  -40.013  67.809 0.0000000000
93223  -29.291  -39.056  67.904 0.0000000000
91561  -29.264  -39.505  67.772 0.0000000000
88641  -29.808  -40.536  67.852 0.0000000000
88656  -30.233  -39.919  67.389 0.0000000000
93205  -30.431  -37.811  68.384 0.0000000000
88644  -31.735  -40.148  67.369 0.0000000000
88657  -32.232  -40.110  66.990 0.0000000000
90052  -33.034  -39.421  66.658 0.0000000000
90062  -33.454  -39.210  66.656 0.0000000000
91599  -33.678  -38.991  66.543 0.0000000000
93264  -33.716  -38.526  66.217 0.0000000000
97629  -31.614  -35.309  68.495 0.0000000000
97630  -31.771  -35.734  68.100 0.0000000000
96293  -32.345  -36.728  67.142 0.0000000000
97637  -32.237  -35.820  67.503 0.0000000000
93265  -34.303  -38.501  66.487 0.0000000000
94837  -34.673  -38.267  66.562 0.0000000000
94855  -34.781  -37.904  66.371 0.0000000000
96306  -35.414  -37.782  66.182 0.0000000000
97657  -34.405  -36.865  65.878 0.0000000000
96320  -35.891  -37.633  65.856 0.0000000000
94873  -36.303  -37.494  65.663 0.0000000000
87189  -24.537  -40.915  71.218 0.0000000000
84299  -25.332  -43.270  70.061 0.0000000000
115850  -41.688  -25.669  56.746 0.0000000000
115870  -41.805  -25.258  56.073 0.0000000000
123921  -41.998  -19.467  58.520 0.0000000000
122623  -41.900  -20.105  57.952 0.0000000000
122624  -42.265  -19.721  57.367 0.0000000000
122638  -41.956  -20.487  57.111 0.0000000000
122646  -41.628  -21.019  56.685 0.0000000000
121198  -42.086  -21.347  55.886 0.0000000000
125170  -43.861  -18.911  56.161 0.0000000000
123951  -43.461  -19.852  55.545 0.0000000000
122661  -43.429  -20.721  55.163 0.0000000000
121217  -43.217  -21.627  55.099 0.0000000000
117267  -45.293  -24.344  55.168 0.0000000000
122723  -53.140  -21.271  49.889 0.0000000000
123999  -52.630  -20.545  49.973 0.0000000000
126544  -52.479  -18.336  50.539 0.0000000000
79401  -15.610  -45.654  85.267 0.0000000000
76577  -15.409  -46.511  84.823 0.0000000000
73930  -15.464  -48.143  81.590 0.0000000000
73917  -15.458  -48.312  81.920 0.0000000000
75201  -15.452  -48.027  83.118 0.0000000000
72539  -15.427  -49.115  83.026 0.0000000000
73894  -15.379  -48.216  84.239 0.0000000000
73880  -15.184  -48.237  84.722 0.0000000000
75181  -15.279  -47.752  85.459 0.0000000000
72504  -14.853  -49.404  85.876 0.0000000000
69837  -14.978  -51.007  85.578 0.0000000000
71193  -14.846  -50.249  85.890 0.0000000000
69827  -15.135  -50.911  86.352 0.0000000000
93300  -37.549  -37.734  65.284 0.0000000000
93353  -35.766  -38.215  63.420 0.0000000000
93340  -39.587  -38.127  63.491 0.0000000000
96421  -32.723  -36.772  61.220 0.0000000000
94997  -35.229  -37.941  61.198 0.0000000000
93373  -36.902  -38.306  62.285 0.0000000000
93341  -40.652  -37.874  63.236 0.0000000000
94935  -40.758  -37.495  62.655 0.0000000000
94980  -39.384  -37.120  61.676 0.0000000000
94955  -40.437  -37.274  62.264 0.0000000000
94936  -41.292  -37.418  62.932 0.0000000000
94957  -41.564  -37.011  62.720 0.0000000000
96393  -41.438  -36.747  62.452 0.0000000000
103297  -33.456  -31.438  61.222 0.0000000000
104748  -33.647  -30.914  61.276 0.0000000000
103316  -33.238  -31.596  60.558 0.0000000000
99099  -35.345  -34.314  59.019 0.0000000000
104786  -34.382  -31.095  58.808 0.0000000000
103328  -33.990  -31.721  59.108 0.0000000000
97780  -36.735  -35.303  59.652 0.0000000000
97781  -37.258  -35.375  59.809 0.0000000000
97770  -38.478  -35.454  60.179 0.0000000000
99088  -38.129  -35.101  59.834 0.0000000000
97755  -39.384  -35.807  60.699 0.0000000000
97756  -39.979  -35.657  60.945 0.0000000000
96431  -40.975  -35.739  61.486 0.0000000000
96415  -41.854  -35.995  62.076 0.0000000000
100455  -40.363  -34.182  60.104 0.0000000000
104790  -37.515  -31.480  58.043 0.0000000000
104791  -38.325  -31.538  58.187 0.0000000000
103344  -39.529  -32.242  58.724 0.0000000000
106172  -38.680  -30.774  58.300 0.0000000000
104792  -39.113  -31.521  58.510 0.0000000000
111474  -40.619  -27.681  58.454 0.0000000000
112841  -40.457  -27.164  58.216 0.0000000000
117238  -38.630  -24.359  56.805 0.0000000000
114272  -37.858  -25.839  57.759 0.0000000000
117228  -37.176  -24.225  57.647 0.0000000000
115845  -38.018  -24.987  57.242 0.0000000000
118537  -38.650  -23.415  56.758 0.0000000000
121155  -38.753  -21.682  57.383 0.0000000000
121139  -38.362  -21.373  58.329 0.0000000000
122619  -38.800  -21.135  58.215 0.0000000000
122607  -39.969  -20.418  58.924 0.0000000000
81153  -27.056  -44.941  70.732 0.0000000000
81154  -27.754  -44.750  70.699 0.0000000000
81141  -28.190  -45.181  71.243 0.0000000000
82712  -28.052  -43.879  70.725 0.0000000000
81142  -28.605  -44.829  71.596 0.0000000000
79616  -28.906  -45.674  72.155 0.0000000000
79595  -29.396  -45.733  72.912 0.0000000000
87191  -29.257  -42.278  70.941 0.0000000000
85729  -29.574  -42.889  72.017 0.0000000000
85718  -30.262  -42.868  72.635 0.0000000000
85717  -29.931  -42.926  72.361 0.0000000000
84236  -29.941  -43.433  72.709 0.0000000000
82657  -30.361  -44.229  73.511 0.0000000000
78022  -16.535  -45.842  81.743 0.0000000000
78034  -16.127  -46.232  81.017 0.0000000000
78072  -16.549  -46.100  79.036 0.0000000000
78061  -16.351  -46.001  79.605 0.0000000000
76662  -16.140  -46.674  79.697 0.0000000000
73956  -16.096  -48.235  79.952 0.0000000000
72566  -16.343  -49.038  79.740 0.0000000000
72576  -17.275  -49.565  78.536 0.0000000000
81071  -18.845  -44.829  75.243 0.0000000000
79548  -18.657  -45.249  75.241 0.0000000000
78113  -18.316  -45.855  75.630 0.0000000000
76726  -19.194  -46.480  75.118 0.0000000000
75337  -18.474  -47.876  76.730 0.0000000000
75360  -21.298  -47.494  76.470 0.0000000000
75340  -21.031  -47.796  77.082 0.0000000000
74002  -19.763  -48.299  77.300 0.0000000000
74001  -19.120  -48.440  77.292 0.0000000000
127819  -53.576  -18.054  48.628 0.0000000000
68348  -15.538  -50.905  88.848 0.0000000000
69805  -15.269  -50.145  89.194 0.0000000000
66871  -15.040  -51.187  90.846 0.0000000000
69800  -15.404  -50.342  90.079 0.0000000000
71162  -15.118  -49.938  89.746 0.0000000000
73814  -14.989  -49.112  89.810 0.0000000000
75133  -15.099  -47.967  90.778 0.0000000000
71140  -13.550  -49.322  91.182 0.0000000000
71139  -12.861  -49.040  91.080 0.0000000000
72458  -13.840  -48.976  91.341 0.0000000000
72452  -13.846  -48.346  91.349 0.0000000000
65430  -15.939  -51.219  89.650 0.0000000000
66876  -14.535  -51.623  90.187 0.0000000000
66877  -15.166  -51.331  90.328 0.0000000000
66878  -15.852  -50.819  89.917 0.0000000000
68330  -13.801  -50.506  90.850 0.0000000000
68333  -15.283  -50.687  91.098 0.0000000000
68338  -15.173  -51.109  90.750 0.0000000000
68339  -15.412  -51.164  90.717 0.0000000000
68340  -15.590  -50.725  89.749 0.0000000000
68343  -15.452  -50.746  88.911 0.0000000000
68344  -15.648  -50.909  89.202 0.0000000000
68347  -15.395  -50.997  88.159 0.0000000000
69792  -14.098  -50.238  91.044 0.0000000000
69793  -14.549  -50.349  91.283 0.0000000000
69794  -15.085  -50.296  91.229 0.0000000000
69795  -15.338  -50.364  91.044 0.0000000000
69799  -15.366  -50.273  90.627 0.0000000000
69804  -15.354  -50.445  88.960 0.0000000000
69810  -15.253  -50.090  88.962 0.0000000000
69814  -15.501  -50.588  88.108 0.0000000000
71135  -14.212  -49.147  91.474 0.0000000000
71137  -14.404  -49.480  91.249 0.0000000000
71143  -14.946  -50.162  91.065 0.0000000000
71145  -15.092  -49.724  90.039 0.0000000000
71148  -15.242  -50.041  90.854 0.0000000000
71149  -15.235  -49.819  90.337 0.0000000000
71150  -15.115  -50.067  89.863 0.0000000000
71154  -15.059  -50.131  89.840 0.0000000000
71155  -15.289  -49.953  89.865 0.0000000000
71161  -15.156  -49.894  89.130 0.0000000000
71166  -15.584  -49.778  88.123 0.0000000000
71167  -15.411  -50.026  88.439 0.0000000000
71171  -15.470  -49.343  87.634 0.0000000000
71174  -15.453  -50.091  87.211 0.0000000000
71183  -15.216  -49.891  86.943 0.0000000000
71200  -14.791  -49.804  85.292 0.0000000000
72453  -14.302  -48.798  91.312 0.0000000000
72454  -14.466  -49.091  91.265 0.0000000000
72460  -14.918  -49.281  90.804 0.0000000000
72461  -15.060  -49.083  90.797 0.0000000000
72464  -14.982  -49.420  90.068 0.0000000000
72465  -15.146  -49.260  90.120 0.0000000000
72467  -15.051  -49.079  89.856 0.0000000000
72470  -15.601  -49.044  88.463 0.0000000000
72472  -15.316  -49.129  89.126 0.0000000000
72473  -14.993  -49.526  89.659 0.0000000000
72477  -15.613  -49.187  88.218 0.0000000000
72481  -15.754  -49.197  88.010 0.0000000000
72482  -15.559  -48.981  87.899 0.0000000000
72486  -14.867  -48.827  87.222 0.0000000000
72503  -14.826  -49.522  85.604 0.0000000000
72514  -14.797  -49.631  85.392 0.0000000000
72534  -15.348  -49.899  82.941 0.0000000000
72565  -15.957  -48.696  80.115 0.0000000000
72585  -16.929  -48.550  78.693 0.0000000000
73798  -14.377  -48.222  91.192 0.0000000000
73799  -14.671  -48.513  91.084 0.0000000000
73800  -14.948  -48.173  91.128 0.0000000000
73805  -15.041  -49.073  91.171 0.0000000000
73806  -15.043  -48.652  90.741 0.0000000000
73807  -15.132  -48.982  90.535 0.0000000000
73812  -15.369  -48.303  90.534 0.0000000000
73813  -15.331  -48.763  90.277 0.0000000000
73819  -15.472  -48.512  89.841 0.0000000000
73820  -15.245  -48.889  89.995 0.0000000000
73823  -15.706  -47.990  89.086 0.0000000000
73824  -15.625  -48.492  89.234 0.0000000000
73866  -15.191  -48.014  85.048 0.0000000000
73907  -15.571  -49.230  82.225 0.0000000000
73973  -16.839  -48.204  78.985 0.0000000000
75130  -14.845  -48.095  91.074 0.0000000000
75139  -15.502  -48.124  90.349 0.0000000000
75162  -15.080  -47.445  87.309 0.0000000000
75163  -15.211  -47.786  87.747 0.0000000000
75180  -15.095  -48.136  85.773 0.0000000000
75233  -15.658  -47.469  81.679 0.0000000000
75250  -15.508  -48.008  81.441 0.0000000000
76569  -15.233  -47.215  86.889 0.0000000000
76575  -15.442  -46.945  86.284 0.0000000000
76581  -15.415  -46.521  84.603 0.0000000000
76609  -15.557  -47.359  82.135 0.0000000000
76623  -15.622  -47.379  81.906 0.0000000000
76770  -28.152  -46.612  73.960 0.0000000000
77979  -15.405  -46.278  84.668 0.0000000000
77980  -15.484  -46.134  84.978 0.0000000000
77983  -15.420  -46.442  84.492 0.0000000000
78167  -27.188  -46.575  73.141 0.0000000000
78188  -28.983  -46.000  72.705 0.0000000000
78201  -22.083  -45.432  72.227 0.0000000000
78219  -24.616  -45.777  71.077 0.0000000000
79519  -18.122  -44.708  76.556 0.0000000000
79549  -18.934  -44.957  75.067 0.0000000000
79569  -18.882  -45.607  74.955 0.0000000000
79591  -19.756  -45.198  74.274 0.0000000000
79596  -29.729  -45.590  73.381 0.0000000000
79614  -27.606  -45.798  71.794 0.0000000000
79615  -28.128  -45.845  71.943 0.0000000000
79634  -22.328  -45.101  72.230 0.0000000000
79638  -26.994  -45.621  71.569 0.0000000000
79640  -28.371  -45.453  71.609 0.0000000000
79677  -25.183  -44.803  70.597 0.0000000000
79679  -26.077  -44.979  70.504 0.0000000000
81106  -20.036  -44.751  74.130 0.0000000000
81109  -29.687  -45.327  73.051 0.0000000000
81111  -30.462  -44.631  73.774 0.0000000000
81127  -29.693  -44.542  72.883 0.0000000000
81155  -28.302  -44.351  71.105 0.0000000000
81167  -25.305  -44.543  70.442 0.0000000000
82655  -21.435  -43.380  74.091 0.0000000000
82656  -29.934  -44.179  73.057 0.0000000000
82674  -28.961  -44.326  72.078 0.0000000000
82692  -21.805  -44.000  72.618 0.0000000000
82731  -27.208  -43.450  70.042 0.0000000000
82744  -26.663  -43.134  69.654 0.0000000000
84252  -22.228  -43.162  72.646 0.0000000000
84277  -28.889  -43.144  71.238 0.0000000000
84318  -26.793  -42.710  69.451 0.0000000000
84331  -25.689  -42.162  69.397 0.0000000000
85743  -29.582  -42.515  71.518 0.0000000000
85761  -31.684  -41.609  70.186 0.0000000000
85762  -31.876  -41.592  70.050 0.0000000000
85778  -31.695  -41.540  69.902 0.0000000000
87209  -24.926  -40.958  70.512 0.0000000000
87228  -25.837  -41.260  69.418 0.0000000000
87231  -29.355  -41.281  69.852 0.0000000000
87234  -31.300  -41.476  69.629 0.0000000000
87246  -26.139  -41.719  69.188 0.0000000000
87247  -26.304  -41.794  69.104 0.0000000000
87266  -33.489  -40.736  67.889 0.0000000000
88640  -29.147  -40.474  68.133 0.0000000000
88655  -30.014  -40.086  67.491 0.0000000000
90024  -27.575  -39.526  68.931 0.0000000000
90035  -29.624  -39.860  67.560 0.0000000000
90040  -34.504  -39.599  67.545 0.0000000000
90041  -34.927  -39.457  68.000 0.0000000000
90050  -30.211  -39.682  67.340 0.0000000000
90063  -33.747  -39.255  66.689 0.0000000000
91509  -25.213  -38.640  70.591 0.0000000000
91545  -28.974  -39.197  68.058 0.0000000000
91580  -30.017  -39.370  67.382 0.0000000000
91581  -30.165  -39.480  67.323 0.0000000000
93200  -27.580  -38.487  69.187 0.0000000000
93321  -39.467  -38.221  64.400 0.0000000000
93324  -42.338  -37.765  63.989 0.0000000000
93336  -35.843  -38.061  63.838 0.0000000000
93343  -42.075  -37.497  63.585 0.0000000000
93352  -35.413  -38.311  63.300 0.0000000000
93376  -39.262  -37.543  62.047 0.0000000000
94875  -37.444  -37.617  66.429 0.0000000000
94891  -36.192  -37.639  65.150 0.0000000000
94895  -43.228  -37.558  64.140 0.0000000000
94909  -34.674  -37.934  64.199 0.0000000000
94933  -35.758  -37.980  64.141 0.0000000000
94934  -36.304  -37.910  64.447 0.0000000000
94937  -41.983  -37.209  63.176 0.0000000000
94950  -33.499  -37.569  62.728 0.0000000000
94954  -39.840  -37.428  62.161 0.0000000000
94956  -41.052  -37.060  62.403 0.0000000000
94972  -32.819  -37.174  62.241 0.0000000000
94974  -33.845  -37.954  62.165 0.0000000000
94977  -36.707  -38.091  61.542 0.0000000000
94978  -38.211  -37.639  61.785 0.0000000000
94999  -37.153  -37.711  61.068 0.0000000000
95002  -39.302  -36.684  61.283 0.0000000000
96279  -31.939  -35.911  70.181 0.0000000000
96285  -31.634  -35.743  68.400 0.0000000000
96321  -36.332  -37.577  66.071 0.0000000000
96335  -34.041  -36.948  64.511 0.0000000000
96369  -31.505  -35.786  63.260 0.0000000000
96372  -33.183  -37.148  63.266 0.0000000000
96374  -42.319  -36.917  63.073 0.0000000000
96389  -31.463  -35.822  63.001 0.0000000000
96394  -42.046  -36.588  62.617 0.0000000000
96410  -31.856  -36.322  62.240 0.0000000000
96427  -38.117  -36.590  60.839 0.0000000000
96430  -40.434  -35.981  61.393 0.0000000000
97608  -31.930  -34.498  71.054 0.0000000000
97691  -31.870  -35.675  63.959 0.0000000000
97710  -31.143  -35.525  63.383 0.0000000000
97711  -31.619  -35.737  63.543 0.0000000000
97712  -32.024  -35.994  63.576 0.0000000000
97728  -30.791  -34.835  62.959 0.0000000000
97729  -31.052  -35.302  62.800 0.0000000000
97744  -31.756  -35.720  61.754 0.0000000000
97757  -40.565  -35.331  61.019 0.0000000000
97769  -37.743  -35.486  60.025 0.0000000000
97771  -39.141  -35.427  60.249 0.0000000000
98883  -31.660  -34.317  69.882 0.0000000000
98884  -31.823  -34.249  70.588 0.0000000000
98921  -31.316  -34.487  67.277 0.0000000000
98938  -31.018  -34.365  66.904 0.0000000000
98977  -30.473  -34.226  64.885 0.0000000000
99002  -31.058  -35.029  64.504 0.0000000000
99047  -30.881  -34.554  62.717 0.0000000000
99087  -37.796  -35.159  59.804 0.0000000000
99089  -38.816  -35.030  59.884 0.0000000000
99091  -40.267  -34.848  60.526 0.0000000000
99092  -40.819  -34.412  60.448 0.0000000000
99104  -39.553  -34.479  59.865 0.0000000000
100240  -30.812  -33.492  68.912 0.0000000000
100253  -30.951  -33.893  68.340 0.0000000000
100279  -29.915  -33.697  66.558 0.0000000000
100294  -29.856  -33.665  65.743 0.0000000000
100295  -30.350  -34.115  66.028 0.0000000000
100362  -30.529  -33.597  63.117 0.0000000000
100419  -31.454  -34.388  62.165 0.0000000000
100481  -35.744  -33.178  58.671 0.0000000000
100483  -38.435  -33.669  58.910 0.0000000000
101661  -30.807  -32.611  70.101 0.0000000000
101703  -30.164  -32.767  68.809 0.0000000000
101704  -30.509  -33.321  68.582 0.0000000000
101720  -30.108  -33.039  67.968 0.0000000000
101806  -30.415  -32.933  63.676 0.0000000000
101924  -35.195  -32.223  58.643 0.0000000000
101930  -39.795  -32.840  59.015 0.0000000000
103117  -31.121  -32.225  70.695 0.0000000000
103141  -30.109  -32.329  68.335 0.0000000000
103180  -30.008  -32.134  65.791 0.0000000000
103193  -30.096  -32.063  65.018 0.0000000000
103194  -31.824  -31.376  64.782 0.0000000000
103214  -30.310  -31.893  64.550 0.0000000000
103236  -31.058  -31.867  63.768 0.0000000000
103315  -33.210  -31.608  60.368 0.0000000000
103340  -36.232  -31.977  58.416 0.0000000000
104569  -30.596  -31.515  68.919 0.0000000000
104654  -31.018  -31.432  65.047 0.0000000000
104672  -30.595  -31.689  64.532 0.0000000000
104673  -30.925  -31.516  64.608 0.0000000000
104674  -31.290  -31.386  64.769 0.0000000000
104768  -33.225  -31.413  60.329 0.0000000000
106181  -37.462  -30.356  57.860 0.0000000000
106182  -37.605  -30.511  57.870 0.0000000000
107435  -37.631  -30.249  57.831 0.0000000000
108707  -33.705  -29.069  60.054 0.0000000000
110085  -39.117  -28.720  58.034 0.0000000000
110087  -40.753  -28.301  58.407 0.0000000000
110100  -40.591  -28.438  58.239 0.0000000000
111473  -38.748  -28.038  58.010 0.0000000000
112821  -35.296  -26.488  59.257 0.0000000000
114244  -35.333  -25.373  59.702 0.0000000000
114258  -41.441  -26.727  58.333 0.0000000000
117263  -42.377  -24.358  55.304 0.0000000000
118547  -39.232  -23.740  56.430 0.0000000000
118574  -43.877  -23.462  54.662 0.0000000000
118590  -45.184  -22.968  53.975 0.0000000000
118591  -45.442  -23.040  53.917 0.0000000000
119865  -44.966  -22.881  54.001 0.0000000000
119922  -50.800  -22.426  51.679 0.0000000000
121231  -44.386  -21.711  54.153 0.0000000000
121249  -47.433  -21.236  52.762 0.0000000000
122670  -44.464  -20.851  54.322 0.0000000000
122702  -50.556  -21.191  51.105 0.0000000000
123924  -42.893  -18.475  57.572 0.0000000000
123960  -44.857  -20.190  54.348 0.0000000000
123985  -51.087  -19.929  51.003 0.0000000000
125152  -43.143  -18.294  57.719 0.0000000000
125159  -43.611  -18.728  56.558 0.0000000000
125182  -43.558  -19.347  55.929 0.0000000000
126403  -43.523  -18.309  57.253 0.0000000000
126416  -43.404  -18.426  57.094 0.0000000000
127723  -43.972  -17.839  57.912 0.0000000000
