#!ascii label  , from subject sub-36 vox2ras=TkReg
1894
145137  -42.944  -6.393  49.605 0.0000000000
144000  -51.361  -7.575  38.686 0.0000000000
155686  -49.786  0.743  53.422 0.0000000000
143901  -49.876  -7.735  45.492 0.0000000000
138884  -51.213  -10.917  53.715 0.0000000000
152177  -47.530  -2.148  40.278 0.0000000000
157129  -54.675  1.557  43.037 0.0000000000
162631  -48.829  5.053  49.410 0.0000000000
137480  -44.808  -11.768  58.731 0.0000000000
142651  -45.768  -8.492  46.164 0.0000000000
145250  -48.046  -6.627  41.965 0.0000000000
151064  -45.225  -3.583  45.447 0.0000000000
156960  -53.857  2.235  53.704 0.0000000000
154511  -53.635  -0.643  47.767 0.0000000000
158232  -55.468  2.197  49.036 0.0000000000
158272  -51.937  2.191  47.316 0.0000000000
163640  -53.667  5.958  48.412 0.0000000000
148935  -50.244  -4.486  36.184 0.0000000000
147577  -42.358  -4.917  54.188 0.0000000000
152080  -45.655  -1.996  51.361 0.0000000000
143858  -52.220  -7.890  49.455 0.0000000000
142603  -49.624  -8.824  49.511 0.0000000000
137637  -45.654  -11.411  49.414 0.0000000000
136267  -45.993  -13.188  54.157 0.0000000000
150032  -52.436  -3.802  38.705 0.0000000000
154647  -51.080  0.289  36.703 0.0000000000
153262  -49.125  -0.820  46.650 0.0000000000
155887  -50.297  0.895  41.251 0.0000000000
162733  -50.507  4.545  36.900 0.0000000000
159513  -49.862  2.885  41.217 0.0000000000
158299  -47.801  1.182  45.569 0.0000000000
143875  -44.169  -7.570  47.333 0.0000000000
146483  -45.145  -6.131  45.242 0.0000000000
147633  -43.923  -5.315  47.512 0.0000000000
161559  -54.476  4.377  53.408 0.0000000000
158208  -55.554  2.034  51.329 0.0000000000
161579  -55.756  4.449  50.829 0.0000000000
160538  -54.290  3.733  49.427 0.0000000000
146608  -51.290  -6.077  37.281 0.0000000000
148733  -41.487  -3.552  56.847 0.0000000000
148755  -43.941  -4.196  55.446 0.0000000000
140171  -50.461  -9.980  51.343 0.0000000000
137641  -47.966  -10.901  49.570 0.0000000000
136309  -48.524  -12.135  51.558 0.0000000000
136224  -45.373  -12.446  56.413 0.0000000000
138890  -40.277  -11.149  53.460 0.0000000000
143800  -39.555  -8.104  53.545 0.0000000000
141326  -37.893  -9.150  54.610 0.0000000000
145225  -51.957  -6.852  43.613 0.0000000000
147711  -48.023  -4.727  40.509 0.0000000000
147715  -50.421  -5.443  39.946 0.0000000000
150028  -49.402  -3.561  38.659 0.0000000000
152213  -51.934  -1.701  37.497 0.0000000000
153355  -49.043  -1.205  38.242 0.0000000000
154444  -47.559  -0.771  52.654 0.0000000000
153214  -47.131  -0.560  49.173 0.0000000000
155725  -49.498  0.386  50.044 0.0000000000
205724  -55.242  -0.825  45.638 0.0000000000
154537  -52.923  -0.356  45.128 0.0000000000
155875  -52.941  0.802  42.071 0.0000000000
159547  -51.136  2.544  39.327 0.0000000000
160604  -53.562  3.763  40.089 0.0000000000
160615  -49.789  4.056  39.360 0.0000000000
159495  -52.400  3.111  42.010 0.0000000000
159423  -50.647  3.050  49.176 0.0000000000
158292  -50.092  1.804  46.020 0.0000000000
158248  -48.386  2.333  48.701 0.0000000000
158266  -46.848  1.387  47.860 0.0000000000
161603  -46.613  4.331  49.435 0.0000000000
142678  -48.424  -8.497  45.316 0.0000000000
143936  -49.472  -7.742  43.464 0.0000000000
143933  -47.194  -7.677  43.717 0.0000000000
147682  -46.269  -5.255  42.791 0.0000000000
151090  -46.660  -2.947  42.897 0.0000000000
156948  -52.210  1.597  53.834 0.0000000000
155714  -51.404  0.905  50.728 0.0000000000
155706  -53.883  1.462  51.469 0.0000000000
154467  -55.731  -0.326  49.227 0.0000000000
157061  -55.049  0.865  45.962 0.0000000000
157092  -53.500  1.555  44.983 0.0000000000
158253  -53.663  1.896  48.327 0.0000000000
160536  -52.617  3.769  49.668 0.0000000000
163609  -50.615  5.810  49.380 0.0000000000
151168  -49.461  -2.705  35.786 0.0000000000
145109  -42.999  -6.045  51.959 0.0000000000
148784  -44.040  -4.120  50.337 0.0000000000
147599  -44.464  -4.479  52.259 0.0000000000
149910  -46.292  -3.419  53.649 0.0000000000
152056  -48.406  -1.820  55.594 0.0000000000
153147  -48.727  -1.458  58.728 0.0000000000
154424  -50.591  -0.197  56.242 0.0000000000
146448  -51.708  -6.950  47.487 0.0000000000
146430  -51.160  -6.724  49.714 0.0000000000
143864  -49.683  -7.703  47.804 0.0000000000
141408  -47.907  -9.668  47.705 0.0000000000
140224  -45.551  -10.218  48.137 0.0000000000
138858  -51.646  -11.180  56.038 0.0000000000
137483  -48.302  -12.742  58.485 0.0000000000
136228  -48.664  -13.032  56.199 0.0000000000
136270  -48.385  -12.703  53.968 0.0000000000
136305  -45.610  -12.918  51.905 0.0000000000
142587  -42.093  -8.153  50.529 0.0000000000
145281  -53.270  -7.083  40.099 0.0000000000
145268  -51.110  -6.487  41.632 0.0000000000
147718  -52.922  -5.177  40.532 0.0000000000
147748  -54.295  -5.589  38.449 0.0000000000
150058  -53.583  -3.891  36.871 0.0000000000
152243  -52.315  -1.582  35.611 0.0000000000
154656  -50.187  -0.092  35.247 0.0000000000
151040  -45.339  -2.211  48.387 0.0000000000
153259  -46.870  -1.398  45.843 0.0000000000
153290  -47.555  -1.321  43.648 0.0000000000
154518  -50.935  -0.366  47.184 0.0000000000
154561  -49.773  -0.461  44.162 0.0000000000
154606  -48.849  0.001  40.924 0.0000000000
157188  -49.147  1.239  39.066 0.0000000000
158442  -50.043  2.107  36.925 0.0000000000
158441  -48.506  1.882  35.957 0.0000000000
158325  -51.095  1.910  43.847 0.0000000000
158338  -48.563  1.625  42.976 0.0000000000
157126  -45.934  1.153  42.754 0.0000000000
157068  -45.862  0.780  44.967 0.0000000000
158263  -44.256  1.083  47.683 0.0000000000
145156  -43.514  -6.820  48.152 0.0000000000
146446  -44.030  -6.184  47.134 0.0000000000
147626  -43.486  -5.329  48.743 0.0000000000
161562  -55.046  4.197  52.146 0.0000000000
162616  -55.848  5.136  49.946 0.0000000000
145320  -51.653  -6.679  38.033 0.0000000000
140152  -50.966  -10.096  52.291 0.0000000000
137611  -49.604  -11.236  51.411 0.0000000000
137601  -49.441  -11.784  52.258 0.0000000000
138883  -39.928  -11.235  53.951 0.0000000000
140149  -38.996  -9.899  53.680 0.0000000000
145184  -50.860  -7.164  45.414 0.0000000000
145196  -50.957  -7.293  44.616 0.0000000000
150007  -47.749  -3.542  40.231 0.0000000000
148883  -48.522  -3.955  39.736 0.0000000000
151123  -48.089  -2.781  39.501 0.0000000000
152191  -49.102  -2.361  38.372 0.0000000000
152184  -48.255  -2.103  39.291 0.0000000000
154446  -48.996  0.303  52.972 0.0000000000
155702  -48.489  0.444  51.179 0.0000000000
155698  -49.446  0.580  52.017 0.0000000000
155836  -55.135  0.278  43.870 0.0000000000
154566  -54.223  -0.037  43.632 0.0000000000
155864  -54.255  0.799  42.484 0.0000000000
158381  -53.457  2.191  40.805 0.0000000000
158383  -54.184  2.538  41.392 0.0000000000
160581  -53.433  3.610  41.355 0.0000000000
159484  -53.546  2.648  42.191 0.0000000000
161607  -49.429  4.397  49.408 0.0000000000
159445  -49.347  2.580  48.866 0.0000000000
160531  -48.438  3.772  49.412 0.0000000000
159419  -47.605  3.331  49.505 0.0000000000
161605  -47.930  4.383  49.460 0.0000000000
142664  -46.690  -8.622  45.703 0.0000000000
142691  -47.436  -8.333  44.657 0.0000000000
143910  -46.494  -8.012  44.872 0.0000000000
148822  -45.175  -4.670  45.185 0.0000000000
147670  -45.393  -5.463  44.403 0.0000000000
148832  -45.477  -4.626  44.384 0.0000000000
148847  -46.319  -4.458  42.863 0.0000000000
151081  -45.908  -3.480  43.936 0.0000000000
156959  -53.357  1.951  53.492 0.0000000000
156966  -52.681  1.777  52.580 0.0000000000
156975  -54.119  1.864  52.258 0.0000000000
158220  -56.028  1.922  50.287 0.0000000000
155720  -55.719  0.998  50.768 0.0000000000
157029  -56.036  0.991  48.946 0.0000000000
154498  -55.971  -0.288  47.732 0.0000000000
155769  -55.372  0.786  48.058 0.0000000000
205725  -54.397  1.187  47.529 0.0000000000
158255  -55.050  1.984  48.571 0.0000000000
162637  -53.869  5.124  49.250 0.0000000000
160537  -53.473  3.730  49.611 0.0000000000
162636  -52.963  5.265  49.491 0.0000000000
161610  -52.046  4.594  49.779 0.0000000000
163611  -52.192  5.826  49.212 0.0000000000
150069  -49.917  -3.811  35.846 0.0000000000
146378  -42.761  -5.640  53.593 0.0000000000
146392  -43.965  -4.980  52.480 0.0000000000
146354  -43.461  -4.845  53.873 0.0000000000
148750  -45.177  -3.811  56.046 0.0000000000
148761  -45.559  -4.690  54.751 0.0000000000
149902  -46.603  -3.680  55.484 0.0000000000
151009  -47.432  -2.378  54.560 0.0000000000
149899  -48.035  -3.027  56.166 0.0000000000
154368  -47.986  -0.232  58.968 0.0000000000
153150  -50.394  -0.891  57.935 0.0000000000
154394  -51.231  -0.144  58.176 0.0000000000
155662  -51.977  0.713  56.768 0.0000000000
156867  -52.689  1.625  58.442 0.0000000000
145160  -52.021  -7.613  47.543 0.0000000000
146438  -52.079  -7.077  48.096 0.0000000000
145133  -51.157  -6.979  50.498 0.0000000000
143847  -50.300  -7.689  49.439 0.0000000000
145138  -50.301  -7.193  48.895 0.0000000000
143856  -49.503  -8.159  48.279 0.0000000000
142640  -48.776  -8.754  47.459 0.0000000000
141393  -48.523  -9.513  48.428 0.0000000000
137639  -47.017  -11.291  49.413 0.0000000000
138954  -46.827  -10.673  48.465 0.0000000000
138935  -45.766  -10.855  48.917 0.0000000000
136187  -46.510  -12.279  58.718 0.0000000000
136226  -47.187  -12.733  56.426 0.0000000000
136239  -47.295  -12.953  55.601 0.0000000000
136241  -48.845  -12.967  55.434 0.0000000000
136269  -47.587  -12.930  54.018 0.0000000000
136283  -47.705  -12.722  53.260 0.0000000000
136281  -46.157  -13.290  53.351 0.0000000000
143820  -41.804  -7.867  51.608 0.0000000000
142567  -41.098  -8.379  52.213 0.0000000000
142743  -52.997  -8.207  41.263 0.0000000000
143948  -49.028  -7.566  42.889 0.0000000000
145237  -50.178  -7.219  42.520 0.0000000000
145252  -49.916  -6.928  41.840 0.0000000000
148887  -51.507  -4.549  39.354 0.0000000000
147717  -52.044  -5.544  40.490 0.0000000000
148889  -52.994  -4.507  39.637 0.0000000000
148891  -54.300  -4.540  40.032 0.0000000000
150034  -53.980  -3.777  38.912 0.0000000000
147777  -53.841  -4.748  37.483 0.0000000000
151143  -53.705  -3.171  38.061 0.0000000000
153367  -51.517  -1.017  37.238 0.0000000000
153378  -52.887  -1.105  36.531 0.0000000000
154649  -52.355  -0.088  36.288 0.0000000000
153391  -51.286  -0.855  35.000 0.0000000000
157218  -51.703  1.078  35.743 0.0000000000
149921  -44.433  -3.208  51.249 0.0000000000
149929  -44.354  -2.800  49.658 0.0000000000
152085  -45.098  -2.071  49.713 0.0000000000
153238  -48.056  -0.951  47.730 0.0000000000
153237  -47.157  -1.196  47.711 0.0000000000
153260  -47.614  -1.246  46.105 0.0000000000
153280  -47.505  -1.325  44.361 0.0000000000
153281  -48.178  -1.145  44.768 0.0000000000
154476  -52.657  -0.028  49.291 0.0000000000
155767  -51.435  -0.042  48.894 0.0000000000
154510  -52.466  -0.401  47.818 0.0000000000
155846  -51.890  0.223  43.477 0.0000000000
154547  -50.933  -0.236  44.774 0.0000000000
155859  -50.330  0.167  42.801 0.0000000000
154585  -49.095  -0.132  42.422 0.0000000000
155886  -49.543  0.401  41.447 0.0000000000
155905  -48.967  0.630  39.527 0.0000000000
157166  -49.860  1.138  40.436 0.0000000000
160646  -50.760  3.616  38.237 0.0000000000
159567  -50.042  2.828  38.250 0.0000000000
160667  -50.346  3.232  36.772 0.0000000000
159597  -49.848  2.461  36.040 0.0000000000
160665  -49.441  3.334  36.110 0.0000000000
159585  -47.505  2.616  36.218 0.0000000000
161721  -48.480  4.437  36.848 0.0000000000
160600  -49.474  3.490  39.995 0.0000000000
160614  -48.745  3.656  39.349 0.0000000000
158295  -52.443  1.864  46.012 0.0000000000
158315  -52.196  1.949  44.565 0.0000000000
158304  -51.515  1.940  45.271 0.0000000000
158301  -49.111  1.552  45.267 0.0000000000
158312  -49.723  1.715  44.524 0.0000000000
158310  -48.314  1.305  44.376 0.0000000000
158320  -47.501  1.241  43.146 0.0000000000
157090  -47.221  0.946  44.443 0.0000000000
157088  -45.698  0.889  44.211 0.0000000000
157069  -46.699  0.792  45.091 0.0000000000
158245  -45.963  1.843  48.580 0.0000000000
157038  -45.565  0.953  47.202 0.0000000000
158244  -45.037  1.774  48.420 0.0000000000
158243  -44.062  1.652  48.280 0.0000000000
142649  -44.896  -8.077  46.740 0.0000000000
143898  -45.375  -7.627  45.908 0.0000000000
145170  -44.718  -7.002  46.558 0.0000000000
147653  -44.638  -5.473  46.193 0.0000000000
148805  -44.581  -4.278  46.519 0.0000000000
158194  -54.358  2.563  52.766 0.0000000000
159385  -55.121  3.003  52.165 0.0000000000
159397  -55.438  2.771  51.301 0.0000000000
159429  -55.504  2.858  49.791 0.0000000000
159428  -54.849  2.958  49.410 0.0000000000
160517  -55.804  4.036  49.862 0.0000000000
161627  -55.226  4.950  48.964 0.0000000000
147789  -51.314  -5.136  36.630 0.0000000000
147549  -41.824  -4.379  55.790 0.0000000000
147557  -43.072  -4.344  54.927 0.0000000000
148740  -42.819  -3.737  56.430 0.0000000000
141366  -49.948  -9.183  50.267 0.0000000000
140189  -48.654  -10.163  49.482 0.0000000000
138915  -49.351  -10.581  50.543 0.0000000000
137621  -48.117  -11.754  50.425 0.0000000000
137619  -46.647  -12.232  50.417 0.0000000000
137531  -45.436  -12.296  57.651 0.0000000000
136235  -44.042  -12.715  55.642 0.0000000000
140160  -40.578  -10.179  52.833 0.0000000000
142566  -40.679  -8.720  52.537 0.0000000000
141343  -39.895  -9.255  53.101 0.0000000000
142547  -38.615  -8.414  54.210 0.0000000000
146539  -48.144  -5.566  40.993 0.0000000000
146541  -49.546  -6.209  40.745 0.0000000000
147713  -49.075  -5.043  40.076 0.0000000000
147746  -50.423  -4.745  39.069 0.0000000000
150030  -50.961  -3.681  38.671 0.0000000000
151141  -52.572  -2.658  37.998 0.0000000000
151139  -50.910  -2.516  37.899 0.0000000000
152211  -50.360  -1.602  37.588 0.0000000000
154636  -49.882  -0.339  37.467 0.0000000000
153199  -46.353  -1.338  51.845 0.0000000000
153207  -46.036  -1.351  50.350 0.0000000000
153205  -46.999  -0.507  51.013 0.0000000000
154462  -48.131  0.018  49.661 0.0000000000
154490  -49.214  -0.328  48.439 0.0000000000
154497  -54.419  -0.971  47.119 0.0000000000
154528  -52.955  -0.397  46.008 0.0000000000
154538  -53.544  -0.393  44.863 0.0000000000
155847  -52.770  0.105  43.347 0.0000000000
157142  -51.763  0.840  41.677 0.0000000000
157167  -50.482  1.398  40.537 0.0000000000
157155  -52.302  1.604  40.946 0.0000000000
159549  -52.519  3.307  39.517 0.0000000000
161711  -52.005  4.610  38.436 0.0000000000
162705  -50.490  4.701  38.351 0.0000000000
161672  -52.114  4.753  40.021 0.0000000000
160589  -52.077  4.130  40.998 0.0000000000
159514  -50.819  3.103  41.365 0.0000000000
158250  -51.264  2.339  47.927 0.0000000000
158283  -51.069  1.896  46.653 0.0000000000
159458  -50.185  2.172  47.860 0.0000000000
158281  -49.488  1.760  46.852 0.0000000000
158280  -48.594  1.567  46.931 0.0000000000
157050  -47.098  1.053  46.462 0.0000000000
158267  -47.788  1.651  47.838 0.0000000000
159417  -46.450  3.109  49.571 0.0000000000
160526  -45.503  3.805  49.236 0.0000000000
142679  -49.003  -8.259  45.280 0.0000000000
143912  -49.951  -7.799  44.714 0.0000000000
142693  -48.716  -8.268  44.744 0.0000000000
143934  -47.832  -7.694  43.462 0.0000000000
145234  -47.473  -6.927  42.738 0.0000000000
145207  -45.805  -6.987  44.512 0.0000000000
146502  -46.544  -6.477  43.095 0.0000000000
146513  -47.260  -6.384  42.262 0.0000000000
147689  -46.999  -5.065  41.793 0.0000000000
149991  -46.870  -3.670  41.995 0.0000000000
151107  -47.166  -2.740  41.320 0.0000000000
156946  -50.959  1.345  53.500 0.0000000000
155700  -50.643  0.958  51.870 0.0000000000
156972  -51.875  1.540  51.758 0.0000000000
155716  -52.850  0.990  50.779 0.0000000000
154464  -53.845  0.114  50.104 0.0000000000
155708  -55.021  1.385  51.593 0.0000000000
155732  -54.853  0.348  50.448 0.0000000000
154479  -54.983  -0.819  48.394 0.0000000000
153215  -55.462  -1.143  46.979 0.0000000000
154541  -55.489  -0.392  45.258 0.0000000000
157095  -55.412  0.906  44.561 0.0000000000
157112  -54.101  1.505  44.029 0.0000000000
157073  -54.523  1.221  45.264 0.0000000000
158286  -53.357  1.679  46.801 0.0000000000
158273  -52.718  2.097  47.411 0.0000000000
159427  -54.090  2.915  49.224 0.0000000000
159449  -53.004  2.578  48.790 0.0000000000
159448  -52.187  2.701  48.682 0.0000000000
159424  -51.527  3.130  49.195 0.0000000000
161608  -50.238  4.416  49.597 0.0000000000
163608  -49.791  5.800  49.374 0.0000000000
145130  -42.903  -6.231  50.339 0.0000000000
147623  -43.461  -5.008  49.491 0.0000000000
147615  -43.610  -4.903  51.119 0.0000000000
148773  -44.398  -4.086  51.871 0.0000000000
149917  -45.170  -3.259  52.181 0.0000000000
147579  -44.322  -4.956  53.792 0.0000000000
148770  -45.261  -4.265  52.809 0.0000000000
151016  -46.101  -2.377  52.869 0.0000000000
152069  -47.064  -1.713  53.542 0.0000000000
153177  -48.064  -1.150  54.618 0.0000000000
154434  -49.113  -0.423  54.801 0.0000000000
152044  -47.466  -2.495  57.843 0.0000000000
152049  -49.142  -2.038  57.060 0.0000000000
153168  -49.631  -1.061  56.191 0.0000000000
154436  -50.547  0.630  54.739 0.0000000000
155684  -51.437  1.122  55.002 0.0000000000
156934  -52.367  1.380  55.288 0.0000000000
156942  -53.871  1.900  54.865 0.0000000000
146462  -51.377  -6.884  46.658 0.0000000000
145172  -50.819  -6.979  46.415 0.0000000000
146426  -52.342  -6.588  50.180 0.0000000000
146432  -52.331  -6.871  49.192 0.0000000000
146436  -51.156  -6.570  48.849 0.0000000000
145159  -50.603  -6.905  47.451 0.0000000000
143889  -49.716  -7.726  46.298 0.0000000000
142653  -48.751  -8.581  46.662 0.0000000000
141438  -47.830  -9.218  46.777 0.0000000000
141436  -46.568  -9.247  46.636 0.0000000000
138956  -47.804  -10.344  48.682 0.0000000000
140241  -46.651  -9.965  47.559 0.0000000000
141435  -45.828  -8.925  46.579 0.0000000000
141421  -44.315  -8.877  47.715 0.0000000000
137486  -49.966  -12.357  58.122 0.0000000000
136212  -46.593  -12.387  57.500 0.0000000000
136202  -48.929  -12.948  57.469 0.0000000000
137534  -50.330  -12.178  56.882 0.0000000000
137551  -50.516  -12.037  56.150 0.0000000000
137572  -50.233  -12.184  54.714 0.0000000000
137580  -50.045  -11.976  53.868 0.0000000000
136297  -48.711  -12.281  52.365 0.0000000000
136307  -47.171  -12.687  51.770 0.0000000000
137618  -45.826  -12.314  50.462 0.0000000000
143846  -42.333  -7.584  50.266 0.0000000000
145108  -42.534  -6.743  51.529 0.0000000000
145096  -42.305  -6.534  52.425 0.0000000000
146363  -41.646  -5.591  53.718 0.0000000000
147565  -41.293  -4.877  54.584 0.0000000000
142742  -52.324  -8.561  41.104 0.0000000000
143982  -52.228  -7.984  40.032 0.0000000000
143993  -52.675  -7.301  39.355 0.0000000000
145209  -50.509  -7.408  43.636 0.0000000000
145239  -51.477  -6.885  42.739 0.0000000000
146543  -50.932  -6.165  41.082 0.0000000000
147700  -52.265  -5.837  40.927 0.0000000000
146546  -53.341  -5.835  41.416 0.0000000000
146576  -54.775  -5.936  40.233 0.0000000000
145310  -54.021  -6.593  39.141 0.0000000000
146586  -53.085  -6.265  38.546 0.0000000000
147761  -52.727  -5.626  37.749 0.0000000000
148924  -52.516  -4.823  36.709 0.0000000000
148937  -51.945  -4.424  36.344 0.0000000000
152215  -53.447  -2.069  37.425 0.0000000000
151169  -53.119  -2.609  36.220 0.0000000000
150082  -51.768  -2.970  35.461 0.0000000000
151181  -50.589  -2.507  35.238 0.0000000000
153377  -50.009  -1.382  35.493 0.0000000000
154646  -49.027  -0.359  35.971 0.0000000000
148790  -43.877  -4.146  48.603 0.0000000000
149935  -44.212  -3.521  48.115 0.0000000000
151051  -44.955  -3.110  46.475 0.0000000000
152089  -45.738  -1.702  48.633 0.0000000000
152108  -45.831  -2.015  46.971 0.0000000000
152123  -45.688  -2.395  45.496 0.0000000000
152132  -46.539  -2.182  44.288 0.0000000000
152143  -47.165  -1.852  43.266 0.0000000000
153311  -47.441  -1.326  42.238 0.0000000000
155726  -50.261  0.554  50.105 0.0000000000
154492  -50.489  -0.224  48.527 0.0000000000
153263  -49.734  -0.609  46.919 0.0000000000
154527  -51.932  -0.355  46.216 0.0000000000
154534  -50.303  -0.469  45.904 0.0000000000
153283  -49.586  -0.680  45.501 0.0000000000
154560  -49.039  -0.626  43.901 0.0000000000
154584  -48.393  -0.574  42.499 0.0000000000
154604  -47.781  -0.951  40.478 0.0000000000
154615  -48.412  -0.753  39.498 0.0000000000
157205  -49.628  0.822  37.613 0.0000000000
158419  -50.170  2.200  39.147 0.0000000000
157196  -49.588  1.489  37.786 0.0000000000
157207  -50.579  0.889  36.561 0.0000000000
157228  -50.256  1.132  35.971 0.0000000000
157227  -49.405  1.148  35.907 0.0000000000
161691  -48.265  4.432  37.895 0.0000000000
158327  -52.863  2.040  43.830 0.0000000000
159482  -52.009  2.656  42.595 0.0000000000
159480  -50.632  2.229  42.747 0.0000000000
158303  -50.694  1.930  45.271 0.0000000000
158324  -50.313  1.804  43.807 0.0000000000
159492  -49.415  2.330  41.864 0.0000000000
159490  -48.169  1.973  41.846 0.0000000000
158358  -46.320  1.487  41.844 0.0000000000
158356  -44.916  1.544  42.134 0.0000000000
157049  -46.245  0.982  46.668 0.0000000000
157048  -45.372  0.730  46.490 0.0000000000
164526  -48.524  7.063  48.543 0.0000000000
163632  -47.635  6.207  48.847 0.0000000000
163604  -46.830  5.448  49.220 0.0000000000
162653  -45.660  5.405  48.986 0.0000000000
162651  -44.408  5.083  48.704 0.0000000000
145144  -43.040  -6.795  48.869 0.0000000000
146435  -43.434  -6.073  48.485 0.0000000000
146429  -43.220  -5.855  49.178 0.0000000000
145307  -51.881  -7.001  38.584 0.0000000000
140140  -51.746  -9.891  53.287 0.0000000000
140153  -51.337  -9.879  52.701 0.0000000000
138893  -50.945  -10.672  52.794 0.0000000000
138892  -50.427  -11.059  52.501 0.0000000000
137590  -50.274  -11.428  52.979 0.0000000000
138874  -39.775  -11.415  54.473 0.0000000000
145183  -50.407  -7.464  45.096 0.0000000000
151114  -47.424  -2.801  40.605 0.0000000000
150017  -47.988  -3.298  39.737 0.0000000000
151122  -47.668  -2.799  39.962 0.0000000000
152183  -47.782  -2.151  39.751 0.0000000000
155692  -48.983  0.383  52.515 0.0000000000
155693  -49.542  0.621  52.811 0.0000000000
155850  -55.044  0.781  43.195 0.0000000000
154567  -54.747  0.202  43.570 0.0000000000
155865  -54.513  1.259  42.512 0.0000000000
155878  -54.291  1.523  42.166 0.0000000000
157147  -54.362  1.755  42.435 0.0000000000
158364  -54.024  2.302  42.200 0.0000000000
158365  -54.160  1.896  42.906 0.0000000000
160532  -49.197  3.729  49.372 0.0000000000
161606  -48.651  4.386  49.419 0.0000000000
162630  -48.087  5.008  49.361 0.0000000000
141446  -46.343  -8.838  46.148 0.0000000000
142675  -46.438  -8.253  45.300 0.0000000000
142663  -46.071  -8.347  45.766 0.0000000000
148831  -45.295  -5.053  44.729 0.0000000000
149962  -45.522  -3.840  44.660 0.0000000000
149969  -45.720  -3.908  44.054 0.0000000000
156967  -53.355  1.854  52.791 0.0000000000
156968  -53.878  2.155  53.082 0.0000000000
158233  -55.950  2.109  49.662 0.0000000000
157015  -56.099  1.240  49.702 0.0000000000
157014  -56.071  1.649  49.113 0.0000000000
157028  -55.754  1.361  48.529 0.0000000000
157027  -55.260  1.429  48.234 0.0000000000
158256  -55.447  1.798  48.539 0.0000000000
162654  -53.413  5.672  48.962 0.0000000000
163612  -52.755  5.790  48.957 0.0000000000
147787  -49.838  -5.213  36.490 0.0000000000
148934  -49.505  -4.434  36.289 0.0000000000
150070  -50.652  -3.806  35.811 0.0000000000
146365  -42.994  -5.052  53.885 0.0000000000
146353  -43.164  -4.694  54.088 0.0000000000
149896  -45.846  -3.587  56.270 0.0000000000
149901  -46.065  -3.750  55.810 0.0000000000
149897  -46.569  -3.637  56.206 0.0000000000
149898  -47.413  -3.517  55.993 0.0000000000
149892  -47.235  -3.673  56.880 0.0000000000
155606  -51.085  0.399  58.909 0.0000000000
155646  -52.216  0.585  58.026 0.0000000000
145147  -52.246  -7.461  48.648 0.0000000000
142615  -49.938  -8.091  49.264 0.0000000000
142614  -49.529  -8.521  49.005 0.0000000000
142624  -49.118  -8.656  48.210 0.0000000000
141394  -48.918  -9.192  48.758 0.0000000000
137638  -46.304  -11.343  49.418 0.0000000000
138934  -44.998  -11.047  49.197 0.0000000000
137510  -45.897  -12.259  58.339 0.0000000000
136238  -46.497  -12.749  55.701 0.0000000000
136253  -46.646  -12.994  54.881 0.0000000000
136254  -47.443  -13.051  54.795 0.0000000000
136268  -46.796  -13.079  54.085 0.0000000000
141357  -41.459  -9.201  51.817 0.0000000000
142575  -41.398  -8.635  51.883 0.0000000000
141356  -41.250  -8.879  52.064 0.0000000000
145258  -54.192  -6.244  41.741 0.0000000000
145235  -48.545  -7.112  42.419 0.0000000000
145236  -49.406  -7.231  42.342 0.0000000000
145251  -49.021  -6.699  41.697 0.0000000000
148901  -51.955  -4.162  39.063 0.0000000000
148888  -52.206  -4.548  39.518 0.0000000000
148902  -52.592  -4.259  39.119 0.0000000000
150021  -53.853  -4.043  39.527 0.0000000000
150033  -53.243  -3.903  39.033 0.0000000000
150047  -53.565  -3.410  38.445 0.0000000000
150046  -52.894  -3.305  38.395 0.0000000000
154638  -51.936  -0.457  36.863 0.0000000000
154648  -51.557  0.166  36.591 0.0000000000
155935  -52.183  0.696  35.732 0.0000000000
155934  -51.754  0.701  36.259 0.0000000000
151024  -44.933  -2.781  51.478 0.0000000000
151031  -44.886  -2.380  50.137 0.0000000000
151032  -45.039  -2.308  50.679 0.0000000000
153251  -48.578  -0.909  47.141 0.0000000000
153250  -47.837  -1.223  46.966 0.0000000000
153261  -48.409  -1.068  46.377 0.0000000000
153272  -48.237  -1.116  45.571 0.0000000000
154495  -53.062  -0.331  48.646 0.0000000000
155860  -51.058  0.375  42.859 0.0000000000
155845  -51.181  0.219  43.511 0.0000000000
155872  -50.243  0.426  42.139 0.0000000000
154586  -49.801  0.148  42.547 0.0000000000
155895  -49.444  0.702  40.536 0.0000000000
161724  -50.660  4.112  37.476 0.0000000000
160657  -50.335  3.441  37.378 0.0000000000
161733  -50.515  3.841  36.797 0.0000000000
160666  -50.124  3.458  36.383 0.0000000000
161732  -49.890  4.205  36.584 0.0000000000
161731  -48.997  4.051  36.461 0.0000000000
161723  -49.862  4.670  36.853 0.0000000000
159531  -49.867  3.332  40.573 0.0000000000
160599  -48.775  3.277  40.037 0.0000000000
159530  -49.171  3.146  40.620 0.0000000000
159512  -48.857  2.704  41.272 0.0000000000
158285  -52.579  1.939  46.705 0.0000000000
158294  -51.673  1.904  45.976 0.0000000000
158290  -48.471  1.424  46.047 0.0000000000
157071  -47.993  1.192  44.797 0.0000000000
157091  -47.780  1.132  44.412 0.0000000000
157070  -47.544  1.028  45.168 0.0000000000
159440  -45.095  2.624  48.897 0.0000000000
143887  -45.006  -7.588  46.445 0.0000000000
145169  -44.297  -6.922  46.979 0.0000000000
147644  -44.342  -5.556  46.720 0.0000000000
148814  -44.487  -5.076  46.461 0.0000000000
148804  -44.364  -4.638  46.897 0.0000000000
159382  -54.784  3.117  52.774 0.0000000000
160491  -54.683  3.796  53.125 0.0000000000
161567  -55.362  4.418  51.544 0.0000000000
160496  -55.318  3.622  51.814 0.0000000000
160508  -55.632  3.653  50.972 0.0000000000
159407  -55.638  2.953  50.528 0.0000000000
160516  -55.631  3.521  50.185 0.0000000000
160509  -55.979  3.948  50.452 0.0000000000
163613  -55.559  6.098  49.544 0.0000000000
162639  -55.852  5.087  49.322 0.0000000000
162656  -54.890  5.383  48.811 0.0000000000
145330  -50.806  -6.654  37.459 0.0000000000
145342  -50.490  -6.330  36.949 0.0000000000
146623  -51.460  -5.625  37.049 0.0000000000
148738  -41.613  -4.106  56.483 0.0000000000
147550  -42.202  -4.269  55.778 0.0000000000
148739  -42.106  -3.825  56.429 0.0000000000
141359  -50.568  -9.318  51.201 0.0000000000
140170  -50.152  -9.910  50.946 0.0000000000
140180  -49.697  -9.868  50.395 0.0000000000
138916  -49.858  -10.249  50.774 0.0000000000
137610  -49.008  -11.771  51.447 0.0000000000
137622  -48.853  -11.262  50.677 0.0000000000
136319  -48.525  -11.880  50.989 0.0000000000
137620  -47.413  -12.075  50.381 0.0000000000
136318  -47.986  -12.198  50.982 0.0000000000
137578  -41.562  -12.225  53.666 0.0000000000
137586  -41.142  -11.743  53.160 0.0000000000
138898  -41.039  -10.957  52.638 0.0000000000
140151  -40.337  -10.661  53.198 0.0000000000
140159  -40.165  -9.744  53.001 0.0000000000
140150  -39.804  -10.268  53.408 0.0000000000
141341  -38.820  -9.486  53.674 0.0000000000
141327  -38.379  -8.785  54.389 0.0000000000
147699  -48.121  -5.116  40.669 0.0000000000
146558  -48.728  -5.410  40.580 0.0000000000
147712  -48.485  -4.936  40.371 0.0000000000
148897  -49.301  -4.016  39.067 0.0000000000
148885  -49.576  -4.662  39.392 0.0000000000
148898  -49.804  -4.340  39.019 0.0000000000
148899  -50.643  -4.291  38.899 0.0000000000
150029  -50.222  -3.712  38.650 0.0000000000
150044  -51.338  -3.214  38.226 0.0000000000
150042  -49.945  -3.196  38.368 0.0000000000
152198  -48.984  -1.894  38.343 0.0000000000
152200  -50.236  -2.066  37.868 0.0000000000
152210  -49.836  -1.688  37.739 0.0000000000
153366  -50.567  -1.012  37.307 0.0000000000
153365  -49.734  -1.113  37.678 0.0000000000
153193  -47.025  -1.022  52.296 0.0000000000
153200  -46.979  -0.750  51.584 0.0000000000
154449  -47.539  -0.460  52.067 0.0000000000
155711  -48.999  0.466  50.620 0.0000000000
155710  -48.352  0.313  50.505 0.0000000000
155724  -48.743  0.244  49.902 0.0000000000
154489  -48.635  -0.349  48.605 0.0000000000
155745  -49.266  0.147  49.460 0.0000000000
154529  -54.367  -0.667  45.754 0.0000000000
154539  -54.056  -0.429  44.797 0.0000000000
155848  -53.565  0.162  43.140 0.0000000000
154565  -53.549  -0.136  43.746 0.0000000000
155862  -52.854  0.389  42.629 0.0000000000
155861  -51.991  0.392  42.719 0.0000000000
157143  -52.271  1.029  41.582 0.0000000000
157144  -53.018  1.276  41.566 0.0000000000
158396  -53.685  2.643  40.510 0.0000000000
158395  -53.031  2.443  40.324 0.0000000000
159534  -53.232  3.074  39.985 0.0000000000
160619  -52.534  4.036  39.066 0.0000000000
160620  -53.085  4.179  39.547 0.0000000000
162699  -52.168  5.162  39.193 0.0000000000
161684  -53.147  4.393  39.897 0.0000000000
159496  -53.191  3.143  41.870 0.0000000000
160579  -52.027  3.544  41.645 0.0000000000
159515  -51.498  3.511  41.378 0.0000000000
159446  -50.356  2.400  48.545 0.0000000000
158249  -50.708  2.185  47.791 0.0000000000
159456  -48.935  2.322  48.570 0.0000000000
159457  -49.558  2.277  48.190 0.0000000000
158268  -48.792  1.998  47.899 0.0000000000
158247  -47.794  2.162  48.625 0.0000000000
160529  -47.136  3.787  49.554 0.0000000000
159442  -47.014  2.565  49.249 0.0000000000
159441  -45.972  2.737  49.260 0.0000000000
161602  -46.022  4.240  49.333 0.0000000000
142694  -49.119  -8.162  44.847 0.0000000000
143921  -46.848  -7.864  44.330 0.0000000000
143922  -47.615  -8.056  44.130 0.0000000000
145221  -47.246  -7.387  43.326 0.0000000000
145193  -45.323  -6.931  45.386 0.0000000000
145194  -45.648  -7.320  45.094 0.0000000000
145206  -45.361  -6.561  44.929 0.0000000000
147671  -45.698  -5.362  43.782 0.0000000000
146493  -45.654  -6.129  44.043 0.0000000000
146501  -46.128  -6.104  43.343 0.0000000000
146512  -46.743  -6.025  42.605 0.0000000000
146523  -46.899  -5.557  42.074 0.0000000000
147683  -46.598  -5.134  42.344 0.0000000000
149977  -46.358  -3.671  43.190 0.0000000000
149984  -46.605  -3.732  42.587 0.0000000000
151099  -46.742  -3.278  42.393 0.0000000000
149992  -47.065  -3.315  41.574 0.0000000000
151100  -46.937  -2.798  42.135 0.0000000000
156947  -51.580  1.539  53.660 0.0000000000
156956  -51.511  1.537  52.955 0.0000000000
156957  -52.123  1.671  53.120 0.0000000000
156974  -53.289  1.792  52.022 0.0000000000
156987  -53.112  1.506  51.298 0.0000000000
155717  -53.610  0.893  50.948 0.0000000000
155730  -53.345  0.411  50.299 0.0000000000
155731  -54.083  0.401  50.493 0.0000000000
158198  -55.170  2.252  51.921 0.0000000000
156976  -54.826  1.759  51.888 0.0000000000
156988  -55.325  1.587  51.589 0.0000000000
155733  -55.778  0.430  50.189 0.0000000000
154466  -55.076  -0.269  49.660 0.0000000000
153216  -55.794  -1.102  47.930 0.0000000000
155782  -55.712  0.194  47.472 0.0000000000
153241  -56.183  -0.446  47.023 0.0000000000
205721  -55.747  0.125  46.374 0.0000000000
205723  -55.768  0.421  45.463 0.0000000000
155821  -55.615  0.735  45.214 0.0000000000
157074  -55.244  0.991  45.062 0.0000000000
157040  -54.007  1.434  47.705 0.0000000000
157052  -54.176  1.262  46.996 0.0000000000
158274  -53.443  1.725  47.574 0.0000000000
159426  -53.215  3.037  49.350 0.0000000000
159425  -52.373  3.103  49.295 0.0000000000
160535  -51.759  3.794  49.545 0.0000000000
162634  -51.295  5.207  49.687 0.0000000000
161609  -51.110  4.479  49.669 0.0000000000
162633  -50.435  5.153  49.666 0.0000000000
150068  -49.227  -3.557  36.032 0.0000000000
151167  -48.974  -2.744  36.227 0.0000000000
145123  -42.881  -6.110  51.127 0.0000000000
146416  -43.139  -5.476  50.722 0.0000000000
146405  -43.331  -5.451  51.523 0.0000000000
147586  -44.204  -4.976  52.824 0.0000000000
147598  -44.178  -4.687  52.244 0.0000000000
148779  -44.510  -3.601  51.716 0.0000000000
148774  -44.762  -3.871  52.182 0.0000000000
147558  -43.733  -4.354  54.940 0.0000000000
147568  -43.577  -4.625  54.269 0.0000000000
147569  -44.396  -4.672  54.630 0.0000000000
148766  -46.195  -4.100  54.316 0.0000000000
148765  -45.734  -4.467  53.644 0.0000000000
149912  -45.757  -3.302  52.736 0.0000000000
149913  -46.260  -2.753  53.186 0.0000000000
152067  -46.271  -2.002  52.827 0.0000000000
151013  -46.752  -2.458  53.582 0.0000000000
152061  -47.934  -1.901  55.004 0.0000000000
152060  -47.578  -1.753  54.553 0.0000000000
154433  -48.566  -0.696  54.625 0.0000000000
153172  -48.875  -1.121  55.448 0.0000000000
153128  -48.261  -1.097  59.007 0.0000000000
152026  -46.976  -1.656  58.449 0.0000000000
152035  -48.091  -1.797  58.457 0.0000000000
150994  -48.258  -2.654  57.394 0.0000000000
152046  -48.948  -2.046  57.868 0.0000000000
154419  -50.869  -0.335  57.102 0.0000000000
153164  -49.875  -1.215  57.037 0.0000000000
153169  -50.124  -0.619  56.333 0.0000000000
154428  -49.854  -0.364  55.547 0.0000000000
154429  -50.718  0.387  55.310 0.0000000000
154425  -51.284  0.418  55.936 0.0000000000
155674  -52.772  1.229  56.890 0.0000000000
155679  -52.165  1.094  55.887 0.0000000000
156919  -52.579  1.378  55.878 0.0000000000
156941  -53.027  1.570  54.692 0.0000000000
156936  -53.665  1.967  55.751 0.0000000000
143879  -51.959  -8.062  46.802 0.0000000000
145174  -52.029  -7.431  46.987 0.0000000000
145173  -51.216  -6.908  46.183 0.0000000000
146461  -50.977  -6.817  47.073 0.0000000000
146425  -51.586  -6.589  50.486 0.0000000000
146431  -51.721  -6.606  49.483 0.0000000000
146437  -51.707  -6.733  48.475 0.0000000000
145145  -50.112  -7.181  48.053 0.0000000000
145158  -50.070  -7.329  47.009 0.0000000000
143877  -49.489  -7.865  47.057 0.0000000000
143888  -49.241  -8.173  46.468 0.0000000000
143876  -49.121  -8.316  47.063 0.0000000000
141427  -48.455  -9.152  47.656 0.0000000000
142652  -48.353  -8.974  46.953 0.0000000000
141437  -47.227  -9.340  46.707 0.0000000000
141425  -47.563  -9.526  47.317 0.0000000000
138939  -48.406  -10.292  49.386 0.0000000000
140207  -48.469  -9.925  48.950 0.0000000000
138938  -47.946  -10.532  49.213 0.0000000000
140225  -46.371  -10.418  47.943 0.0000000000
140240  -45.994  -9.891  47.616 0.0000000000
141423  -46.203  -9.469  47.170 0.0000000000
141422  -45.258  -9.220  47.428 0.0000000000
138867  -51.747  -10.927  55.212 0.0000000000
137463  -48.147  -12.482  59.334 0.0000000000
137484  -48.849  -12.555  58.823 0.0000000000
138815  -49.993  -12.220  58.997 0.0000000000
137485  -49.607  -12.409  58.626 0.0000000000
137548  -45.750  -12.306  57.106 0.0000000000
137532  -46.077  -12.328  57.670 0.0000000000
137549  -46.197  -12.307  57.238 0.0000000000
136227  -47.922  -13.008  56.292 0.0000000000
136214  -47.839  -12.861  57.067 0.0000000000
136216  -49.176  -12.933  56.899 0.0000000000
137513  -49.516  -12.617  57.688 0.0000000000
137533  -49.782  -12.573  56.908 0.0000000000
136229  -49.357  -12.802  56.169 0.0000000000
136256  -49.007  -12.725  54.692 0.0000000000
136257  -49.686  -12.463  54.745 0.0000000000
136272  -49.829  -12.293  54.306 0.0000000000
136271  -49.269  -12.394  53.930 0.0000000000
136285  -49.155  -12.269  53.136 0.0000000000
136284  -48.505  -12.486  53.197 0.0000000000
136294  -46.287  -13.124  52.566 0.0000000000
136295  -47.062  -12.865  52.535 0.0000000000
136306  -46.384  -12.838  51.840 0.0000000000
136316  -46.496  -12.585  51.101 0.0000000000
136315  -45.709  -12.652  51.199 0.0000000000
142601  -42.049  -8.686  50.496 0.0000000000
141379  -42.186  -9.376  50.417 0.0000000000
142602  -42.244  -8.449  49.925 0.0000000000
145122  -42.606  -6.876  50.716 0.0000000000
143835  -42.194  -7.638  51.095 0.0000000000
143809  -41.466  -7.526  52.126 0.0000000000
143810  -41.828  -7.012  52.215 0.0000000000
142560  -40.237  -8.475  52.904 0.0000000000
143801  -39.905  -7.711  53.323 0.0000000000
147563  -40.264  -5.717  54.718 0.0000000000
147574  -40.930  -5.507  54.120 0.0000000000
147564  -40.648  -5.375  54.498 0.0000000000
147554  -40.726  -4.790  55.171 0.0000000000
141511  -51.687  -9.065  41.259 0.0000000000
141512  -52.201  -8.961  41.605 0.0000000000
143984  -53.330  -7.292  40.409 0.0000000000
142752  -52.653  -8.085  40.771 0.0000000000
143983  -52.814  -7.656  40.184 0.0000000000
145295  -53.102  -7.108  39.674 0.0000000000
143925  -49.967  -7.674  43.963 0.0000000000
143937  -50.052  -7.511  43.329 0.0000000000
145253  -50.658  -6.904  41.998 0.0000000000
145238  -50.881  -7.122  42.592 0.0000000000
146560  -49.990  -5.819  40.379 0.0000000000
146542  -50.230  -6.217  40.882 0.0000000000
146561  -50.688  -5.849  40.500 0.0000000000
146563  -52.756  -5.468  40.961 0.0000000000
146545  -52.593  -5.875  41.264 0.0000000000
146564  -53.062  -5.520  41.010 0.0000000000
147703  -54.093  -5.651  40.980 0.0000000000
147720  -54.448  -5.296  40.579 0.0000000000
147749  -54.599  -5.251  38.777 0.0000000000
146589  -54.769  -5.941  39.399 0.0000000000
146588  -54.423  -6.073  38.728 0.0000000000
146587  -53.709  -6.249  38.652 0.0000000000
146599  -53.483  -5.913  38.160 0.0000000000
146598  -52.694  -5.979  38.117 0.0000000000
147762  -53.191  -5.555  37.734 0.0000000000
148926  -53.626  -4.352  37.140 0.0000000000
148925  -53.107  -4.690  36.880 0.0000000000
148939  -53.329  -4.135  36.737 0.0000000000
148938  -52.865  -4.229  36.360 0.0000000000
151154  -52.125  -2.260  37.683 0.0000000000
152202  -52.971  -2.413  37.915 0.0000000000
152214  -52.747  -1.987  37.669 0.0000000000
152228  -52.952  -1.722  36.019 0.0000000000
151184  -52.507  -2.373  35.813 0.0000000000
150083  -52.189  -2.745  35.631 0.0000000000
151183  -51.969  -2.276  35.469 0.0000000000
151182  -51.340  -2.396  35.146 0.0000000000
152242  -51.651  -1.597  35.246 0.0000000000
154657  -50.931  -0.101  35.113 0.0000000000
153390  -50.313  -0.956  35.127 0.0000000000
153376  -49.638  -1.030  35.701 0.0000000000
154655  -49.626  -0.187  35.576 0.0000000000
148783  -43.785  -4.469  50.079 0.0000000000
148788  -43.832  -4.223  49.537 0.0000000000
151034  -44.428  -2.826  48.789 0.0000000000
151038  -44.294  -3.066  48.499 0.0000000000
151039  -44.776  -2.863  48.176 0.0000000000
149936  -44.557  -3.313  47.553 0.0000000000
151042  -44.938  -2.949  47.236 0.0000000000
153208  -46.563  -0.844  50.135 0.0000000000
152087  -46.080  -1.251  49.421 0.0000000000
152090  -46.156  -1.298  48.965 0.0000000000
153249  -47.045  -1.410  46.706 0.0000000000
152109  -46.395  -1.548  47.279 0.0000000000
152117  -46.334  -1.653  46.356 0.0000000000
152116  -45.759  -2.134  46.113 0.0000000000
152124  -46.319  -1.815  45.273 0.0000000000
151073  -46.003  -2.618  44.647 0.0000000000
152133  -47.048  -1.743  43.934 0.0000000000
152152  -47.094  -1.994  42.560 0.0000000000
153301  -47.524  -1.354  42.957 0.0000000000
156984  -51.141  1.005  51.257 0.0000000000
155713  -50.610  0.831  50.900 0.0000000000
155727  -51.060  0.600  50.130 0.0000000000
154493  -51.197  -0.177  48.464 0.0000000000
155766  -50.979  -0.017  48.989 0.0000000000
154508  -50.741  -0.315  47.871 0.0000000000
154507  -50.103  -0.358  47.937 0.0000000000
154525  -50.312  -0.465  46.651 0.0000000000
154520  -52.754  -0.451  46.920 0.0000000000
154536  -51.950  -0.302  45.358 0.0000000000
154546  -50.180  -0.463  45.116 0.0000000000
153293  -49.470  -0.687  44.838 0.0000000000
154597  -49.060  -0.005  41.680 0.0000000000
154596  -48.301  -0.484  41.532 0.0000000000
154595  -47.756  -0.845  40.847 0.0000000000
154605  -48.089  -0.591  40.380 0.0000000000
155911  -49.104  0.465  38.628 0.0000000000
157195  -49.318  1.171  38.300 0.0000000000
158392  -51.046  1.847  40.178 0.0000000000
158408  -50.518  1.949  39.807 0.0000000000
158420  -50.773  2.332  39.348 0.0000000000
159577  -50.035  2.789  37.435 0.0000000000
158435  -49.784  2.105  37.632 0.0000000000
157206  -50.020  1.202  37.089 0.0000000000
157216  -50.227  1.319  36.490 0.0000000000
158449  -49.092  1.868  35.903 0.0000000000
158450  -49.656  1.858  36.026 0.0000000000
157226  -48.822  1.381  35.910 0.0000000000
157215  -48.867  0.879  35.959 0.0000000000
157214  -48.298  1.124  36.109 0.0000000000
161680  -50.379  4.456  39.138 0.0000000000
161693  -49.552  4.430  38.467 0.0000000000
160632  -49.593  4.223  38.858 0.0000000000
160613  -47.731  3.579  39.235 0.0000000000
160630  -48.060  4.182  38.510 0.0000000000
157093  -54.048  1.406  44.597 0.0000000000
158328  -53.728  1.769  43.820 0.0000000000
158316  -53.192  1.730  44.585 0.0000000000
158326  -51.928  2.063  43.853 0.0000000000
158342  -51.595  2.195  43.192 0.0000000000
159481  -51.158  2.455  42.655 0.0000000000
158341  -50.828  2.057  43.195 0.0000000000
158282  -50.309  1.886  46.705 0.0000000000
158293  -50.885  1.908  45.977 0.0000000000
158323  -49.540  1.706  43.763 0.0000000000
158339  -49.289  1.778  43.051 0.0000000000
158363  -49.663  2.043  42.471 0.0000000000
158362  -48.992  1.956  42.414 0.0000000000
159491  -48.618  2.192  41.843 0.0000000000
158361  -48.345  1.807  42.302 0.0000000000
157128  -47.165  1.180  43.099 0.0000000000
158335  -46.565  1.253  42.367 0.0000000000
158357  -45.670  1.414  41.902 0.0000000000
157140  -45.475  1.259  42.352 0.0000000000
157125  -45.075  1.211  42.785 0.0000000000
157087  -44.993  0.939  44.115 0.0000000000
157067  -45.080  0.794  44.811 0.0000000000
155820  -44.808  0.656  45.223 0.0000000000
158278  -46.677  1.176  47.125 0.0000000000
158277  -46.243  1.121  47.183 0.0000000000
158264  -44.952  1.171  47.809 0.0000000000
157037  -44.774  0.720  47.207 0.0000000000
157036  -43.931  0.779  47.220 0.0000000000
164524  -47.033  6.732  48.490 0.0000000000
163631  -46.886  6.065  48.889 0.0000000000
164522  -45.493  6.447  48.432 0.0000000000
162652  -45.250  5.045  48.974 0.0000000000
143874  -43.665  -7.548  47.806 0.0000000000
145157  -43.859  -6.859  47.507 0.0000000000
146445  -43.709  -6.125  47.813 0.0000000000
147632  -43.609  -5.533  48.148 0.0000000000
161561  -54.677  4.546  52.696 0.0000000000
162591  -54.999  5.024  51.647 0.0000000000
162603  -55.787  4.961  50.512 0.0000000000
162602  -55.344  5.206  50.975 0.0000000000
163591  -55.318  5.976  50.357 0.0000000000
164504  -55.322  6.508  49.813 0.0000000000
145331  -51.409  -6.330  37.556 0.0000000000
148723  -41.196  -3.375  57.546 0.0000000000
140163  -51.056  -9.653  52.235 0.0000000000
138908  -50.556  -10.218  51.564 0.0000000000
138907  -50.112  -10.557  51.309 0.0000000000
137612  -50.051  -10.983  51.734 0.0000000000
137602  -50.051  -11.246  52.154 0.0000000000
137600  -48.931  -12.023  51.907 0.0000000000
140139  -39.600  -10.754  53.832 0.0000000000
145185  -51.380  -7.054  45.600 0.0000000000
145197  -51.410  -7.131  44.811 0.0000000000
145211  -51.471  -7.097  44.099 0.0000000000
148870  -47.665  -4.244  40.606 0.0000000000
148871  -48.313  -4.262  40.120 0.0000000000
150008  -48.221  -3.713  39.853 0.0000000000
150018  -48.503  -3.513  39.406 0.0000000000
150027  -48.813  -3.342  38.892 0.0000000000
151137  -49.445  -2.827  38.239 0.0000000000
151131  -48.972  -2.850  38.625 0.0000000000
152190  -48.719  -2.149  38.733 0.0000000000
153354  -48.769  -1.658  38.541 0.0000000000
154445  -48.283  -0.158  52.838 0.0000000000
154450  -47.992  0.129  51.736 0.0000000000
155697  -48.700  0.425  51.945 0.0000000000
155703  -49.214  0.589  51.320 0.0000000000
155712  -49.754  0.612  50.741 0.0000000000
154552  -54.883  -0.182  44.208 0.0000000000
154540  -54.614  -0.471  44.833 0.0000000000
155849  -54.286  0.346  43.052 0.0000000000
155876  -53.606  1.046  42.068 0.0000000000
157145  -53.628  1.547  41.666 0.0000000000
157158  -54.038  2.206  41.367 0.0000000000
158397  -54.173  2.722  40.776 0.0000000000
160591  -53.534  3.905  40.755 0.0000000000
159497  -53.947  3.077  41.650 0.0000000000
160533  -50.021  3.717  49.398 0.0000000000
159422  -49.748  3.019  49.256 0.0000000000
159421  -48.915  3.131  49.302 0.0000000000
159444  -48.593  2.690  49.034 0.0000000000
159443  -47.815  2.744  49.200 0.0000000000
159420  -48.186  3.233  49.352 0.0000000000
160530  -47.760  3.808  49.504 0.0000000000
161604  -47.258  4.364  49.476 0.0000000000
142665  -47.331  -8.828  45.735 0.0000000000
142677  -47.732  -8.643  45.224 0.0000000000
142676  -46.986  -8.406  45.096 0.0000000000
147654  -44.940  -5.437  45.603 0.0000000000
146492  -45.360  -6.137  44.654 0.0000000000
148839  -45.931  -4.547  43.532 0.0000000000
148846  -46.102  -4.886  43.081 0.0000000000
149976  -46.047  -3.778  43.631 0.0000000000
151082  -46.216  -3.012  43.786 0.0000000000
156958  -52.769  1.740  53.294 0.0000000000
159398  -55.708  2.288  51.079 0.0000000000
156989  -55.696  1.427  51.099 0.0000000000
157000  -55.963  1.298  50.516 0.0000000000
155751  -56.010  0.352  49.127 0.0000000000
154480  -55.904  -0.438  48.352 0.0000000000
155770  -55.789  0.387  48.334 0.0000000000
205726  -54.948  0.782  47.391 0.0000000000
155768  -55.092  0.991  47.993 0.0000000000
157025  -54.439  1.380  48.047 0.0000000000
158254  -54.371  2.096  48.636 0.0000000000
161613  -54.489  4.516  49.293 0.0000000000
161612  -53.664  4.491  49.520 0.0000000000
161611  -52.854  4.533  49.823 0.0000000000
162613  -52.351  5.062  49.804 0.0000000000
162635  -52.137  5.257  49.709 0.0000000000
163610  -51.426  5.830  49.358 0.0000000000
150079  -49.714  -3.210  35.601 0.0000000000
145097  -43.027  -5.925  52.759 0.0000000000
146391  -43.605  -5.363  52.368 0.0000000000
146379  -43.403  -5.485  53.247 0.0000000000
146366  -43.735  -5.086  53.460 0.0000000000
148749  -44.277  -3.964  55.989 0.0000000000
148756  -44.765  -4.423  55.360 0.0000000000
148757  -45.675  -4.100  55.535 0.0000000000
148762  -46.131  -3.974  55.032 0.0000000000
149905  -46.693  -3.514  54.636 0.0000000000
151008  -46.911  -2.858  54.192 0.0000000000
149903  -47.274  -3.296  55.226 0.0000000000
151001  -47.818  -2.910  55.640 0.0000000000
151002  -48.374  -2.388  56.043 0.0000000000
153129  -49.145  -1.012  58.956 0.0000000000
153148  -49.287  -1.445  58.490 0.0000000000
154392  -50.187  -0.710  58.738 0.0000000000
154413  -50.851  -0.462  57.784 0.0000000000
154414  -51.502  0.027  57.622 0.0000000000
154420  -51.515  0.266  56.795 0.0000000000
154415  -51.929  0.411  57.339 0.0000000000
155664  -52.833  1.071  57.514 0.0000000000
143878  -51.870  -8.161  47.379 0.0000000000
145132  -50.778  -7.241  49.975 0.0000000000
145131  -50.536  -7.246  49.386 0.0000000000
145139  -50.737  -6.917  49.216 0.0000000000
143857  -49.886  -7.759  48.693 0.0000000000
143863  -49.296  -8.236  47.649 0.0000000000
141410  -48.668  -9.122  48.086 0.0000000000
141409  -48.258  -9.517  47.978 0.0000000000
137640  -47.655  -11.082  49.479 0.0000000000
138937  -47.248  -10.880  48.992 0.0000000000
138936  -46.552  -10.933  48.960 0.0000000000
138953  -46.203  -10.651  48.469 0.0000000000
141407  -45.060  -9.735  48.014 0.0000000000
140205  -45.132  -10.515  48.694 0.0000000000
136237  -45.651  -12.660  55.723 0.0000000000
136225  -46.327  -12.393  56.651 0.0000000000
136240  -48.074  -13.078  55.499 0.0000000000
136255  -48.242  -12.987  54.712 0.0000000000
136282  -46.933  -13.003  53.305 0.0000000000
136293  -45.468  -13.266  52.586 0.0000000000
140178  -42.335  -10.213  50.725 0.0000000000
141364  -41.872  -9.320  51.146 0.0000000000
142586  -41.964  -8.488  50.962 0.0000000000
143834  -41.934  -8.135  51.293 0.0000000000
142576  -41.695  -8.543  51.497 0.0000000000
142568  -41.478  -8.182  51.844 0.0000000000
145094  -41.230  -7.253  52.543 0.0000000000
143971  -53.536  -7.615  40.914 0.0000000000
145282  -53.761  -6.881  40.432 0.0000000000
143949  -49.724  -7.494  42.898 0.0000000000
147732  -50.895  -4.976  39.457 0.0000000000
147716  -51.195  -5.495  40.108 0.0000000000
147733  -51.719  -5.010  39.821 0.0000000000
147734  -52.473  -4.944  40.002 0.0000000000
148873  -53.218  -4.718  40.128 0.0000000000
148874  -53.639  -4.799  40.395 0.0000000000
148890  -53.578  -4.362  39.957 0.0000000000
150022  -54.394  -4.044  39.372 0.0000000000
148915  -54.526  -4.544  38.620 0.0000000000
147763  -54.032  -5.188  37.990 0.0000000000
150049  -54.425  -4.162  38.413 0.0000000000
150048  -54.082  -3.712  38.137 0.0000000000
150059  -53.821  -3.576  37.197 0.0000000000
153368  -52.515  -1.210  37.173 0.0000000000
154639  -52.541  -0.616  36.793 0.0000000000
153393  -52.705  -0.812  35.757 0.0000000000
153392  -52.031  -0.793  35.337 0.0000000000
154659  -52.298  0.004  35.498 0.0000000000
154658  -51.708  -0.029  35.142 0.0000000000
155947  -51.385  0.615  35.170 0.0000000000
149924  -44.206  -3.548  50.683 0.0000000000
149928  -44.120  -3.471  49.959 0.0000000000
149925  -44.425  -2.984  50.439 0.0000000000
151035  -44.921  -2.416  49.172 0.0000000000
153224  -47.620  -0.708  48.465 0.0000000000
153223  -46.799  -0.983  48.638 0.0000000000
153270  -46.789  -1.432  45.430 0.0000000000
153271  -47.280  -1.307  45.227 0.0000000000
153291  -48.126  -0.999  44.048 0.0000000000
155749  -52.270  0.277  49.706 0.0000000000
155748  -51.553  0.203  49.425 0.0000000000
154475  -52.123  0.070  49.284 0.0000000000
154494  -52.005  -0.135  48.704 0.0000000000
154509  -51.522  -0.314  47.842 0.0000000000
155834  -52.125  -0.027  44.009 0.0000000000
154548  -51.873  -0.157  44.486 0.0000000000
154563  -51.573  0.086  43.900 0.0000000000
154562  -50.830  -0.052  43.908 0.0000000000
154577  -49.896  -0.069  43.215 0.0000000000
155871  -49.521  0.211  42.065 0.0000000000
157179  -49.567  1.405  39.949 0.0000000000
159559  -50.783  2.875  38.851 0.0000000000
160645  -50.354  3.230  38.207 0.0000000000
159588  -50.099  2.625  36.988 0.0000000000
158451  -49.982  1.975  36.366 0.0000000000
159598  -50.026  2.593  36.387 0.0000000000
160672  -49.662  2.842  35.992 0.0000000000
159595  -48.807  2.370  35.910 0.0000000000
159586  -48.249  2.648  36.048 0.0000000000
160664  -48.572  3.416  36.139 0.0000000000
161730  -48.201  3.984  36.373 0.0000000000
160601  -50.429  3.739  40.162 0.0000000000
160631  -49.106  4.136  38.771 0.0000000000
159546  -48.206  3.294  39.785 0.0000000000
158306  -53.066  1.707  45.385 0.0000000000
158305  -52.348  1.885  45.297 0.0000000000
158314  -51.323  1.921  44.557 0.0000000000
158291  -49.293  1.585  46.066 0.0000000000
158302  -49.896  1.775  45.279 0.0000000000
158311  -48.971  1.505  44.477 0.0000000000
158322  -48.786  1.524  43.712 0.0000000000
158321  -47.962  1.279  43.631 0.0000000000
157109  -46.245  1.052  43.582 0.0000000000
157089  -46.490  0.875  44.318 0.0000000000
158265  -45.930  1.232  47.721 0.0000000000
142650  -45.354  -8.283  46.427 0.0000000000
142662  -45.640  -8.149  45.961 0.0000000000
145182  -45.017  -6.997  46.101 0.0000000000
146473  -44.863  -6.228  45.970 0.0000000000
146459  -44.486  -6.348  46.552 0.0000000000
148815  -44.723  -4.666  46.092 0.0000000000
149955  -45.068  -3.999  45.678 0.0000000000
158192  -54.159  2.657  53.434 0.0000000000
159381  -54.516  3.155  53.317 0.0000000000
158195  -54.833  2.602  52.423 0.0000000000
160492  -54.945  3.714  52.490 0.0000000000
159408  -55.843  2.420  50.733 0.0000000000
159430  -55.881  2.501  50.189 0.0000000000
160539  -55.194  3.772  49.489 0.0000000000
161591  -55.943  4.589  49.603 0.0000000000
160540  -55.545  4.303  49.448 0.0000000000
161614  -55.145  4.502  49.193 0.0000000000
162638  -54.459  5.108  49.086 0.0000000000
162655  -54.150  5.566  48.854 0.0000000000
148936  -51.026  -4.444  36.236 0.0000000000
147566  -42.004  -4.685  54.623 0.0000000000
147567  -42.763  -4.588  54.430 0.0000000000
147556  -42.352  -4.384  55.254 0.0000000000
148753  -42.821  -4.240  55.361 0.0000000000
148748  -43.430  -3.944  55.944 0.0000000000
148734  -42.235  -3.378  56.773 0.0000000000
142588  -50.219  -8.793  50.374 0.0000000000
141381  -49.610  -9.163  49.803 0.0000000000
141380  -49.290  -9.173  49.342 0.0000000000
140191  -49.588  -9.507  50.063 0.0000000000
138924  -49.114  -10.295  50.074 0.0000000000
138923  -48.630  -10.549  49.861 0.0000000000
137623  -49.363  -11.002  50.908 0.0000000000
137632  -48.615  -10.956  50.207 0.0000000000
137631  -48.211  -11.150  49.931 0.0000000000
137630  -47.550  -11.574  49.872 0.0000000000
137629  -46.823  -11.735  49.894 0.0000000000
137628  -46.064  -11.803  49.909 0.0000000000
137509  -45.103  -12.115  58.221 0.0000000000
137530  -44.709  -12.231  57.528 0.0000000000
137547  -45.054  -12.331  56.991 0.0000000000
136222  -43.820  -12.511  56.386 0.0000000000
136223  -44.598  -12.506  56.339 0.0000000000
136236  -44.827  -12.674  55.669 0.0000000000
140161  -41.163  -10.182  52.272 0.0000000000
141349  -41.005  -9.309  52.322 0.0000000000
141348  -40.409  -9.279  52.747 0.0000000000
142559  -39.678  -8.537  53.324 0.0000000000
141342  -39.219  -9.231  53.497 0.0000000000
142554  -39.309  -8.481  53.674 0.0000000000
146525  -48.405  -6.208  41.416 0.0000000000
146526  -48.902  -6.302  41.323 0.0000000000
146540  -48.904  -5.965  40.952 0.0000000000
146559  -49.321  -5.659  40.421 0.0000000000
147714  -49.709  -5.355  39.943 0.0000000000
148872  -48.729  -4.651  40.025 0.0000000000
147730  -49.470  -4.908  39.647 0.0000000000
147731  -50.034  -4.968  39.453 0.0000000000
147747  -50.750  -4.657  39.124 0.0000000000
148900  -51.291  -4.148  38.982 0.0000000000
150031  -51.690  -3.721  38.639 0.0000000000
150045  -52.137  -3.305  38.200 0.0000000000
151140  -51.773  -2.724  37.858 0.0000000000
151153  -51.492  -2.164  37.645 0.0000000000
151138  -50.093  -2.636  38.115 0.0000000000
152201  -50.741  -1.969  37.733 0.0000000000
152212  -51.106  -1.638  37.540 0.0000000000
154637  -50.916  -0.184  36.986 0.0000000000
153198  -45.980  -1.709  51.598 0.0000000000
153203  -45.986  -1.533  51.123 0.0000000000
153204  -46.542  -0.975  50.952 0.0000000000
154460  -46.951  -0.404  50.163 0.0000000000
154454  -47.860  0.179  50.937 0.0000000000
154461  -47.393  -0.197  49.800 0.0000000000
154488  -48.152  -0.448  48.708 0.0000000000
153225  -48.335  -0.628  48.244 0.0000000000
153252  -49.303  -0.632  47.397 0.0000000000
154521  -53.664  -0.599  46.711 0.0000000000
154551  -54.155  -0.304  44.239 0.0000000000
154564  -53.022  -0.203  43.889 0.0000000000
154549  -52.779  -0.298  44.338 0.0000000000
155873  -51.220  0.740  41.934 0.0000000000
157153  -50.761  1.100  41.098 0.0000000000
157154  -51.392  1.148  41.213 0.0000000000
157168  -51.454  1.620  40.584 0.0000000000
158393  -51.605  2.013  40.203 0.0000000000
158380  -52.883  1.996  40.662 0.0000000000
158394  -52.260  2.183  40.291 0.0000000000
159548  -51.721  2.822  39.472 0.0000000000
160618  -52.017  3.470  39.109 0.0000000000
160647  -51.174  3.896  38.332 0.0000000000
161709  -51.177  4.255  37.918 0.0000000000
162714  -50.778  4.640  38.163 0.0000000000
162707  -51.413  5.242  38.754 0.0000000000
162697  -51.359  5.050  39.082 0.0000000000
160617  -51.202  4.613  39.745 0.0000000000
161664  -52.778  4.301  40.628 0.0000000000
160603  -51.992  4.474  40.439 0.0000000000
160616  -50.724  4.360  39.658 0.0000000000
160587  -50.427  3.326  40.815 0.0000000000
158271  -51.223  2.041  47.293 0.0000000000
158270  -50.542  2.022  47.294 0.0000000000
158269  -49.804  2.029  47.459 0.0000000000
158289  -47.872  1.254  45.978 0.0000000000
157051  -47.540  1.149  46.300 0.0000000000
158279  -47.633  1.286  46.829 0.0000000000
158246  -46.917  1.927  48.684 0.0000000000
160550  -45.674  3.315  49.244 0.0000000000
160549  -45.220  3.611  49.116 0.0000000000
143911  -49.457  -8.039  45.070 0.0000000000
143924  -49.238  -7.991  44.296 0.0000000000
142692  -48.060  -8.416  44.654 0.0000000000
143923  -48.367  -8.087  44.112 0.0000000000
143935  -48.709  -7.832  43.503 0.0000000000
143947  -48.302  -7.496  42.956 0.0000000000
143909  -45.980  -7.775  45.125 0.0000000000
143920  -46.266  -7.648  44.584 0.0000000000
145208  -46.346  -7.424  44.216 0.0000000000
145219  -46.003  -6.594  43.833 0.0000000000
145220  -46.596  -7.052  43.565 0.0000000000
145233  -46.818  -6.643  42.973 0.0000000000
146524  -47.457  -5.907  41.731 0.0000000000
147690  -47.396  -5.235  41.423 0.0000000000
147697  -47.233  -4.792  41.371 0.0000000000
148853  -46.712  -4.398  42.194 0.0000000000
148860  -46.984  -4.346  41.637 0.0000000000
148861  -47.283  -4.295  41.143 0.0000000000
150000  -47.326  -3.541  40.981 0.0000000000
155687  -50.294  0.960  53.753 0.0000000000
156962  -50.490  1.037  52.478 0.0000000000
156955  -51.001  1.313  52.782 0.0000000000
156971  -51.345  1.194  51.724 0.0000000000
156985  -51.689  1.255  51.204 0.0000000000
156973  -52.549  1.710  51.860 0.0000000000
156986  -52.354  1.466  51.196 0.0000000000
155715  -52.110  0.994  50.713 0.0000000000
155729  -52.552  0.599  50.240 0.0000000000
154477  -53.572  -0.135  49.547 0.0000000000
155707  -54.601  1.377  51.575 0.0000000000
155719  -55.250  0.926  51.169 0.0000000000
155718  -54.404  0.920  50.999 0.0000000000
154465  -54.336  -0.054  49.962 0.0000000000
154478  -54.425  -0.391  49.272 0.0000000000
154496  -53.958  -0.532  48.744 0.0000000000
205720  -55.382  -0.994  46.043 0.0000000000
153227  -56.211  -0.894  47.540 0.0000000000
205722  -55.962  -0.818  46.232 0.0000000000
154553  -55.395  0.121  44.414 0.0000000000
155837  -55.339  0.644  44.094 0.0000000000
155851  -55.147  0.993  43.781 0.0000000000
157113  -54.639  1.294  43.819 0.0000000000
157094  -54.872  1.134  44.559 0.0000000000
157072  -53.723  1.470  45.389 0.0000000000
157060  -54.011  1.350  46.072 0.0000000000
158296  -53.194  1.668  46.059 0.0000000000
158231  -54.706  2.443  48.975 0.0000000000
158230  -54.341  2.478  48.963 0.0000000000
159451  -54.096  2.498  48.935 0.0000000000
159450  -53.744  2.505  48.884 0.0000000000
158252  -52.824  2.201  48.156 0.0000000000
158251  -52.058  2.508  47.976 0.0000000000
159447  -51.339  2.662  48.612 0.0000000000
160534  -50.882  3.753  49.459 0.0000000000
162632  -49.613  5.094  49.491 0.0000000000
146423  -43.133  -5.607  49.928 0.0000000000
147619  -43.492  -4.834  50.296 0.0000000000
147616  -43.879  -4.466  50.773 0.0000000000
147608  -43.825  -4.946  51.838 0.0000000000
147609  -44.071  -4.382  51.495 0.0000000000
148781  -44.099  -4.051  50.911 0.0000000000
149920  -44.187  -3.556  50.929 0.0000000000
149916  -44.853  -3.200  51.842 0.0000000000
151020  -45.171  -2.861  51.916 0.0000000000
147578  -43.964  -4.999  53.552 0.0000000000
147587  -44.521  -4.905  52.832 0.0000000000
147580  -44.994  -4.929  54.111 0.0000000000
147588  -44.976  -4.871  53.348 0.0000000000
148769  -44.763  -4.300  52.331 0.0000000000
148775  -45.105  -3.797  52.345 0.0000000000
151021  -45.648  -2.600  52.287 0.0000000000
152072  -46.081  -2.049  52.541 0.0000000000
153185  -46.670  -1.637  52.869 0.0000000000
153186  -47.170  -1.307  53.067 0.0000000000
152065  -47.210  -1.941  54.019 0.0000000000
153180  -47.457  -1.405  53.882 0.0000000000
153187  -47.711  -0.780  53.047 0.0000000000
154438  -48.497  -0.480  54.053 0.0000000000
154439  -49.223  0.247  53.689 0.0000000000
150997  -47.928  -3.186  57.085 0.0000000000
150998  -48.406  -2.779  56.697 0.0000000000
152053  -48.971  -1.871  56.359 0.0000000000
152050  -49.464  -1.631  57.384 0.0000000000
152054  -49.412  -1.554  56.820 0.0000000000
153167  -49.072  -1.418  55.991 0.0000000000
154427  -49.313  -0.668  55.391 0.0000000000
154435  -49.987  0.387  54.543 0.0000000000
155682  -50.486  0.840  54.393 0.0000000000
155683  -50.952  1.002  54.701 0.0000000000
156939  -51.616  1.429  54.431 0.0000000000
155672  -51.838  0.736  56.240 0.0000000000
156933  -51.865  1.303  54.976 0.0000000000
156940  -52.323  1.487  54.532 0.0000000000
156949  -52.882  1.634  53.976 0.0000000000
156950  -53.534  1.857  54.129 0.0000000000
156951  -54.060  2.212  54.219 0.0000000000
158177  -54.116  2.595  55.324 0.0000000000
146463  -51.884  -7.230  46.595 0.0000000000
146475  -51.779  -7.118  45.741 0.0000000000
146474  -51.410  -6.977  46.042 0.0000000000
145171  -50.256  -7.324  45.952 0.0000000000
146447  -51.161  -6.695  47.761 0.0000000000
145146  -50.620  -6.793  48.382 0.0000000000
143900  -49.376  -8.069  45.763 0.0000000000
142667  -48.836  -8.418  45.930 0.0000000000
142666  -48.128  -8.855  46.086 0.0000000000
141448  -47.503  -9.116  46.269 0.0000000000
141447  -46.941  -9.046  46.173 0.0000000000
140208  -48.957  -9.539  49.194 0.0000000000
140228  -48.294  -9.779  48.376 0.0000000000
140227  -47.881  -10.086  48.186 0.0000000000
138955  -47.486  -10.535  48.560 0.0000000000
140226  -47.117  -10.378  47.973 0.0000000000
140242  -47.303  -9.901  47.645 0.0000000000
141424  -46.919  -9.535  47.205 0.0000000000
141434  -45.365  -8.760  46.821 0.0000000000
142637  -44.588  -8.314  47.202 0.0000000000
142636  -43.993  -8.219  47.648 0.0000000000
143862  -43.205  -7.526  48.339 0.0000000000
145143  -42.750  -7.231  49.130 0.0000000000
138801  -50.017  -12.067  59.637 0.0000000000
138816  -50.517  -12.079  58.521 0.0000000000
136199  -47.141  -12.564  58.001 0.0000000000
136200  -47.848  -12.741  57.866 0.0000000000
136213  -47.172  -12.582  57.254 0.0000000000
137511  -48.368  -12.845  58.035 0.0000000000
137514  -50.147  -12.307  57.616 0.0000000000
138836  -50.661  -12.025  57.532 0.0000000000
138846  -50.869  -11.775  56.884 0.0000000000
138857  -51.069  -11.619  56.111 0.0000000000
136242  -49.528  -12.659  55.433 0.0000000000
137562  -50.139  -12.328  55.433 0.0000000000
138866  -51.234  -11.471  55.310 0.0000000000
137573  -50.743  -11.741  54.597 0.0000000000
137581  -50.754  -11.431  53.827 0.0000000000
137591  -50.812  -11.131  53.329 0.0000000000
136298  -49.252  -12.126  52.708 0.0000000000
136296  -47.833  -12.556  52.482 0.0000000000
136308  -47.910  -12.391  51.702 0.0000000000
136317  -47.284  -12.467  51.023 0.0000000000
136280  -45.319  -13.379  53.401 0.0000000000
136292  -44.697  -13.138  52.648 0.0000000000
136304  -44.784  -12.819  51.924 0.0000000000
137608  -43.879  -12.408  51.617 0.0000000000
136314  -45.094  -12.645  51.370 0.0000000000
137617  -44.932  -12.320  50.627 0.0000000000
137627  -45.191  -11.758  49.857 0.0000000000
143855  -42.536  -7.590  49.482 0.0000000000
145129  -42.660  -6.930  49.958 0.0000000000
143821  -42.019  -7.204  51.823 0.0000000000
146377  -42.185  -5.783  53.550 0.0000000000
146364  -42.290  -5.346  53.886 0.0000000000
143808  -40.974  -7.655  52.541 0.0000000000
145074  -41.364  -5.973  53.593 0.0000000000
147575  -41.214  -5.311  54.116 0.0000000000
147576  -41.788  -5.071  54.153 0.0000000000
147555  -41.549  -4.559  55.237 0.0000000000
147548  -41.137  -4.478  56.043 0.0000000000
147543  -41.117  -4.195  56.839 0.0000000000
147547  -40.146  -4.901  55.887 0.0000000000
147542  -40.386  -4.577  56.662 0.0000000000
141520  -51.368  -8.992  40.680 0.0000000000
142751  -52.220  -8.276  40.432 0.0000000000
142750  -51.680  -8.622  40.270 0.0000000000
142761  -51.926  -8.253  39.968 0.0000000000
143992  -52.003  -7.804  39.515 0.0000000000
144001  -52.147  -7.196  38.967 0.0000000000
145195  -50.481  -7.488  44.328 0.0000000000
145210  -51.006  -7.259  43.891 0.0000000000
145222  -50.472  -7.327  43.045 0.0000000000
145223  -51.033  -7.283  43.210 0.0000000000
145224  -51.528  -7.019  43.413 0.0000000000
145266  -49.732  -6.581  41.241 0.0000000000
145267  -50.455  -6.627  41.392 0.0000000000
146562  -51.342  -5.888  40.658 0.0000000000
146527  -52.283  -6.290  41.646 0.0000000000
146547  -54.010  -5.966  41.474 0.0000000000
146565  -54.480  -5.916  40.940 0.0000000000
145297  -54.369  -6.538  39.822 0.0000000000
145296  -53.569  -6.720  39.723 0.0000000000
145309  -53.164  -6.756  39.059 0.0000000000
144002  -52.602  -6.968  38.988 0.0000000000
145308  -52.421  -6.629  38.576 0.0000000000
145321  -52.223  -6.338  38.174 0.0000000000
146597  -52.162  -6.119  37.918 0.0000000000
146609  -51.871  -5.883  37.484 0.0000000000
147776  -53.455  -5.034  37.349 0.0000000000
147775  -52.652  -5.319  37.322 0.0000000000
147774  -51.935  -5.148  36.984 0.0000000000
151142  -53.298  -2.796  38.022 0.0000000000
151155  -53.496  -2.463  37.759 0.0000000000
151171  -53.970  -2.990  36.825 0.0000000000
153379  -53.158  -1.543  37.051 0.0000000000
152229  -53.514  -2.010  36.656 0.0000000000
150073  -53.384  -3.476  36.526 0.0000000000
150072  -52.467  -3.356  35.890 0.0000000000
150071  -51.481  -3.720  35.802 0.0000000000
150081  -51.014  -3.147  35.387 0.0000000000
150080  -50.290  -3.211  35.482 0.0000000000
151180  -49.989  -2.615  35.508 0.0000000000
152241  -50.884  -1.706  35.079 0.0000000000
152240  -50.188  -1.863  35.387 0.0000000000
152239  -49.766  -2.166  35.680 0.0000000000
152226  -49.368  -1.938  36.024 0.0000000000
147624  -43.662  -4.706  48.929 0.0000000000
147627  -43.742  -4.888  48.278 0.0000000000
149932  -44.078  -3.302  49.031 0.0000000000
148794  -44.053  -4.382  47.781 0.0000000000
149938  -44.386  -3.883  47.345 0.0000000000
149948  -44.762  -3.830  46.314 0.0000000000
151058  -45.104  -3.374  45.820 0.0000000000
152083  -45.414  -1.915  50.551 0.0000000000
152086  -45.563  -1.657  49.548 0.0000000000
152098  -46.289  -1.339  48.152 0.0000000000
152097  -45.786  -1.827  47.818 0.0000000000
151043  -45.384  -2.439  47.561 0.0000000000
151052  -45.323  -2.520  46.710 0.0000000000
151059  -45.317  -2.724  45.938 0.0000000000
151065  -45.489  -3.106  45.162 0.0000000000
152142  -46.749  -2.332  43.519 0.0000000000
152125  -46.900  -1.613  44.593 0.0000000000
152151  -46.910  -2.322  42.974 0.0000000000
152161  -47.136  -1.979  41.747 0.0000000000
152168  -47.320  -2.029  40.948 0.0000000000
155699  -50.217  0.875  52.147 0.0000000000
155747  -50.716  0.276  49.515 0.0000000000
155746  -49.976  0.173  49.432 0.0000000000
154491  -49.837  -0.275  48.443 0.0000000000
154506  -49.567  -0.432  47.943 0.0000000000
154519  -51.782  -0.361  47.054 0.0000000000
154535  -51.058  -0.355  45.614 0.0000000000
154526  -51.055  -0.391  46.421 0.0000000000
153274  -49.681  -0.672  46.236 0.0000000000
153273  -49.003  -0.917  45.895 0.0000000000
153282  -48.907  -0.934  45.137 0.0000000000
153292  -48.876  -0.806  44.367 0.0000000000
153303  -48.610  -0.754  43.791 0.0000000000
154576  -48.894  -0.493  43.297 0.0000000000
154575  -48.322  -0.691  42.962 0.0000000000
153312  -47.924  -0.915  42.684 0.0000000000
153321  -47.874  -0.846  42.073 0.0000000000
153320  -47.539  -1.211  41.400 0.0000000000
153330  -47.616  -1.400  40.486 0.0000000000
153341  -47.953  -1.373  39.789 0.0000000000
153346  -48.513  -1.376  38.962 0.0000000000
153347  -48.713  -0.948  38.781 0.0000000000
154616  -48.690  -0.019  39.963 0.0000000000
155920  -49.669  0.255  37.558 0.0000000000
155921  -50.101  0.379  37.206 0.0000000000
157180  -50.095  1.690  40.012 0.0000000000
158418  -49.492  1.850  39.221 0.0000000000
159558  -50.121  2.512  38.704 0.0000000000
158427  -49.620  2.037  38.477 0.0000000000
155922  -50.652  0.540  36.833 0.0000000000
157217  -50.994  0.936  36.137 0.0000000000
157229  -51.170  0.903  35.611 0.0000000000
155946  -50.655  0.516  35.439 0.0000000000
155945  -49.894  0.502  35.633 0.0000000000
155944  -49.227  0.392  35.828 0.0000000000
162723  -49.691  4.892  37.379 0.0000000000
161706  -48.732  4.530  37.512 0.0000000000
160644  -47.814  4.378  37.886 0.0000000000
158345  -54.228  1.760  43.395 0.0000000000
158344  -53.532  2.191  42.991 0.0000000000
159483  -52.883  2.645  42.434 0.0000000000
158343  -52.482  2.272  43.130 0.0000000000
159494  -51.480  2.985  41.976 0.0000000000
159493  -50.413  2.451  42.136 0.0000000000
158313  -50.506  1.853  44.546 0.0000000000
158340  -50.111  1.968  43.011 0.0000000000
159511  -47.905  2.300  41.312 0.0000000000
158379  -47.249  1.947  41.547 0.0000000000
158337  -47.916  1.457  42.764 0.0000000000
158359  -46.972  1.566  41.946 0.0000000000
158378  -46.626  1.864  41.428 0.0000000000
158377  -45.932  1.792  41.368 0.0000000000
157108  -45.451  1.025  43.488 0.0000000000
157107  -44.700  1.061  43.479 0.0000000000
157058  -46.879  0.887  45.861 0.0000000000
157057  -46.037  0.805  45.784 0.0000000000
157039  -46.003  1.068  47.202 0.0000000000
157056  -45.106  0.621  45.617 0.0000000000
158262  -43.538  1.245  47.768 0.0000000000
163657  -53.832  6.360  47.893 0.0000000000
164529  -50.935  6.806  48.436 0.0000000000
163636  -50.756  6.305  48.890 0.0000000000
163635  -49.974  6.405  48.992 0.0000000000
163634  -49.164  6.416  48.978 0.0000000000
163607  -48.992  5.741  49.263 0.0000000000
164552  -48.303  7.568  48.152 0.0000000000
163633  -48.383  6.327  48.876 0.0000000000
163606  -48.234  5.663  49.178 0.0000000000
163605  -47.506  5.582  49.200 0.0000000000
162629  -47.390  4.955  49.380 0.0000000000
162628  -46.750  4.899  49.363 0.0000000000
164523  -46.257  6.571  48.495 0.0000000000
163630  -46.093  5.772  48.947 0.0000000000
162627  -46.049  4.958  49.211 0.0000000000
162626  -45.693  4.615  49.184 0.0000000000
161625  -44.922  4.457  48.986 0.0000000000
136188  -47.018  -12.485  58.619 0.0000000000
136198  -46.545  -12.405  58.149 0.0000000000
136201  -48.401  -12.920  57.596 0.0000000000
136215  -48.497  -13.030  56.928 0.0000000000
137465  -49.718  -12.209  59.174 0.0000000000
137512  -48.884  -12.792  58.129 0.0000000000
137550  -49.963  -12.439  56.164 0.0000000000
137563  -50.684  -11.925  55.391 0.0000000000
137579  -49.533  -12.183  53.507 0.0000000000
137589  -49.634  -11.996  53.076 0.0000000000
138837  -51.236  -11.594  57.724 0.0000000000
138885  -51.559  -10.432  53.485 0.0000000000
138891  -40.640  -11.078  53.077 0.0000000000
138894  -51.413  -10.230  53.063 0.0000000000
138900  -50.404  -10.845  52.063 0.0000000000
138901  -50.703  -10.415  51.930 0.0000000000
138906  -49.616  -10.859  51.035 0.0000000000
138914  -48.836  -10.832  50.340 0.0000000000
138922  -48.163  -10.786  49.655 0.0000000000
140138  -39.210  -10.492  53.895 0.0000000000
140179  -49.329  -10.156  50.183 0.0000000000
140190  -49.137  -9.842  49.732 0.0000000000
140206  -48.000  -10.212  48.766 0.0000000000
140223  -44.841  -10.053  48.362 0.0000000000
140243  -47.669  -9.813  47.703 0.0000000000
141334  -38.593  -9.156  53.995 0.0000000000
141335  -39.020  -8.830  53.769 0.0000000000
141358  -50.129  -9.459  50.699 0.0000000000
141365  -42.088  -9.769  50.858 0.0000000000
141378  -41.995  -8.967  50.744 0.0000000000
141426  -48.122  -9.312  47.389 0.0000000000
141445  -46.002  -8.661  46.158 0.0000000000
142553  -38.959  -8.442  53.930 0.0000000000
142561  -40.709  -8.183  52.623 0.0000000000
142638  -45.082  -8.541  46.914 0.0000000000
142639  -48.434  -9.053  47.363 0.0000000000
142730  -52.645  -8.667  41.630 0.0000000000
142741  -51.848  -8.692  40.753 0.0000000000
143899  -45.710  -7.905  45.619 0.0000000000
143908  -45.583  -7.528  45.412 0.0000000000
143950  -50.113  -7.389  42.952 0.0000000000
143970  -53.005  -7.890  40.780 0.0000000000
145086  -42.947  -5.779  53.219 0.0000000000
145136  -42.754  -6.974  49.394 0.0000000000
145161  -51.954  -7.881  47.060 0.0000000000
145249  -47.544  -6.489  42.149 0.0000000000
145265  -49.225  -6.364  41.185 0.0000000000
145269  -51.542  -6.469  41.797 0.0000000000
145283  -54.482  -6.520  40.679 0.0000000000
145311  -54.565  -6.423  39.215 0.0000000000
146351  -40.270  -6.044  54.295 0.0000000000
146352  -40.721  -5.736  54.121 0.0000000000
146362  -41.076  -5.765  53.856 0.0000000000
146380  -43.961  -5.078  52.815 0.0000000000
146424  -51.155  -6.848  50.180 0.0000000000
146449  -52.069  -7.189  47.322 0.0000000000
146460  -44.787  -6.635  46.309 0.0000000000
146472  -44.586  -5.897  46.362 0.0000000000
146511  -46.225  -5.693  42.938 0.0000000000
146530  -54.007  -6.209  41.907 0.0000000000
146538  -47.657  -5.425  41.271 0.0000000000
146557  -48.374  -5.267  40.649 0.0000000000
146600  -54.009  -5.820  38.369 0.0000000000
146610  -52.415  -5.775  37.726 0.0000000000
147537  -41.013  -3.818  57.325 0.0000000000
147559  -44.198  -4.410  55.091 0.0000000000
147570  -44.947  -4.839  54.594 0.0000000000
147597  -43.917  -4.959  52.247 0.0000000000
147620  -43.829  -4.488  50.377 0.0000000000
147662  -45.189  -5.478  44.961 0.0000000000
147677  -46.010  -5.309  43.216 0.0000000000
147698  -47.644  -4.957  40.954 0.0000000000
147701  -52.512  -5.566  40.843 0.0000000000
147702  -53.787  -5.717  41.142 0.0000000000
147719  -53.674  -5.428  40.755 0.0000000000
147735  -52.919  -4.852  40.057 0.0000000000
147736  -54.769  -5.218  39.737 0.0000000000
147764  -54.436  -4.858  38.360 0.0000000000
148745  -41.656  -4.310  56.166 0.0000000000
148746  -42.013  -4.187  56.136 0.0000000000
148747  -42.617  -4.102  55.855 0.0000000000
148751  -45.692  -3.803  55.920 0.0000000000
148754  -43.261  -4.142  55.394 0.0000000000
148758  -46.099  -3.843  55.466 0.0000000000
148760  -44.905  -4.723  54.863 0.0000000000
148778  -44.291  -3.778  51.443 0.0000000000
148787  -43.642  -4.633  49.851 0.0000000000
148823  -45.374  -4.251  44.850 0.0000000000
148840  -46.186  -4.111  43.317 0.0000000000
148875  -54.046  -4.999  40.469 0.0000000000
148884  -49.030  -4.323  39.553 0.0000000000
148886  -51.016  -4.533  39.159 0.0000000000
148903  -54.618  -4.577  39.231 0.0000000000
148914  -54.337  -4.453  38.160 0.0000000000
148927  -54.043  -4.335  37.642 0.0000000000
149893  -47.887  -3.343  56.561 0.0000000000
149906  -47.212  -2.985  54.708 0.0000000000
149909  -45.825  -3.891  53.140 0.0000000000
149933  -44.377  -2.776  49.152 0.0000000000
149939  -44.658  -3.495  46.945 0.0000000000
149947  -44.547  -4.017  46.803 0.0000000000
149961  -45.308  -3.899  45.163 0.0000000000
149999  -47.055  -3.833  41.443 0.0000000000
150019  -49.017  -3.751  39.121 0.0000000000
150020  -53.433  -4.159  39.561 0.0000000000
150035  -54.453  -4.061  38.785 0.0000000000
150043  -50.583  -3.123  38.387 0.0000000000
150074  -53.769  -3.174  36.786 0.0000000000
150995  -48.784  -2.451  57.171 0.0000000000
150999  -48.879  -2.378  56.730 0.0000000000
151003  -48.681  -2.377  56.453 0.0000000000
151005  -47.627  -2.749  55.061 0.0000000000
151006  -48.044  -2.387  55.368 0.0000000000
151010  -47.793  -2.374  54.979 0.0000000000
151014  -47.085  -2.405  54.075 0.0000000000
151017  -46.422  -2.351  53.176 0.0000000000
151025  -45.397  -2.428  51.714 0.0000000000
151028  -44.777  -2.650  50.866 0.0000000000
151029  -45.161  -2.322  51.131 0.0000000000
151036  -45.384  -1.991  48.937 0.0000000000
151066  -45.835  -2.446  45.119 0.0000000000
151072  -45.784  -3.308  44.361 0.0000000000
151091  -46.896  -2.510  42.639 0.0000000000
151130  -48.517  -2.799  39.038 0.0000000000
151152  -51.064  -2.075  37.685 0.0000000000
151156  -53.787  -2.842  37.610 0.0000000000
151170  -53.643  -2.761  36.612 0.0000000000
152034  -47.395  -2.165  58.099 0.0000000000
152036  -48.790  -1.764  58.453 0.0000000000
152045  -47.942  -2.358  57.872 0.0000000000
152047  -49.468  -1.624  57.761 0.0000000000
152052  -48.632  -1.922  55.993 0.0000000000
152057  -48.781  -1.616  55.906 0.0000000000
152064  -46.923  -2.003  53.555 0.0000000000
152068  -46.614  -1.936  53.136 0.0000000000
152073  -46.393  -1.796  52.727 0.0000000000
152076  -45.910  -1.973  51.988 0.0000000000
152077  -46.255  -1.720  52.365 0.0000000000
152082  -45.215  -1.985  49.993 0.0000000000
152199  -49.457  -2.067  37.964 0.0000000000
152203  -53.075  -2.194  37.964 0.0000000000
152216  -53.747  -2.424  37.097 0.0000000000
152227  -49.830  -1.679  35.702 0.0000000000
152230  -53.822  -2.484  36.797 0.0000000000
153130  -49.717  -0.990  58.778 0.0000000000
153149  -49.986  -1.098  58.329 0.0000000000
153160  -49.529  -1.510  58.045 0.0000000000
153161  -49.902  -1.291  57.709 0.0000000000
153162  -50.389  -0.847  57.387 0.0000000000
153165  -50.262  -0.724  56.721 0.0000000000
153171  -48.295  -1.476  55.207 0.0000000000
153173  -49.434  -0.815  55.651 0.0000000000
153176  -47.517  -1.523  54.313 0.0000000000
153178  -48.654  -0.839  54.897 0.0000000000
153181  -47.809  -0.828  53.619 0.0000000000
153192  -46.618  -1.477  52.546 0.0000000000
153209  -46.858  -0.520  49.721 0.0000000000
153212  -46.136  -1.184  49.773 0.0000000000
153213  -46.524  -0.937  49.403 0.0000000000
153226  -48.810  -0.519  48.195 0.0000000000
153239  -48.708  -0.706  47.769 0.0000000000
153240  -49.129  -0.535  47.943 0.0000000000
153253  -49.758  -0.548  47.301 0.0000000000
153264  -55.590  -0.838  45.756 0.0000000000
153302  -48.114  -0.887  43.348 0.0000000000
153331  -47.812  -1.054  40.254 0.0000000000
153340  -47.677  -1.755  40.052 0.0000000000
153356  -49.397  -0.824  37.921 0.0000000000
153364  -49.464  -1.528  37.824 0.0000000000
153369  -53.008  -1.669  37.350 0.0000000000
153389  -49.935  -0.564  35.392 0.0000000000
154390  -47.503  0.056  58.495 0.0000000000
154391  -47.957  0.123  58.680 0.0000000000
154393  -50.638  -0.548  58.373 0.0000000000
154421  -51.933  0.556  57.041 0.0000000000
154423  -50.049  -0.555  56.095 0.0000000000
154430  -51.210  0.635  55.520 0.0000000000
154440  -49.807  0.611  53.872 0.0000000000
154453  -47.434  -0.245  51.322 0.0000000000
154456  -46.841  -0.542  50.575 0.0000000000
154457  -47.309  -0.194  50.586 0.0000000000
154458  -47.855  0.108  50.262 0.0000000000
154463  -48.604  0.069  49.407 0.0000000000
154470  -47.791  -0.336  49.144 0.0000000000
154471  -48.373  -0.179  49.087 0.0000000000
154472  -48.932  -0.057  49.036 0.0000000000
154473  -49.553  -0.097  48.954 0.0000000000
154474  -50.068  -0.134  48.900 0.0000000000
154516  -49.786  -0.481  47.574 0.0000000000
154517  -50.194  -0.444  47.338 0.0000000000
154550  -53.522  -0.328  44.303 0.0000000000
154578  -50.657  0.107  43.259 0.0000000000
154621  -48.603  -0.862  39.043 0.0000000000
155607  -51.424  0.965  59.104 0.0000000000
155620  -51.571  0.185  58.492 0.0000000000
155621  -51.805  0.673  58.802 0.0000000000
155645  -51.661  0.047  57.904 0.0000000000
155647  -52.704  1.080  57.959 0.0000000000
155663  -52.357  0.719  57.137 0.0000000000
155673  -52.379  1.071  56.453 0.0000000000
155677  -51.178  0.830  55.243 0.0000000000
155678  -51.663  0.937  55.527 0.0000000000
155688  -50.747  1.125  54.106 0.0000000000
155694  -50.215  0.981  52.914 0.0000000000
155704  -49.965  0.733  51.437 0.0000000000
155705  -50.531  0.902  51.542 0.0000000000
155723  -48.259  0.193  50.088 0.0000000000
155728  -51.823  0.586  50.172 0.0000000000
155744  -48.885  0.137  49.436 0.0000000000
155750  -52.891  0.240  49.808 0.0000000000
155765  -50.453  -0.026  49.090 0.0000000000
155822  -55.648  0.472  44.845 0.0000000000
155835  -52.511  -0.062  43.807 0.0000000000
155863  -53.613  0.570  42.562 0.0000000000
155874  -52.178  0.618  42.064 0.0000000000
155877  -53.997  1.287  42.076 0.0000000000
155888  -50.908  0.976  41.382 0.0000000000
155896  -50.011  1.029  40.691 0.0000000000
155933  -51.123  0.597  36.490 0.0000000000
155948  -52.122  0.760  35.098 0.0000000000
156855  -51.181  1.069  59.037 0.0000000000
156866  -52.269  1.234  58.687 0.0000000000
156883  -52.607  1.201  58.242 0.0000000000
156935  -53.090  1.603  55.451 0.0000000000
156938  -51.132  1.368  54.105 0.0000000000
156945  -50.620  1.166  53.124 0.0000000000
156954  -50.641  1.135  52.690 0.0000000000
156963  -50.860  1.089  52.199 0.0000000000
156964  -51.449  1.390  52.299 0.0000000000
156965  -52.017  1.678  52.417 0.0000000000
156970  -50.903  1.005  51.643 0.0000000000
156983  -50.805  0.939  51.328 0.0000000000
157026  -54.838  1.647  48.272 0.0000000000
157041  -54.917  1.202  48.040 0.0000000000
157059  -47.484  1.060  45.901 0.0000000000
157075  -55.625  0.843  44.890 0.0000000000
157111  -47.535  1.107  44.038 0.0000000000
157114  -55.145  1.013  44.145 0.0000000000
157127  -46.725  1.173  43.010 0.0000000000
157141  -45.792  1.223  42.285 0.0000000000
157146  -54.029  1.899  41.832 0.0000000000
157156  -53.209  1.749  41.140 0.0000000000
157157  -53.763  1.993  41.294 0.0000000000
157169  -51.901  1.855  40.511 0.0000000000
157219  -52.131  1.188  35.422 0.0000000000
157230  -51.694  1.293  35.163 0.0000000000
157231  -52.169  1.282  35.085 0.0000000000
158197  -54.684  2.167  52.305 0.0000000000
158209  -55.853  1.898  50.863 0.0000000000
158284  -51.816  1.945  46.664 0.0000000000
158300  -48.268  1.319  45.213 0.0000000000
158317  -53.778  1.589  44.248 0.0000000000
158329  -54.223  1.596  43.757 0.0000000000
158334  -46.068  1.257  42.208 0.0000000000
158360  -47.715  1.710  42.011 0.0000000000
158382  -53.962  2.354  40.988 0.0000000000
158407  -49.942  1.847  39.641 0.0000000000
158409  -51.228  2.243  39.733 0.0000000000
158410  -51.772  2.355  39.921 0.0000000000
158426  -49.337  1.600  38.759 0.0000000000
158443  -50.106  2.457  36.804 0.0000000000
158452  -50.074  2.355  36.585 0.0000000000
159418  -47.097  3.168  49.589 0.0000000000
159516  -54.406  3.183  40.954 0.0000000000
159532  -52.060  2.523  39.900 0.0000000000
159533  -52.483  2.718  39.902 0.0000000000
159535  -54.015  3.153  40.310 0.0000000000
159550  -53.022  3.673  39.613 0.0000000000
159560  -51.501  3.286  38.927 0.0000000000
159568  -50.437  3.181  38.436 0.0000000000
159578  -50.202  2.972  37.054 0.0000000000
159587  -48.879  2.874  35.985 0.0000000000
159589  -50.167  2.748  36.717 0.0000000000
159596  -49.350  2.528  35.912 0.0000000000
160527  -45.845  3.592  49.330 0.0000000000
160528  -46.513  3.710  49.526 0.0000000000
160580  -52.706  3.642  41.528 0.0000000000
160582  -53.944  3.533  41.075 0.0000000000
160588  -51.115  3.686  40.818 0.0000000000
160590  -52.975  4.021  41.035 0.0000000000
160592  -53.962  3.525  40.560 0.0000000000
160602  -51.378  4.381  40.240 0.0000000000
160605  -53.876  3.460  40.314 0.0000000000
160633  -51.182  3.431  38.681 0.0000000000
160634  -51.677  3.899  38.679 0.0000000000
160635  -52.174  4.270  38.723 0.0000000000
160656  -50.249  3.227  37.908 0.0000000000
160673  -49.928  2.964  36.165 0.0000000000
160674  -50.145  3.004  36.464 0.0000000000
161566  -54.913  4.682  52.047 0.0000000000
161580  -55.968  4.510  50.225 0.0000000000
161589  -52.197  4.935  49.829 0.0000000000
161590  -52.417  4.825  49.859 0.0000000000
161601  -45.477  4.202  49.204 0.0000000000
161615  -55.587  4.742  49.143 0.0000000000
161626  -54.845  4.896  49.084 0.0000000000
161628  -55.455  5.009  48.963 0.0000000000
161663  -52.363  4.467  40.441 0.0000000000
161665  -53.146  4.134  40.702 0.0000000000
161671  -51.562  4.755  39.760 0.0000000000
161673  -52.768  4.591  40.145 0.0000000000
161674  -53.207  4.229  40.375 0.0000000000
161679  -49.889  4.312  38.870 0.0000000000
161681  -51.147  4.830  39.302 0.0000000000
161682  -51.922  5.020  39.480 0.0000000000
161683  -52.721  4.910  39.378 0.0000000000
161692  -48.873  4.394  38.149 0.0000000000
161694  -49.831  4.511  38.705 0.0000000000
161695  -50.544  4.685  39.241 0.0000000000
161696  -52.160  4.158  38.515 0.0000000000
161697  -52.339  4.642  38.658 0.0000000000
161707  -49.501  4.752  37.792 0.0000000000
161708  -49.831  4.635  38.199 0.0000000000
161710  -51.622  4.272  38.396 0.0000000000
161722  -49.389  4.644  37.035 0.0000000000
162614  -52.583  5.005  49.796 0.0000000000
162615  -55.601  5.401  50.378 0.0000000000
162658  -55.712  5.021  48.859 0.0000000000
162698  -51.730  5.130  39.073 0.0000000000
162706  -50.944  4.738  38.694 0.0000000000
162708  -52.155  5.148  38.810 0.0000000000
162712  -49.849  5.003  37.572 0.0000000000
162713  -50.175  4.874  37.948 0.0000000000
162715  -51.330  4.729  38.362 0.0000000000
162716  -51.881  4.859  38.429 0.0000000000
162724  -50.066  4.928  37.190 0.0000000000
162725  -50.727  4.774  37.544 0.0000000000
162732  -50.107  4.680  36.792 0.0000000000
163592  -55.568  5.766  50.156 0.0000000000
163603  -46.416  5.284  49.227 0.0000000000
163614  -55.765  5.589  49.400 0.0000000000
163639  -52.956  6.013  48.496 0.0000000000
164511  -55.023  6.883  49.676 0.0000000000
205719  -56.180  -1.026  46.908 0.0000000000
205727  -55.837  0.595  45.128 0.0000000000
