#!ascii label  , from subject sub-36 vox2ras=TkReg
2070
108699  -42.905  -28.921  59.701 0.0000000000
121221  -57.594  -21.937  56.196 0.0000000000
119770  -47.146  -23.494  59.174 0.0000000000
68430  -19.493  -52.433  81.531 0.0000000000
96395  -42.847  -36.242  62.786 0.0000000000
82542  -34.011  -44.724  80.029 0.0000000000
89942  -40.861  -40.897  76.059 0.0000000000
93164  -43.366  -38.396  70.558 0.0000000000
94819  -46.521  -37.104  69.185 0.0000000000
76715  -26.134  -47.311  76.042 0.0000000000
78037  -29.982  -46.861  81.163 0.0000000000
78130  -30.525  -46.147  75.275 0.0000000000
88587  -35.845  -39.983  72.543 0.0000000000
93130  -38.829  -38.245  71.324 0.0000000000
101796  -47.887  -32.694  64.092 0.0000000000
109992  -47.909  -28.547  64.095 0.0000000000
121161  -51.765  -21.982  57.853 0.0000000000
117214  -43.865  -25.541  59.218 0.0000000000
121282  -55.461  -22.920  50.951 0.0000000000
64070  -15.268  -53.903  83.907 0.0000000000
98966  -47.766  -35.024  66.280 0.0000000000
101891  -43.285  -33.254  61.316 0.0000000000
85707  -32.128  -42.219  73.667 0.0000000000
85612  -37.021  -42.694  77.986 0.0000000000
119693  -48.591  -23.659  64.524 0.0000000000
126560  -61.000  -18.887  49.052 0.0000000000
91570  -40.978  -38.476  68.716 0.0000000000
93236  -42.590  -38.721  67.990 0.0000000000
75379  -28.879  -47.504  75.795 0.0000000000
93183  -36.725  -38.548  69.210 0.0000000000
93233  -38.607  -37.838  68.568 0.0000000000
93162  -41.510  -38.489  70.825 0.0000000000
106119  -45.537  -30.689  62.213 0.0000000000
106071  -48.190  -30.743  64.596 0.0000000000
110034  -45.493  -28.502  61.672 0.0000000000
121187  -54.727  -22.231  57.381 0.0000000000
121117  -55.243  -21.547  60.042 0.0000000000
127759  -58.883  -19.617  55.728 0.0000000000
69932  -16.964  -50.434  79.976 0.0000000000
65496  -17.114  -53.456  82.185 0.0000000000
94879  -45.125  -37.154  65.579 0.0000000000
97640  -47.186  -35.576  68.111 0.0000000000
97695  -45.486  -35.986  64.420 0.0000000000
99031  -46.027  -34.951  63.918 0.0000000000
99067  -43.390  -34.824  62.182 0.0000000000
80927  -32.200  -45.207  80.445 0.0000000000
77989  -31.432  -46.571  82.099 0.0000000000
80898  -33.710  -44.961  81.661 0.0000000000
85520  -34.988  -43.083  82.183 0.0000000000
87193  -30.468  -41.719  71.266 0.0000000000
87216  -32.000  -41.656  70.427 0.0000000000
89959  -38.030  -40.643  74.252 0.0000000000
87134  -36.043  -41.552  75.012 0.0000000000
87116  -38.605  -41.716  77.006 0.0000000000
88475  -38.924  -41.571  79.821 0.0000000000
75303  -22.133  -48.167  78.497 0.0000000000
73922  -23.686  -48.833  81.720 0.0000000000
69839  -22.822  -50.058  85.395 0.0000000000
118509  -45.442  -24.806  59.202 0.0000000000
117164  -46.461  -24.917  61.979 0.0000000000
121078  -47.813  -22.904  62.043 0.0000000000
125255  -59.540  -20.004  47.574 0.0000000000
61194  -19.429  -55.619  83.898 0.0000000000
94745  -45.648  -37.147  72.808 0.0000000000
96250  -47.312  -36.231  71.998 0.0000000000
93193  -44.912  -38.165  69.909 0.0000000000
93254  -44.393  -37.738  67.119 0.0000000000
75290  -26.297  -47.880  79.705 0.0000000000
76638  -28.133  -48.148  81.871 0.0000000000
75311  -28.709  -48.226  78.651 0.0000000000
76687  -31.016  -46.898  77.985 0.0000000000
80992  -32.504  -45.376  78.019 0.0000000000
88610  -33.885  -41.070  69.755 0.0000000000
90018  -35.484  -39.651  69.372 0.0000000000
91500  -37.698  -39.241  72.287 0.0000000000
91478  -39.909  -40.114  73.143 0.0000000000
93052  -42.085  -39.311  73.506 0.0000000000
93084  -44.146  -37.875  73.190 0.0000000000
76713  -24.387  -47.093  76.109 0.0000000000
101756  -50.251  -33.619  66.269 0.0000000000
101715  -52.733  -33.071  67.845 0.0000000000
103206  -50.567  -31.819  65.573 0.0000000000
107297  -49.894  -30.101  65.999 0.0000000000
121124  -48.915  -22.104  58.545 0.0000000000
122523  -49.826  -21.629  61.659 0.0000000000
122563  -52.331  -21.508  61.168 0.0000000000
62629  -13.386  -54.721  87.938 0.0000000000
114246  -43.010  -26.768  59.288 0.0000000000
115872  -43.198  -25.291  56.120 0.0000000000
118540  -47.078  -23.431  56.738 0.0000000000
121179  -49.187  -22.430  56.692 0.0000000000
119819  -51.133  -22.636  55.759 0.0000000000
119876  -53.964  -22.847  54.689 0.0000000000
121254  -56.672  -22.777  53.234 0.0000000000
119925  -52.917  -23.406  51.939 0.0000000000
58154  -17.618  -56.615  84.912 0.0000000000
59629  -15.888  -56.014  86.589 0.0000000000
61157  -15.154  -55.337  88.121 0.0000000000
101632  -51.219  -34.249  71.003 0.0000000000
98876  -47.899  -35.371  70.663 0.0000000000
100247  -49.172  -34.396  69.872 0.0000000000
101727  -49.905  -33.785  68.483 0.0000000000
100326  -48.216  -34.098  64.879 0.0000000000
101844  -45.776  -33.064  63.226 0.0000000000
106154  -42.779  -30.859  59.959 0.0000000000
77986  -29.258  -46.720  82.693 0.0000000000
84200  -31.403  -43.467  74.560 0.0000000000
84158  -33.441  -44.087  76.279 0.0000000000
87155  -33.878  -41.339  73.430 0.0000000000
84160  -34.593  -42.776  76.013 0.0000000000
84108  -35.133  -43.629  79.240 0.0000000000
87021  -36.922  -42.324  80.714 0.0000000000
72567  -18.726  -50.423  78.660 0.0000000000
73976  -20.610  -48.880  78.852 0.0000000000
69894  -20.923  -51.112  81.337 0.0000000000
112778  -45.449  -26.740  61.722 0.0000000000
114152  -48.002  -25.914  63.963 0.0000000000
115622  -49.763  -25.689  67.296 0.0000000000
121047  -49.842  -21.700  64.828 0.0000000000
123979  -57.815  -20.993  52.838 0.0000000000
127796  -59.275  -19.519  52.427 0.0000000000
125218  -60.763  -20.156  52.157 0.0000000000
127814  -59.896  -17.974  50.067 0.0000000000
122717  -60.313  -21.522  50.813 0.0000000000
93267  -39.478  -38.052  67.088 0.0000000000
93268  -40.232  -38.319  66.864 0.0000000000
93301  -38.305  -37.793  65.551 0.0000000000
94840  -36.911  -37.879  67.407 0.0000000000
94859  -38.199  -37.628  67.525 0.0000000000
93235  -40.056  -38.115  68.500 0.0000000000
107406  -43.957  -29.875  60.669 0.0000000000
107372  -45.644  -29.859  62.047 0.0000000000
108686  -44.440  -29.020  60.842 0.0000000000
121206  -56.683  -22.359  56.726 0.0000000000
121167  -56.343  -21.861  58.297 0.0000000000
122642  -57.489  -21.379  57.635 0.0000000000
125161  -58.436  -20.397  57.171 0.0000000000
123954  -58.422  -20.547  56.205 0.0000000000
68457  -18.101  -51.512  80.424 0.0000000000
66993  -17.197  -52.147  81.137 0.0000000000
65509  -18.300  -53.124  82.019 0.0000000000
94917  -43.981  -36.993  64.162 0.0000000000
96339  -45.304  -36.569  65.003 0.0000000000
96377  -44.026  -36.257  63.544 0.0000000000
97714  -44.549  -35.700  63.376 0.0000000000
97731  -43.061  -35.704  62.524 0.0000000000
75192  -25.210  -47.984  83.728 0.0000000000
80941  -32.948  -44.943  80.091 0.0000000000
80917  -32.765  -44.887  80.967 0.0000000000
82505  -33.797  -44.305  81.199 0.0000000000
82499  -33.940  -43.998  82.164 0.0000000000
84070  -34.092  -43.506  80.936 0.0000000000
89951  -39.361  -40.877  75.387 0.0000000000
88542  -38.496  -41.186  76.141 0.0000000000
88535  -39.786  -41.326  76.842 0.0000000000
88516  -39.997  -41.565  78.315 0.0000000000
75270  -24.969  -47.876  80.360 0.0000000000
75235  -24.752  -48.382  81.814 0.0000000000
73882  -23.885  -48.486  83.823 0.0000000000
101635  -53.238  -33.746  70.570 0.0000000000
118511  -46.561  -23.939  58.980 0.0000000000
119751  -47.106  -23.816  60.894 0.0000000000
119752  -47.519  -23.017  60.722 0.0000000000
93137  -44.592  -38.015  71.538 0.0000000000
93138  -45.539  -37.726  71.625 0.0000000000
93192  -44.027  -38.322  69.753 0.0000000000
93253  -43.509  -38.246  67.181 0.0000000000
93287  -42.064  -38.266  65.669 0.0000000000
93288  -42.952  -38.072  65.494 0.0000000000
75347  -26.657  -47.743  77.351 0.0000000000
75310  -27.878  -48.129  79.041 0.0000000000
75348  -27.523  -47.812  77.269 0.0000000000
76739  -29.789  -46.930  75.409 0.0000000000
76699  -29.802  -47.427  76.767 0.0000000000
78100  -30.766  -46.663  76.882 0.0000000000
79498  -31.474  -46.148  77.969 0.0000000000
79533  -31.199  -45.545  76.003 0.0000000000
88647  -34.326  -39.967  67.750 0.0000000000
93157  -37.814  -38.308  70.381 0.0000000000
91521  -36.990  -38.736  71.033 0.0000000000
93103  -38.382  -38.598  71.949 0.0000000000
91491  -38.793  -39.729  72.739 0.0000000000
93078  -39.456  -38.842  72.702 0.0000000000
93051  -41.442  -39.456  73.095 0.0000000000
93080  -41.013  -38.761  72.793 0.0000000000
93163  -42.349  -38.684  70.474 0.0000000000
93109  -43.079  -38.337  72.263 0.0000000000
93110  -43.923  -38.037  72.321 0.0000000000
94756  -44.904  -37.396  72.846 0.0000000000
76714  -25.239  -47.157  76.000 0.0000000000
101774  -49.692  -33.340  65.488 0.0000000000
101757  -50.828  -33.083  66.202 0.0000000000
103204  -49.371  -32.353  65.069 0.0000000000
108644  -47.442  -29.353  63.852 0.0000000000
107308  -48.686  -30.216  65.064 0.0000000000
108612  -48.698  -29.198  65.164 0.0000000000
109961  -49.942  -28.721  66.485 0.0000000000
109975  -48.752  -28.280  65.135 0.0000000000
121142  -50.353  -21.877  58.373 0.0000000000
122596  -50.802  -21.591  59.729 0.0000000000
121128  -52.033  -21.748  59.201 0.0000000000
123880  -56.468  -20.849  61.267 0.0000000000
118541  -47.694  -23.129  56.398 0.0000000000
118565  -47.666  -23.503  55.145 0.0000000000
119840  -49.737  -22.617  54.704 0.0000000000
119872  -50.883  -23.074  54.232 0.0000000000
119844  -52.488  -22.912  55.371 0.0000000000
119898  -52.382  -23.224  53.599 0.0000000000
119913  -53.733  -23.412  53.297 0.0000000000
66967  -15.336  -52.189  82.898 0.0000000000
65476  -14.936  -53.215  85.124 0.0000000000
58145  -19.714  -57.357  85.512 0.0000000000
58166  -18.813  -56.793  84.450 0.0000000000
56667  -19.096  -57.758  85.888 0.0000000000
205392  -16.281  -57.797  86.806 0.0000000000
205393  -15.222  -57.776  87.203 0.0000000000
58129  -15.708  -56.186  87.391 0.0000000000
56651  -14.254  -57.200  87.444 0.0000000000
58127  -13.724  -56.464  87.511 0.0000000000
94788  -47.138  -36.869  70.483 0.0000000000
97611  -47.588  -35.941  71.081 0.0000000000
97620  -47.503  -35.936  70.329 0.0000000000
98947  -47.196  -35.428  67.269 0.0000000000
98915  -47.569  -35.228  68.285 0.0000000000
98932  -47.946  -34.875  67.649 0.0000000000
101710  -49.701  -33.792  69.088 0.0000000000
100273  -48.752  -34.368  67.573 0.0000000000
100288  -48.981  -34.513  66.521 0.0000000000
98967  -48.412  -34.645  66.004 0.0000000000
100400  -44.468  -33.911  62.539 0.0000000000
100402  -45.577  -33.552  63.097 0.0000000000
101870  -44.357  -33.081  62.233 0.0000000000
103305  -43.838  -31.871  61.336 0.0000000000
103319  -42.938  -31.868  60.751 0.0000000000
76640  -29.115  -47.166  81.148 0.0000000000
78013  -28.565  -46.883  82.659 0.0000000000
78024  -29.366  -46.584  81.896 0.0000000000
85733  -31.225  -42.002  72.473 0.0000000000
85719  -30.712  -42.624  72.804 0.0000000000
85690  -31.873  -42.732  74.187 0.0000000000
84179  -32.462  -43.913  75.396 0.0000000000
84180  -33.215  -43.292  75.479 0.0000000000
88598  -34.492  -40.663  70.694 0.0000000000
87198  -33.960  -41.034  71.002 0.0000000000
88577  -34.920  -40.581  72.540 0.0000000000
85643  -36.539  -42.257  76.651 0.0000000000
85662  -35.766  -42.317  75.773 0.0000000000
84143  -35.767  -42.741  76.934 0.0000000000
84131  -35.163  -43.227  77.595 0.0000000000
84121  -35.755  -43.219  78.146 0.0000000000
85572  -35.766  -42.901  80.400 0.0000000000
85589  -36.911  -42.961  79.377 0.0000000000
92989  -43.540  -38.875  75.952 0.0000000000
73977  -21.309  -48.579  78.868 0.0000000000
73932  -21.744  -49.671  80.713 0.0000000000
72561  -20.989  -50.040  80.098 0.0000000000
68364  -23.186  -51.095  86.075 0.0000000000
115767  -43.533  -26.329  59.543 0.0000000000
112799  -44.537  -26.934  60.911 0.0000000000
115769  -44.692  -25.908  60.346 0.0000000000
118446  -47.611  -24.023  63.153 0.0000000000
115707  -47.196  -25.293  63.147 0.0000000000
117120  -48.053  -24.731  64.032 0.0000000000
115650  -48.948  -25.446  65.596 0.0000000000
117088  -48.997  -24.789  65.726 0.0000000000
122503  -51.060  -21.444  62.995 0.0000000000
122482  -49.585  -21.543  63.207 0.0000000000
122466  -51.137  -21.411  64.506 0.0000000000
121272  -56.322  -22.850  51.908 0.0000000000
122696  -57.575  -21.513  52.996 0.0000000000
122704  -57.072  -21.978  52.080 0.0000000000
126538  -58.555  -20.050  51.730 0.0000000000
127801  -59.280  -19.315  51.684 0.0000000000
127798  -60.022  -19.357  52.354 0.0000000000
127802  -59.688  -19.181  51.613 0.0000000000
128975  -60.376  -17.543  49.657 0.0000000000
127821  -59.659  -17.737  49.216 0.0000000000
127815  -60.530  -18.008  50.294 0.0000000000
126547  -60.989  -19.165  50.736 0.0000000000
124003  -60.822  -20.514  49.638 0.0000000000
124011  -60.343  -20.715  48.827 0.0000000000
124034  -58.778  -20.856  47.231 0.0000000000
93190  -42.455  -38.772  69.807 0.0000000000
91554  -42.603  -38.809  68.945 0.0000000000
91588  -41.600  -38.664  67.917 0.0000000000
93269  -41.046  -38.365  66.666 0.0000000000
76717  -27.658  -47.596  75.562 0.0000000000
94826  -36.428  -38.354  67.680 0.0000000000
94815  -37.624  -38.107  69.114 0.0000000000
93186  -38.527  -38.068  69.633 0.0000000000
93132  -40.368  -38.269  71.550 0.0000000000
93188  -39.887  -38.098  70.153 0.0000000000
91535  -41.312  -38.475  69.801 0.0000000000
103265  -46.270  -31.720  63.125 0.0000000000
104681  -47.690  -31.431  64.209 0.0000000000
106085  -46.754  -30.701  63.430 0.0000000000
108655  -46.713  -29.390  62.997 0.0000000000
110016  -46.807  -28.557  62.831 0.0000000000
121163  -53.296  -22.081  57.919 0.0000000000
121130  -53.499  -21.763  59.293 0.0000000000
121148  -54.857  -21.955  58.758 0.0000000000
123901  -56.929  -21.106  59.823 0.0000000000
127772  -59.618  -19.106  55.379 0.0000000000
68428  -16.112  -51.731  81.808 0.0000000000
64078  -16.212  -54.017  82.750 0.0000000000
94845  -45.663  -37.048  67.294 0.0000000000
96288  -46.783  -36.519  68.564 0.0000000000
96309  -46.066  -36.708  66.827 0.0000000000
97659  -46.674  -35.998  66.304 0.0000000000
97676  -46.708  -35.752  65.439 0.0000000000
99010  -46.913  -35.081  64.664 0.0000000000
97716  -45.755  -35.533  64.186 0.0000000000
99049  -44.260  -34.950  62.755 0.0000000000
100429  -43.457  -33.851  61.765 0.0000000000
79460  -31.233  -46.059  80.601 0.0000000000
79436  -30.529  -46.097  81.806 0.0000000000
79438  -31.675  -45.446  81.144 0.0000000000
79412  -32.409  -45.701  81.949 0.0000000000
80911  -35.285  -44.454  81.692 0.0000000000
87194  -31.129  -41.713  71.220 0.0000000000
87163  -32.116  -41.673  72.617 0.0000000000
89968  -37.134  -40.245  73.599 0.0000000000
87158  -35.945  -40.784  74.137 0.0000000000
87147  -36.959  -41.252  74.741 0.0000000000
87126  -37.354  -41.602  76.098 0.0000000000
85628  -37.782  -42.135  77.823 0.0000000000
87072  -37.944  -42.269  79.089 0.0000000000
87087  -38.890  -41.803  78.756 0.0000000000
75343  -23.276  -47.563  77.307 0.0000000000
75305  -23.491  -48.101  78.681 0.0000000000
73921  -23.123  -49.116  81.651 0.0000000000
72535  -22.556  -49.536  83.108 0.0000000000
73881  -23.249  -48.616  83.814 0.0000000000
117215  -44.753  -25.208  59.154 0.0000000000
117186  -45.211  -25.479  60.633 0.0000000000
118495  -46.225  -24.664  60.905 0.0000000000
119726  -46.987  -23.940  62.106 0.0000000000
119717  -47.935  -23.295  63.229 0.0000000000
122725  -54.488  -21.843  49.693 0.0000000000
122726  -55.478  -22.167  50.131 0.0000000000
122736  -55.044  -21.330  49.343 0.0000000000
127822  -61.109  -18.044  49.193 0.0000000000
125254  -60.497  -19.513  48.405 0.0000000000
127832  -61.043  -17.997  48.311 0.0000000000
127845  -59.976  -18.275  47.359 0.0000000000
66970  -19.983  -52.672  82.364 0.0000000000
64081  -19.564  -54.553  82.909 0.0000000000
97588  -47.413  -35.778  73.136 0.0000000000
94759  -46.381  -37.122  72.136 0.0000000000
93168  -46.512  -37.541  71.008 0.0000000000
94804  -46.303  -37.523  69.835 0.0000000000
93216  -43.721  -38.441  68.858 0.0000000000
93238  -44.032  -38.053  68.033 0.0000000000
94829  -45.214  -37.320  67.709 0.0000000000
94843  -44.734  -37.562  66.584 0.0000000000
93307  -43.646  -37.745  64.826 0.0000000000
75255  -26.073  -47.860  81.219 0.0000000000
75238  -27.236  -48.033  82.113 0.0000000000
75273  -27.483  -48.332  80.600 0.0000000000
75274  -28.415  -48.348  80.555 0.0000000000
75276  -29.869  -47.870  80.186 0.0000000000
75329  -28.989  -47.994  77.904 0.0000000000
76676  -30.258  -47.771  78.753 0.0000000000
78049  -30.862  -46.829  80.084 0.0000000000
78050  -31.433  -46.273  79.812 0.0000000000
80959  -32.496  -45.476  79.377 0.0000000000
80993  -32.979  -45.128  78.399 0.0000000000
88623  -34.555  -40.430  69.190 0.0000000000
89999  -35.668  -39.779  71.333 0.0000000000
91548  -35.867  -39.137  68.937 0.0000000000
91519  -35.973  -39.321  70.499 0.0000000000
89987  -36.450  -39.609  72.451 0.0000000000
89979  -37.489  -39.867  73.092 0.0000000000
91477  -39.083  -40.412  73.708 0.0000000000
91442  -40.506  -40.422  75.233 0.0000000000
91427  -41.936  -39.777  76.450 0.0000000000
91462  -41.363  -39.832  74.884 0.0000000000
93027  -42.085  -39.502  74.634 0.0000000000
93029  -43.653  -38.705  74.689 0.0000000000
93107  -41.457  -38.399  72.241 0.0000000000
93082  -42.550  -38.716  72.958 0.0000000000
94704  -44.189  -38.066  74.621 0.0000000000
94706  -44.956  -37.336  74.293 0.0000000000
75344  -24.071  -47.470  77.266 0.0000000000
101713  -51.610  -33.473  68.350 0.0000000000
101730  -51.632  -33.369  67.536 0.0000000000
101746  -51.927  -32.638  66.769 0.0000000000
103176  -52.289  -32.114  66.680 0.0000000000
104661  -49.587  -31.531  65.240 0.0000000000
104645  -50.402  -31.033  65.684 0.0000000000
119772  -48.237  -22.429  58.815 0.0000000000
121101  -48.198  -22.382  60.461 0.0000000000
121103  -49.633  -21.527  60.581 0.0000000000
122545  -51.045  -21.596  61.558 0.0000000000
122527  -52.442  -21.446  62.579 0.0000000000
122582  -53.666  -21.495  60.618 0.0000000000
122549  -53.803  -21.297  62.006 0.0000000000
111475  -41.133  -27.750  58.726 0.0000000000
111460  -42.461  -27.801  59.463 0.0000000000
112828  -41.945  -27.098  58.857 0.0000000000
115806  -41.811  -26.336  58.200 0.0000000000
117221  -42.751  -25.703  57.868 0.0000000000
117230  -43.405  -25.360  57.467 0.0000000000
117231  -44.203  -25.041  57.567 0.0000000000
117232  -44.995  -24.676  57.640 0.0000000000
118528  -46.064  -24.036  57.643 0.0000000000
118529  -46.751  -23.534  57.602 0.0000000000
119787  -47.964  -22.741  57.535 0.0000000000
121140  -49.022  -22.181  57.747 0.0000000000
121159  -50.333  -22.000  57.549 0.0000000000
119839  -49.137  -22.769  54.934 0.0000000000
119802  -49.855  -22.444  56.202 0.0000000000
121201  -51.684  -22.347  56.651 0.0000000000
119822  -53.416  -22.650  56.216 0.0000000000
119847  -54.813  -22.626  55.581 0.0000000000
119879  -56.119  -22.739  55.097 0.0000000000
121244  -57.271  -22.414  54.649 0.0000000000
119902  -55.423  -23.027  54.182 0.0000000000
119927  -55.355  -23.304  52.603 0.0000000000
118617  -54.010  -23.483  51.406 0.0000000000
121280  -53.815  -22.640  50.473 0.0000000000
62666  -18.397  -54.884  83.145 0.0000000000
61191  -17.144  -55.780  83.703 0.0000000000
61190  -16.218  -55.573  83.821 0.0000000000
55228  -17.673  -57.948  86.317 0.0000000000
58136  -16.765  -56.691  85.724 0.0000000000
62648  -15.620  -55.163  85.202 0.0000000000
62641  -15.781  -54.729  86.650 0.0000000000
62636  -15.824  -54.679  87.357 0.0000000000
64033  -15.581  -54.151  88.152 0.0000000000
61151  -14.218  -55.023  88.109 0.0000000000
101653  -52.094  -33.622  70.420 0.0000000000
100203  -49.208  -34.601  71.768 0.0000000000
98889  -47.852  -35.313  69.861 0.0000000000
98890  -48.418  -34.880  70.258 0.0000000000
101669  -50.299  -33.914  70.290 0.0000000000
101670  -50.852  -33.621  70.110 0.0000000000
101693  -50.914  -33.504  69.375 0.0000000000
100275  -50.206  -34.173  67.606 0.0000000000
100306  -49.632  -34.045  66.071 0.0000000000
100350  -48.379  -33.623  64.693 0.0000000000
99032  -46.698  -34.331  63.991 0.0000000000
100375  -46.966  -33.672  63.836 0.0000000000
101821  -46.747  -32.970  63.607 0.0000000000
104715  -45.428  -31.845  62.554 0.0000000000
106117  -44.591  -31.033  61.454 0.0000000000
107415  -42.801  -30.106  59.589 0.0000000000
97745  -41.513  -35.713  61.668 0.0000000000
99078  -41.828  -34.880  61.272 0.0000000000
100456  -41.080  -33.850  60.129 0.0000000000
101914  -41.641  -32.855  59.968 0.0000000000
103331  -41.778  -32.311  59.937 0.0000000000
104795  -41.287  -30.967  59.032 0.0000000000
107431  -41.629  -30.104  58.944 0.0000000000
110088  -41.417  -28.450  58.788 0.0000000000
76588  -30.072  -46.990  82.048 0.0000000000
81110  -30.059  -44.994  73.392 0.0000000000
84218  -30.223  -43.832  73.227 0.0000000000
81076  -31.050  -45.037  74.831 0.0000000000
81078  -32.068  -44.837  75.586 0.0000000000
82570  -33.082  -44.854  77.213 0.0000000000
82572  -33.728  -44.516  78.321 0.0000000000
87236  -32.748  -41.467  69.423 0.0000000000
87178  -32.995  -41.310  71.959 0.0000000000
87154  -33.304  -41.546  73.317 0.0000000000
87144  -35.055  -41.340  74.288 0.0000000000
85694  -34.545  -41.661  74.545 0.0000000000
84203  -33.412  -42.299  75.048 0.0000000000
84159  -33.997  -43.380  76.162 0.0000000000
84130  -34.601  -43.617  77.841 0.0000000000
84096  -34.569  -43.864  80.029 0.0000000000
85571  -35.066  -42.974  80.915 0.0000000000
85539  -35.592  -42.629  81.761 0.0000000000
71247  -18.005  -50.810  79.701 0.0000000000
69921  -19.075  -51.246  79.988 0.0000000000
75318  -20.284  -48.323  77.629 0.0000000000
74001  -19.120  -48.440  77.292 0.0000000000
72579  -19.650  -49.944  78.602 0.0000000000
71250  -20.125  -50.831  79.908 0.0000000000
68431  -20.015  -52.068  81.611 0.0000000000
68409  -20.842  -52.143  83.002 0.0000000000
68389  -22.384  -51.101  84.696 0.0000000000
111428  -44.366  -27.891  60.788 0.0000000000
111409  -45.405  -27.831  61.647 0.0000000000
111387  -46.818  -27.385  62.669 0.0000000000
115728  -45.984  -25.577  61.721 0.0000000000
112738  -46.892  -26.490  62.821 0.0000000000
111362  -48.195  -27.414  64.316 0.0000000000
112704  -49.015  -26.835  65.404 0.0000000000
121079  -48.427  -22.451  62.171 0.0000000000
121068  -48.512  -22.651  63.021 0.0000000000
119704  -48.788  -22.762  64.219 0.0000000000
123966  -57.962  -21.111  54.381 0.0000000000
126505  -58.411  -20.215  53.978 0.0000000000
127786  -59.016  -19.365  53.912 0.0000000000
123986  -57.227  -21.304  51.544 0.0000000000
126529  -58.508  -20.125  52.533 0.0000000000
127788  -59.952  -19.203  53.871 0.0000000000
125203  -60.696  -20.311  53.682 0.0000000000
123974  -60.631  -20.712  52.821 0.0000000000
126552  -58.752  -18.821  50.340 0.0000000000
127804  -60.340  -19.109  51.211 0.0000000000
123988  -60.957  -20.574  51.259 0.0000000000
124019  -59.310  -20.704  47.897 0.0000000000
93283  -38.729  -37.730  66.530 0.0000000000
94858  -37.512  -37.627  67.136 0.0000000000
94876  -38.132  -37.574  66.859 0.0000000000
93266  -38.807  -37.744  67.303 0.0000000000
108711  -43.132  -29.582  59.744 0.0000000000
108701  -43.943  -29.397  60.540 0.0000000000
108700  -43.436  -29.147  60.073 0.0000000000
121207  -57.087  -22.172  56.720 0.0000000000
121191  -57.486  -21.612  57.267 0.0000000000
122650  -57.754  -21.380  57.048 0.0000000000
125160  -58.122  -20.606  57.435 0.0000000000
123940  -58.082  -21.025  56.748 0.0000000000
125172  -58.596  -20.305  56.491 0.0000000000
123953  -58.207  -20.929  55.991 0.0000000000
66995  -18.517  -52.438  81.201 0.0000000000
66994  -17.857  -52.329  81.093 0.0000000000
66982  -18.979  -52.731  81.769 0.0000000000
96356  -43.867  -36.678  63.796 0.0000000000
96376  -43.385  -36.479  63.337 0.0000000000
97713  -43.839  -35.883  63.140 0.0000000000
97730  -42.422  -35.841  62.385 0.0000000000
75193  -25.808  -47.843  83.694 0.0000000000
75204  -25.793  -47.908  83.182 0.0000000000
82541  -33.425  -44.855  80.145 0.0000000000
82529  -33.316  -44.768  80.630 0.0000000000
82530  -33.864  -44.595  80.575 0.0000000000
84055  -33.993  -43.817  81.018 0.0000000000
84083  -34.233  -44.370  80.438 0.0000000000
89941  -40.119  -41.002  76.116 0.0000000000
89940  -39.640  -40.979  75.873 0.0000000000
89931  -40.391  -41.150  76.744 0.0000000000
89932  -40.914  -41.017  76.803 0.0000000000
75203  -25.112  -48.136  83.195 0.0000000000
119760  -47.258  -23.637  60.068 0.0000000000
93165  -44.322  -38.248  70.669 0.0000000000
93304  -41.293  -38.295  64.943 0.0000000000
75327  -27.227  -47.827  78.133 0.0000000000
75366  -26.883  -47.648  76.591 0.0000000000
78129  -29.882  -46.436  75.005 0.0000000000
76720  -30.443  -46.854  76.460 0.0000000000
78115  -30.675  -46.415  75.960 0.0000000000
78116  -31.125  -45.946  76.418 0.0000000000
79532  -30.797  -45.851  75.480 0.0000000000
93129  -38.107  -38.336  71.143 0.0000000000
93104  -39.131  -38.367  72.113 0.0000000000
93077  -38.892  -38.926  72.325 0.0000000000
93079  -40.250  -38.659  72.839 0.0000000000
93105  -39.897  -38.311  72.229 0.0000000000
93135  -42.778  -38.427  71.416 0.0000000000
93136  -43.686  -38.257  71.467 0.0000000000
93111  -44.756  -37.590  72.357 0.0000000000
76698  -25.696  -47.367  76.562 0.0000000000
101773  -49.063  -32.967  64.969 0.0000000000
103203  -48.782  -32.387  64.789 0.0000000000
108627  -47.884  -29.110  64.240 0.0000000000
108628  -48.275  -29.121  64.653 0.0000000000
109993  -48.293  -28.432  64.550 0.0000000000
121143  -51.120  -21.831  58.508 0.0000000000
121127  -51.283  -21.730  59.180 0.0000000000
121144  -51.892  -21.827  58.538 0.0000000000
123869  -56.891  -20.898  61.691 0.0000000000
118564  -47.047  -23.829  55.115 0.0000000000
119873  -51.659  -23.175  54.368 0.0000000000
119897  -51.559  -23.176  53.532 0.0000000000
119911  -52.182  -23.329  52.911 0.0000000000
66957  -15.131  -52.474  83.236 0.0000000000
66949  -14.822  -52.596  84.042 0.0000000000
66948  -14.815  -52.852  84.446 0.0000000000
65482  -14.986  -53.225  84.375 0.0000000000
55239  -19.295  -58.435  86.145 0.0000000000
56652  -14.794  -57.620  87.292 0.0000000000
56656  -13.587  -57.241  87.002 0.0000000000
94805  -46.857  -37.067  69.898 0.0000000000
96273  -47.221  -36.584  70.029 0.0000000000
96280  -46.937  -36.721  69.248 0.0000000000
98948  -47.616  -35.115  67.061 0.0000000000
98949  -48.248  -34.757  66.848 0.0000000000
100430  -43.970  -33.624  62.126 0.0000000000
101842  -44.780  -33.322  62.607 0.0000000000
101869  -43.741  -33.068  61.675 0.0000000000
103281  -43.718  -32.682  61.483 0.0000000000
103303  -42.842  -32.687  60.872 0.0000000000
78036  -29.526  -46.830  81.485 0.0000000000
76628  -29.163  -46.930  81.633 0.0000000000
78025  -29.947  -46.502  81.442 0.0000000000
85721  -31.704  -42.008  72.953 0.0000000000
85706  -31.503  -42.473  73.564 0.0000000000
84201  -32.421  -43.059  74.836 0.0000000000
85691  -32.566  -42.384  74.366 0.0000000000
88586  -35.306  -40.123  72.052 0.0000000000
88585  -34.521  -40.596  71.728 0.0000000000
88578  -35.516  -40.474  72.961 0.0000000000
85626  -36.754  -42.387  77.319 0.0000000000
85642  -35.926  -42.546  76.462 0.0000000000
85611  -36.354  -42.929  77.743 0.0000000000
84132  -35.748  -42.969  77.377 0.0000000000
85597  -36.482  -43.136  78.660 0.0000000000
93007  -43.832  -38.749  75.438 0.0000000000
71226  -22.103  -50.364  82.334 0.0000000000
115789  -43.634  -25.936  59.420 0.0000000000
115768  -44.143  -25.951  59.890 0.0000000000
118447  -48.011  -23.990  63.731 0.0000000000
117119  -47.722  -24.540  63.500 0.0000000000
117101  -48.456  -24.667  64.641 0.0000000000
117087  -48.733  -24.545  65.156 0.0000000000
118417  -48.663  -24.005  64.827 0.0000000000
122504  -51.774  -21.444  63.177 0.0000000000
122484  -51.092  -21.426  63.752 0.0000000000
121271  -55.844  -22.988  51.473 0.0000000000
122703  -56.582  -22.392  51.663 0.0000000000
122715  -56.265  -22.314  51.079 0.0000000000
126546  -58.812  -19.235  51.027 0.0000000000
128976  -60.734  -17.633  49.901 0.0000000000
127816  -61.030  -18.161  50.104 0.0000000000
126553  -61.091  -18.947  49.921 0.0000000000
125237  -60.971  -19.724  49.775 0.0000000000
122741  -60.557  -20.875  49.301 0.0000000000
124012  -60.569  -20.411  49.130 0.0000000000
91552  -41.426  -38.600  69.197 0.0000000000
91553  -42.031  -38.763  69.042 0.0000000000
91587  -41.154  -38.518  67.951 0.0000000000
93284  -39.390  -38.107  66.228 0.0000000000
93285  -40.257  -38.302  66.004 0.0000000000
94839  -36.273  -38.231  66.856 0.0000000000
94841  -37.714  -37.626  67.947 0.0000000000
94828  -37.553  -37.782  68.628 0.0000000000
93232  -38.071  -37.783  68.559 0.0000000000
94816  -38.062  -38.157  69.379 0.0000000000
93211  -38.352  -37.960  69.050 0.0000000000
93187  -39.171  -37.995  69.901 0.0000000000
93212  -38.962  -37.905  69.173 0.0000000000
91569  -40.546  -38.258  68.774 0.0000000000
91550  -40.185  -38.065  69.136 0.0000000000
91536  -41.959  -38.698  69.715 0.0000000000
104716  -45.932  -31.326  62.733 0.0000000000
104699  -46.707  -31.370  63.464 0.0000000000
106100  -45.978  -30.686  62.614 0.0000000000
108673  -45.466  -29.167  61.732 0.0000000000
107352  -46.478  -29.883  62.873 0.0000000000
108654  -46.388  -29.230  62.540 0.0000000000
110015  -46.464  -28.780  62.456 0.0000000000
121186  -54.028  -22.320  57.146 0.0000000000
121164  -54.070  -22.116  57.971 0.0000000000
121165  -54.808  -22.117  58.031 0.0000000000
123902  -57.446  -20.899  59.510 0.0000000000
123890  -57.205  -20.853  60.056 0.0000000000
125125  -57.628  -20.519  60.002 0.0000000000
127761  -59.412  -19.238  55.891 0.0000000000
126455  -60.273  -19.599  55.934 0.0000000000
127771  -59.170  -19.194  55.295 0.0000000000
65507  -16.909  -52.997  81.805 0.0000000000
68429  -16.585  -51.842  81.357 0.0000000000
65506  -16.499  -52.782  81.908 0.0000000000
65495  -16.336  -53.211  82.294 0.0000000000
64088  -16.748  -53.779  82.457 0.0000000000
94862  -45.148  -37.329  66.289 0.0000000000
96297  -46.159  -36.739  67.521 0.0000000000
94880  -45.519  -36.972  66.010 0.0000000000
96340  -45.797  -36.407  65.368 0.0000000000
96323  -46.072  -36.542  66.012 0.0000000000
97675  -46.227  -36.044  65.283 0.0000000000
97658  -46.433  -36.098  65.755 0.0000000000
97696  -46.172  -35.620  64.556 0.0000000000
99048  -43.759  -35.061  62.548 0.0000000000
99029  -44.626  -35.233  63.133 0.0000000000
99068  -43.908  -34.234  62.284 0.0000000000
100428  -42.844  -34.236  61.544 0.0000000000
79450  -31.636  -45.569  80.709 0.0000000000
79449  -31.023  -46.052  80.882 0.0000000000
80897  -33.039  -45.030  81.483 0.0000000000
79426  -32.760  -45.231  81.587 0.0000000000
79413  -32.979  -45.426  81.845 0.0000000000
84029  -34.662  -43.570  82.026 0.0000000000
82488  -35.064  -43.979  81.984 0.0000000000
84030  -35.200  -43.450  82.036 0.0000000000
87195  -31.817  -41.627  71.215 0.0000000000
87176  -31.583  -41.701  72.075 0.0000000000
88571  -37.155  -40.616  74.003 0.0000000000
88560  -36.904  -40.822  74.391 0.0000000000
88561  -37.491  -40.928  74.522 0.0000000000
88533  -38.713  -41.439  76.566 0.0000000000
87127  -37.937  -41.345  76.153 0.0000000000
87115  -38.190  -41.565  76.763 0.0000000000
87114  -37.584  -41.523  76.826 0.0000000000
87104  -38.135  -41.911  77.500 0.0000000000
87094  -38.398  -42.009  78.096 0.0000000000
87095  -38.894  -41.842  78.138 0.0000000000
88506  -39.959  -41.277  78.870 0.0000000000
75323  -23.800  -47.828  77.988 0.0000000000
75322  -23.043  -47.866  77.950 0.0000000000
75252  -23.925  -48.454  80.962 0.0000000000
73909  -23.162  -48.895  82.388 0.0000000000
73895  -22.850  -49.091  82.894 0.0000000000
73896  -23.117  -48.752  83.152 0.0000000000
73853  -23.943  -48.558  84.891 0.0000000000
73868  -23.907  -48.489  84.465 0.0000000000
118503  -45.297  -24.965  59.798 0.0000000000
118504  -46.005  -24.648  60.063 0.0000000000
118496  -46.744  -24.205  61.186 0.0000000000
119739  -47.044  -23.795  61.660 0.0000000000
119716  -47.524  -23.657  62.839 0.0000000000
119728  -47.998  -22.927  62.583 0.0000000000
128981  -60.226  -17.148  48.900 0.0000000000
130182  -60.465  -16.940  48.766 0.0000000000
128999  -61.011  -17.168  48.461 0.0000000000
64082  -20.632  -54.148  83.031 0.0000000000
58147  -21.188  -57.061  85.643 0.0000000000
96239  -46.035  -36.842  72.908 0.0000000000
96240  -46.497  -36.342  73.201 0.0000000000
96248  -46.288  -36.938  72.420 0.0000000000
93166  -45.248  -38.103  70.751 0.0000000000
93139  -46.317  -37.621  71.375 0.0000000000
93167  -46.184  -37.739  70.707 0.0000000000
94786  -46.582  -37.420  70.303 0.0000000000
93194  -45.674  -37.947  69.936 0.0000000000
91573  -42.751  -38.743  68.437 0.0000000000
93215  -43.097  -38.728  68.780 0.0000000000
93237  -43.202  -38.530  68.083 0.0000000000
93239  -44.726  -37.634  67.951 0.0000000000
93255  -44.829  -37.456  67.461 0.0000000000
93273  -44.405  -37.745  66.476 0.0000000000
93289  -43.629  -37.847  65.282 0.0000000000
75272  -26.639  -47.973  80.512 0.0000000000
75291  -27.152  -48.193  79.776 0.0000000000
73980  -28.359  -48.453  79.555 0.0000000000
75292  -27.944  -48.481  79.908 0.0000000000
73964  -28.902  -48.429  79.691 0.0000000000
75275  -29.181  -48.145  80.512 0.0000000000
73965  -29.384  -48.274  79.642 0.0000000000
75349  -28.423  -47.850  77.165 0.0000000000
75368  -28.786  -47.687  76.347 0.0000000000
76686  -30.551  -47.444  77.816 0.0000000000
75351  -30.005  -47.597  77.274 0.0000000000
76664  -30.546  -47.380  79.517 0.0000000000
76677  -30.888  -47.146  78.648 0.0000000000
78063  -31.139  -46.703  79.298 0.0000000000
79499  -31.894  -45.838  78.245 0.0000000000
80974  -32.521  -45.496  78.698 0.0000000000
90017  -34.917  -39.926  68.880 0.0000000000
88633  -34.422  -40.206  68.313 0.0000000000
88624  -35.119  -40.060  69.584 0.0000000000
88612  -34.871  -40.322  70.135 0.0000000000
90006  -35.552  -39.785  70.356 0.0000000000
93209  -36.203  -38.714  68.543 0.0000000000
93208  -35.804  -38.943  68.308 0.0000000000
91549  -36.272  -38.775  69.094 0.0000000000
91511  -37.206  -38.794  71.442 0.0000000000
91520  -36.535  -38.970  70.735 0.0000000000
91510  -36.794  -39.101  71.870 0.0000000000
90000  -36.206  -39.421  71.563 0.0000000000
91499  -36.991  -39.326  72.373 0.0000000000
89988  -37.081  -39.566  72.704 0.0000000000
91460  -39.655  -40.562  74.149 0.0000000000
91461  -40.607  -40.333  74.389 0.0000000000
91479  -40.657  -40.163  73.354 0.0000000000
93028  -43.062  -39.220  74.655 0.0000000000
93053  -42.849  -39.027  73.770 0.0000000000
93161  -40.815  -38.273  70.840 0.0000000000
93133  -41.131  -38.337  71.543 0.0000000000
93083  -43.361  -38.389  73.097 0.0000000000
93054  -43.648  -38.429  73.961 0.0000000000
93055  -44.067  -38.025  73.731 0.0000000000
94705  -44.551  -37.718  74.417 0.0000000000
94742  -44.295  -37.771  73.659 0.0000000000
94744  -45.242  -37.196  73.102 0.0000000000
96227  -45.544  -36.940  73.433 0.0000000000
75364  -23.982  -47.200  76.592 0.0000000000
75308  -25.892  -47.819  78.887 0.0000000000
101729  -51.082  -33.697  67.782 0.0000000000
101744  -51.078  -33.444  66.860 0.0000000000
103186  -50.938  -32.370  65.849 0.0000000000
103173  -51.241  -32.887  66.375 0.0000000000
103174  -51.564  -32.365  66.306 0.0000000000
103175  -51.984  -32.149  66.508 0.0000000000
103187  -51.307  -31.834  65.949 0.0000000000
106070  -47.673  -30.730  64.218 0.0000000000
104660  -48.766  -31.521  64.870 0.0000000000
106058  -48.691  -30.819  64.943 0.0000000000
107310  -49.642  -30.283  65.785 0.0000000000
106060  -49.793  -30.725  65.613 0.0000000000
106047  -50.197  -30.618  65.837 0.0000000000
106048  -50.696  -30.627  66.066 0.0000000000
106038  -50.962  -30.534  66.289 0.0000000000
107298  -50.437  -29.944  66.401 0.0000000000
108588  -50.295  -29.153  66.720 0.0000000000
121110  -48.729  -22.124  59.559 0.0000000000
121111  -49.676  -21.517  59.863 0.0000000000
122579  -51.577  -21.641  60.404 0.0000000000
122578  -50.931  -21.605  60.286 0.0000000000
122562  -51.653  -21.597  61.055 0.0000000000
122546  -51.702  -21.529  61.735 0.0000000000
122547  -52.393  -21.464  61.864 0.0000000000
121131  -54.209  -21.767  59.356 0.0000000000
121114  -53.582  -21.621  59.958 0.0000000000
121115  -54.273  -21.578  60.000 0.0000000000
122566  -54.484  -21.258  61.306 0.0000000000
62622  -14.005  -54.414  88.318 0.0000000000
64030  -14.255  -53.998  88.672 0.0000000000
62621  -13.518  -54.358  88.300 0.0000000000
115830  -41.563  -26.039  57.632 0.0000000000
115807  -42.526  -26.020  58.259 0.0000000000
115831  -42.388  -25.693  57.405 0.0000000000
115832  -42.845  -25.552  57.140 0.0000000000
117223  -44.031  -25.265  58.345 0.0000000000
117240  -43.680  -25.241  56.732 0.0000000000
117241  -44.383  -24.976  56.756 0.0000000000
117242  -45.077  -24.711  56.762 0.0000000000
118527  -45.585  -24.292  57.954 0.0000000000
117233  -45.503  -24.453  57.376 0.0000000000
118539  -46.394  -24.023  56.791 0.0000000000
119786  -47.350  -23.040  57.595 0.0000000000
119815  -48.275  -22.915  56.109 0.0000000000
119799  -48.133  -22.794  56.851 0.0000000000
121157  -49.118  -22.341  57.088 0.0000000000
121158  -49.657  -22.137  57.320 0.0000000000
121180  -49.570  -22.340  56.724 0.0000000000
119841  -50.316  -22.712  54.890 0.0000000000
119817  -49.656  -22.543  55.508 0.0000000000
119818  -50.434  -22.544  55.755 0.0000000000
121200  -51.112  -22.392  56.379 0.0000000000
119803  -52.603  -22.436  56.777 0.0000000000
119821  -52.505  -22.584  56.384 0.0000000000
119875  -53.193  -22.997  54.597 0.0000000000
119846  -54.065  -22.690  55.504 0.0000000000
119848  -55.516  -22.611  55.714 0.0000000000
119878  -55.453  -22.792  54.953 0.0000000000
119903  -56.076  -22.950  54.394 0.0000000000
119901  -54.659  -23.049  53.998 0.0000000000
118598  -53.351  -23.572  52.951 0.0000000000
119914  -54.560  -23.351  53.116 0.0000000000
118606  -53.776  -23.605  52.284 0.0000000000
119937  -54.801  -23.522  51.789 0.0000000000
66929  -14.875  -52.500  85.644 0.0000000000
62655  -19.709  -55.175  83.521 0.0000000000
64080  -18.989  -54.690  83.035 0.0000000000
61205  -18.902  -55.501  83.712 0.0000000000
58155  -18.070  -56.803  84.776 0.0000000000
61192  -17.863  -55.809  83.869 0.0000000000
59656  -17.304  -56.015  84.228 0.0000000000
59655  -16.831  -55.883  84.051 0.0000000000
59644  -16.694  -56.003  84.477 0.0000000000
53755  -17.892  -58.484  86.285 0.0000000000
56653  -16.256  -56.946  86.759 0.0000000000
56662  -16.912  -57.334  86.262 0.0000000000
58134  -16.288  -56.612  86.370 0.0000000000
61177  -15.868  -55.676  85.544 0.0000000000
59632  -16.113  -56.177  85.920 0.0000000000
62644  -15.644  -54.875  85.920 0.0000000000
61170  -15.845  -55.474  86.258 0.0000000000
59625  -15.381  -55.853  87.694 0.0000000000
61159  -15.661  -55.305  87.559 0.0000000000
61158  -15.222  -55.294  88.016 0.0000000000
64040  -15.837  -53.978  87.814 0.0000000000
61153  -15.002  -55.035  88.128 0.0000000000
62624  -15.046  -54.586  88.227 0.0000000000
59619  -14.349  -55.700  88.083 0.0000000000
58132  -13.231  -56.422  86.828 0.0000000000
101616  -52.209  -34.404  71.038 0.0000000000
101634  -52.610  -34.008  70.741 0.0000000000
101633  -51.908  -34.132  70.812 0.0000000000
97597  -47.425  -35.940  72.403 0.0000000000
98812  -47.900  -35.561  73.381 0.0000000000
98861  -47.937  -35.442  71.383 0.0000000000
98849  -47.914  -35.491  72.045 0.0000000000
98862  -48.357  -35.110  71.712 0.0000000000
100202  -48.813  -34.964  71.985 0.0000000000
100219  -48.801  -34.726  71.441 0.0000000000
97639  -46.960  -36.017  68.081 0.0000000000
97632  -47.294  -36.009  68.671 0.0000000000
98903  -48.379  -34.747  69.371 0.0000000000
100232  -48.906  -34.603  70.754 0.0000000000
100233  -49.446  -34.371  70.627 0.0000000000
101650  -50.197  -33.984  70.935 0.0000000000
100248  -49.609  -34.342  70.194 0.0000000000
100261  -49.543  -33.881  68.542 0.0000000000
101692  -50.318  -33.766  69.579 0.0000000000
101711  -50.311  -33.510  68.857 0.0000000000
101728  -50.397  -33.863  68.085 0.0000000000
100305  -49.035  -34.309  65.699 0.0000000000
100327  -48.889  -33.734  65.085 0.0000000000
100374  -46.224  -33.721  63.459 0.0000000000
101820  -46.170  -32.796  63.400 0.0000000000
103248  -46.139  -32.456  63.309 0.0000000000
103263  -45.316  -32.348  62.712 0.0000000000
104755  -43.441  -31.594  60.989 0.0000000000
104733  -44.467  -31.504  61.599 0.0000000000
106138  -43.639  -30.817  60.779 0.0000000000
106155  -43.207  -30.633  60.333 0.0000000000
97759  -41.692  -35.349  61.481 0.0000000000
99077  -40.960  -34.866  60.865 0.0000000000
100472  -40.998  -33.293  59.782 0.0000000000
101898  -41.477  -33.260  60.040 0.0000000000
101912  -40.618  -32.846  59.453 0.0000000000
104780  -40.963  -31.786  59.254 0.0000000000
104794  -40.766  -31.423  59.010 0.0000000000
104781  -41.402  -31.567  59.324 0.0000000000
106175  -40.935  -30.544  58.954 0.0000000000
108726  -41.556  -29.415  58.832 0.0000000000
75221  -26.999  -47.825  82.686 0.0000000000
76611  -27.413  -47.750  82.763 0.0000000000
77985  -28.789  -46.959  83.102 0.0000000000
79424  -31.099  -45.976  81.817 0.0000000000
79423  -30.384  -46.167  82.054 0.0000000000
77988  -30.589  -46.630  82.116 0.0000000000
84220  -31.030  -43.128  73.951 0.0000000000
84237  -30.324  -43.174  73.054 0.0000000000
84199  -30.944  -43.797  74.187 0.0000000000
82644  -31.052  -44.050  74.471 0.0000000000
81077  -31.592  -45.045  75.425 0.0000000000
82626  -31.976  -44.453  75.351 0.0000000000
82605  -33.146  -44.573  76.282 0.0000000000
82589  -33.305  -44.585  76.962 0.0000000000
82571  -33.284  -44.755  77.822 0.0000000000
84139  -33.607  -44.266  77.415 0.0000000000
87218  -33.447  -41.255  70.175 0.0000000000
87179  -33.720  -40.988  71.893 0.0000000000
87165  -33.471  -41.215  72.717 0.0000000000
87146  -36.381  -41.113  74.572 0.0000000000
87157  -35.346  -40.864  73.813 0.0000000000
87145  -35.626  -41.287  74.566 0.0000000000
85661  -35.106  -42.332  75.754 0.0000000000
85678  -34.824  -41.901  75.230 0.0000000000
85677  -34.206  -42.077  75.173 0.0000000000
85693  -33.902  -41.903  74.532 0.0000000000
84182  -34.254  -42.364  75.626 0.0000000000
84181  -33.759  -42.564  75.497 0.0000000000
84120  -35.186  -43.542  78.418 0.0000000000
84119  -34.729  -43.887  78.662 0.0000000000
84118  -34.409  -44.143  78.916 0.0000000000
84107  -34.747  -43.929  79.413 0.0000000000
84085  -34.489  -43.261  80.508 0.0000000000
84097  -34.910  -43.526  79.954 0.0000000000
85556  -36.383  -42.523  80.676 0.0000000000
85555  -35.695  -42.654  81.141 0.0000000000
85540  -36.481  -42.363  81.354 0.0000000000
87056  -38.316  -41.863  79.791 0.0000000000
87055  -37.579  -42.314  79.713 0.0000000000
88474  -38.407  -41.696  79.985 0.0000000000
91445  -41.786  -39.716  76.029 0.0000000000
71248  -18.663  -50.887  79.600 0.0000000000
71258  -18.901  -50.721  79.129 0.0000000000
75321  -22.316  -47.877  77.909 0.0000000000
75320  -21.562  -47.979  77.897 0.0000000000
73992  -20.683  -48.439  78.241 0.0000000000
73991  -19.904  -48.653  78.044 0.0000000000
73974  -19.413  -49.575  78.448 0.0000000000
73975  -20.005  -49.455  78.712 0.0000000000
71240  -21.070  -50.728  80.765 0.0000000000
72560  -20.540  -50.301  79.759 0.0000000000
69908  -20.701  -51.075  80.784 0.0000000000
69907  -20.271  -51.271  80.430 0.0000000000
69881  -20.645  -51.547  81.747 0.0000000000
68418  -20.611  -51.838  82.517 0.0000000000
71202  -22.351  -49.489  84.244 0.0000000000
69849  -22.305  -50.277  84.322 0.0000000000
69850  -22.597  -50.399  84.718 0.0000000000
101697  -53.343  -33.178  68.344 0.0000000000
112811  -42.885  -27.441  59.535 0.0000000000
111447  -43.193  -27.884  59.981 0.0000000000
111448  -43.771  -27.704  60.356 0.0000000000
112777  -45.014  -26.943  61.325 0.0000000000
112776  -44.547  -27.307  61.003 0.0000000000
112758  -45.498  -27.149  61.830 0.0000000000
110036  -46.420  -27.849  62.359 0.0000000000
111411  -46.282  -27.250  62.349 0.0000000000
117163  -46.082  -25.115  61.511 0.0000000000
115751  -45.543  -25.685  61.276 0.0000000000
115729  -46.399  -25.450  62.188 0.0000000000
114151  -47.620  -25.891  63.575 0.0000000000
114174  -47.201  -25.892  63.198 0.0000000000
112725  -47.672  -26.493  63.535 0.0000000000
111388  -47.357  -27.012  63.080 0.0000000000
112716  -48.242  -26.576  64.250 0.0000000000
112703  -48.653  -26.780  64.918 0.0000000000
115635  -49.127  -25.501  66.057 0.0000000000
114117  -49.291  -26.234  66.250 0.0000000000
114109  -49.818  -26.360  67.025 0.0000000000
121093  -49.341  -21.704  61.183 0.0000000000
121092  -48.665  -22.144  61.291 0.0000000000
121080  -49.162  -21.942  61.929 0.0000000000
122464  -49.647  -21.607  64.089 0.0000000000
121069  -49.076  -22.096  62.756 0.0000000000
121057  -49.058  -22.253  63.678 0.0000000000
121056  -48.575  -22.879  63.644 0.0000000000
121046  -49.241  -22.282  64.699 0.0000000000
121255  -56.906  -22.612  53.769 0.0000000000
122680  -57.705  -21.838  54.748 0.0000000000
122688  -57.410  -22.115  54.112 0.0000000000
123973  -57.899  -21.062  53.582 0.0000000000
125210  -58.131  -20.571  53.400 0.0000000000
126506  -58.682  -19.775  53.959 0.0000000000
126518  -58.460  -20.159  53.285 0.0000000000
122716  -56.927  -21.518  51.060 0.0000000000
123994  -57.423  -20.856  51.038 0.0000000000
126530  -58.863  -19.735  52.464 0.0000000000
127791  -59.178  -19.477  53.183 0.0000000000
127792  -59.607  -19.356  53.155 0.0000000000
126508  -60.653  -19.835  53.771 0.0000000000
127793  -60.020  -19.330  53.116 0.0000000000
126531  -60.313  -19.562  52.339 0.0000000000
125211  -60.686  -20.270  52.927 0.0000000000
122690  -60.402  -21.162  52.722 0.0000000000
123980  -60.764  -20.648  52.057 0.0000000000
126559  -58.864  -18.490  49.638 0.0000000000
127813  -59.235  -18.345  50.319 0.0000000000
127808  -59.697  -18.501  51.029 0.0000000000
127809  -60.252  -18.456  50.921 0.0000000000
123996  -61.041  -20.496  50.430 0.0000000000
125225  -61.026  -20.155  51.330 0.0000000000
122707  -60.675  -21.076  51.046 0.0000000000
122706  -60.246  -21.454  51.486 0.0000000000
125256  -60.067  -19.716  47.755 0.0000000000
124014  -59.937  -20.676  48.336 0.0000000000
93249  -40.253  -38.307  67.743 0.0000000000
94856  -36.383  -38.060  66.543 0.0000000000
94857  -36.760  -37.837  66.617 0.0000000000
94842  -38.238  -37.684  67.903 0.0000000000
93234  -39.288  -37.891  68.544 0.0000000000
93247  -38.706  -37.771  67.970 0.0000000000
93248  -39.448  -37.965  67.847 0.0000000000
106140  -44.778  -30.278  61.293 0.0000000000
107391  -44.828  -29.888  61.291 0.0000000000
108687  -44.888  -29.404  61.284 0.0000000000
119806  -55.647  -22.374  56.928 0.0000000000
121189  -56.321  -22.204  57.261 0.0000000000
122641  -57.151  -21.587  58.003 0.0000000000
126412  -58.653  -20.091  57.795 0.0000000000
126432  -59.057  -19.829  57.187 0.0000000000
126433  -59.484  -19.729  57.443 0.0000000000
126452  -58.892  -19.848  56.247 0.0000000000
125187  -58.471  -20.332  55.746 0.0000000000
69919  -17.454  -50.971  80.274 0.0000000000
69906  -17.191  -51.286  80.771 0.0000000000
68442  -17.582  -51.708  80.764 0.0000000000
66980  -17.386  -52.670  81.440 0.0000000000
65497  -17.802  -53.504  82.306 0.0000000000
94897  -44.369  -37.143  64.641 0.0000000000
96338  -44.804  -36.731  64.636 0.0000000000
96358  -45.032  -36.399  64.410 0.0000000000
97694  -44.990  -36.053  64.008 0.0000000000
97732  -43.638  -35.417  62.657 0.0000000000
97748  -43.218  -35.318  62.395 0.0000000000
73869  -24.804  -48.250  84.401 0.0000000000
80940  -32.340  -45.347  79.956 0.0000000000
80916  -32.164  -45.091  80.822 0.0000000000
80928  -32.723  -44.874  80.683 0.0000000000
82515  -33.233  -44.721  80.869 0.0000000000
82497  -33.375  -44.862  81.244 0.0000000000
82486  -33.800  -44.514  81.725 0.0000000000
84041  -33.924  -43.840  81.510 0.0000000000
84056  -33.936  -43.349  81.498 0.0000000000
84057  -34.291  -42.784  81.793 0.0000000000
89950  -38.868  -40.895  75.129 0.0000000000
88562  -38.045  -40.894  74.757 0.0000000000
88553  -38.820  -41.022  75.644 0.0000000000
88543  -39.101  -41.140  76.130 0.0000000000
88534  -39.165  -41.587  76.794 0.0000000000
88525  -39.382  -41.657  77.497 0.0000000000
88526  -40.101  -41.435  77.524 0.0000000000
89913  -40.838  -41.038  78.217 0.0000000000
75234  -24.250  -48.591  81.490 0.0000000000
73923  -24.150  -48.671  82.039 0.0000000000
73897  -23.780  -48.607  83.207 0.0000000000
73898  -24.445  -48.415  83.217 0.0000000000
73883  -24.551  -48.267  83.821 0.0000000000
118510  -46.148  -24.319  59.282 0.0000000000
119759  -46.734  -24.250  60.106 0.0000000000
119740  -47.411  -23.201  61.549 0.0000000000
93112  -45.302  -37.454  72.112 0.0000000000
94770  -45.632  -37.380  72.078 0.0000000000
93270  -41.897  -38.330  66.541 0.0000000000
93252  -42.572  -38.558  67.304 0.0000000000
93271  -42.805  -38.220  66.408 0.0000000000
93272  -43.811  -37.908  66.194 0.0000000000
75326  -26.300  -47.801  78.110 0.0000000000
75309  -26.804  -47.887  78.952 0.0000000000
75328  -28.136  -47.899  78.038 0.0000000000
76738  -29.085  -47.124  75.244 0.0000000000
75369  -29.415  -47.495  76.447 0.0000000000
76719  -29.932  -47.153  76.049 0.0000000000
76700  -30.333  -47.149  76.957 0.0000000000
78087  -30.819  -46.945  77.429 0.0000000000
78074  -31.354  -46.402  78.468 0.0000000000
78088  -31.082  -46.395  77.618 0.0000000000
79509  -31.536  -45.974  77.505 0.0000000000
79510  -32.029  -45.547  77.482 0.0000000000
93184  -37.205  -38.478  69.780 0.0000000000
93155  -36.787  -38.626  69.970 0.0000000000
93156  -37.157  -38.460  70.437 0.0000000000
93128  -37.493  -38.466  71.022 0.0000000000
93102  -37.766  -38.645  71.597 0.0000000000
91501  -38.497  -39.169  72.187 0.0000000000
91492  -39.542  -39.415  72.848 0.0000000000
93049  -39.944  -39.227  72.935 0.0000000000
93025  -41.178  -40.081  73.415 0.0000000000
93050  -40.633  -39.486  72.923 0.0000000000
93134  -41.914  -38.472  71.466 0.0000000000
93085  -44.584  -37.532  72.930 0.0000000000
76696  -24.492  -47.288  76.820 0.0000000000
76697  -25.088  -47.311  76.699 0.0000000000
75346  -25.759  -47.628  77.263 0.0000000000
101775  -50.188  -33.104  65.695 0.0000000000
103205  -50.164  -32.378  65.445 0.0000000000
107322  -47.660  -30.034  64.193 0.0000000000
107323  -48.191  -29.736  64.693 0.0000000000
107309  -49.301  -29.985  65.658 0.0000000000
107296  -49.543  -29.819  65.948 0.0000000000
108601  -50.044  -29.484  66.418 0.0000000000
108600  -49.532  -29.316  66.051 0.0000000000
109976  -49.202  -28.550  65.660 0.0000000000
111335  -49.529  -27.744  66.169 0.0000000000
121141  -49.637  -21.975  58.092 0.0000000000
121125  -49.588  -21.748  58.935 0.0000000000
121126  -50.425  -21.615  59.253 0.0000000000
122597  -51.462  -21.660  59.783 0.0000000000
122580  -52.255  -21.578  60.496 0.0000000000
122585  -55.971  -21.103  60.548 0.0000000000
122584  -55.191  -21.358  60.479 0.0000000000
122568  -55.800  -20.945  61.108 0.0000000000
122673  -60.730  -21.436  54.143 0.0000000000
118552  -46.635  -24.023  55.831 0.0000000000
118553  -47.361  -23.590  55.862 0.0000000000
118554  -47.863  -23.251  55.755 0.0000000000
119842  -51.015  -22.886  55.053 0.0000000000
119874  -52.435  -23.153  54.490 0.0000000000
119899  -53.132  -23.272  53.723 0.0000000000
119900  -53.876  -23.135  53.891 0.0000000000
118597  -52.733  -23.497  52.945 0.0000000000
68377  -14.921  -51.791  85.223 0.0000000000
65470  -15.118  -53.188  85.927 0.0000000000
59647  -20.037  -56.562  84.698 0.0000000000
58167  -19.245  -56.947  84.581 0.0000000000
58144  -18.937  -57.383  85.427 0.0000000000
58143  -17.990  -57.252  85.466 0.0000000000
52342  -16.255  -58.239  86.059 0.0000000000
55222  -15.700  -57.681  87.151 0.0000000000
56649  -16.021  -56.924  87.020 0.0000000000
58130  -15.945  -56.463  87.034 0.0000000000
58124  -15.511  -56.507  87.542 0.0000000000
58123  -14.947  -56.487  87.755 0.0000000000
58122  -14.454  -56.338  87.886 0.0000000000
58121  -14.028  -56.125  87.808 0.0000000000
58128  -14.099  -56.712  87.653 0.0000000000
58133  -13.411  -56.746  87.197 0.0000000000
96262  -47.085  -36.918  70.991 0.0000000000
97603  -47.580  -35.897  71.744 0.0000000000
96263  -47.262  -36.612  70.826 0.0000000000
98930  -47.081  -35.607  67.689 0.0000000000
98931  -47.382  -35.248  67.683 0.0000000000
98916  -48.243  -34.772  68.443 0.0000000000
101709  -49.453  -34.159  69.427 0.0000000000
100260  -49.064  -34.188  68.776 0.0000000000
100274  -49.673  -34.088  67.889 0.0000000000
98988  -48.520  -34.370  65.356 0.0000000000
99050  -44.921  -34.407  62.850 0.0000000000
100373  -45.499  -34.246  63.217 0.0000000000
100401  -45.103  -33.743  62.822 0.0000000000
101871  -44.778  -32.911  62.527 0.0000000000
103283  -44.839  -32.315  62.290 0.0000000000
103282  -44.034  -32.434  61.691 0.0000000000
104770  -42.567  -31.608  60.301 0.0000000000
76639  -28.480  -47.790  81.659 0.0000000000
76612  -27.772  -47.378  82.732 0.0000000000
76627  -28.630  -47.150  81.963 0.0000000000
78023  -28.812  -46.702  82.067 0.0000000000
76590  -31.757  -46.613  82.127 0.0000000000
76589  -31.080  -46.828  81.986 0.0000000000
87175  -30.933  -41.865  71.903 0.0000000000
85731  -30.375  -42.388  72.300 0.0000000000
85720  -31.134  -42.326  72.966 0.0000000000
85689  -31.328  -42.895  73.978 0.0000000000
84178  -31.773  -44.006  75.084 0.0000000000
87166  -34.270  -40.891  72.771 0.0000000000
85663  -36.445  -42.175  75.890 0.0000000000
85680  -36.079  -41.920  75.419 0.0000000000
85641  -35.448  -42.623  76.144 0.0000000000
84161  -35.108  -42.710  76.132 0.0000000000
84142  -35.297  -42.907  76.697 0.0000000000
84109  -35.687  -43.375  79.003 0.0000000000
84098  -35.429  -43.257  79.787 0.0000000000
85588  -36.147  -43.097  79.589 0.0000000000
85573  -36.653  -42.826  80.069 0.0000000000
73962  -22.427  -48.585  79.591 0.0000000000
75302  -21.645  -48.284  78.512 0.0000000000
73961  -21.806  -48.743  79.602 0.0000000000
73960  -21.213  -49.037  79.525 0.0000000000
73959  -20.791  -49.475  79.329 0.0000000000
73942  -20.801  -49.831  79.738 0.0000000000
73943  -21.131  -49.545  80.132 0.0000000000
72552  -21.409  -50.209  80.599 0.0000000000
71231  -21.442  -50.655  81.441 0.0000000000
69882  -21.130  -51.193  82.130 0.0000000000
71184  -23.340  -50.382  85.444 0.0000000000
69828  -23.095  -50.556  85.474 0.0000000000
112797  -43.443  -27.159  59.934 0.0000000000
114232  -43.816  -26.578  60.085 0.0000000000
114233  -44.562  -26.436  60.631 0.0000000000
114212  -45.040  -26.334  61.090 0.0000000000
117139  -46.871  -24.639  62.509 0.0000000000
115706  -46.791  -25.338  62.677 0.0000000000
117140  -47.298  -24.728  63.011 0.0000000000
115684  -47.632  -25.281  63.559 0.0000000000
115666  -48.301  -25.327  64.369 0.0000000000
114136  -48.473  -26.002  64.576 0.0000000000
115649  -48.710  -25.369  65.071 0.0000000000
117074  -49.288  -24.824  66.408 0.0000000000
122524  -50.406  -21.573  62.000 0.0000000000
122501  -49.734  -21.718  62.400 0.0000000000
122502  -50.355  -21.474  62.739 0.0000000000
122483  -50.352  -21.427  63.532 0.0000000000
122465  -50.417  -21.494  64.313 0.0000000000
121262  -56.511  -22.849  52.771 0.0000000000
122695  -57.271  -22.050  53.269 0.0000000000
121273  -56.749  -22.567  52.394 0.0000000000
122705  -57.500  -21.342  52.473 0.0000000000
126539  -58.887  -19.592  51.708 0.0000000000
127797  -59.668  -19.386  52.390 0.0000000000
127803  -59.889  -19.007  51.557 0.0000000000
127831  -59.569  -17.546  48.782 0.0000000000
128974  -60.033  -17.547  49.348 0.0000000000
127810  -60.663  -18.708  50.800 0.0000000000
125231  -61.072  -19.811  50.591 0.0000000000
122718  -60.713  -21.088  50.290 0.0000000000
122730  -60.569  -21.131  49.717 0.0000000000
125267  -59.165  -19.705  47.168 0.0000000000
124035  -59.075  -20.259  47.387 0.0000000000
125266  -58.834  -20.180  46.852 0.0000000000
93191  -43.047  -38.740  69.591 0.0000000000
91572  -42.187  -38.771  68.383 0.0000000000
91589  -42.140  -38.701  67.771 0.0000000000
93250  -40.982  -38.479  67.428 0.0000000000
93251  -41.711  -38.551  67.272 0.0000000000
93286  -41.156  -38.331  65.826 0.0000000000
76716  -26.982  -47.529  75.796 0.0000000000
76756  -28.346  -46.798  74.447 0.0000000000
78148  -29.674  -46.114  74.447 0.0000000000
79550  -30.026  -45.941  74.524 0.0000000000
93245  -35.511  -38.588  67.111 0.0000000000
93231  -36.297  -38.581  68.085 0.0000000000
94813  -36.679  -38.341  68.482 0.0000000000
94827  -37.006  -37.905  68.172 0.0000000000
94800  -36.981  -38.346  68.913 0.0000000000
94802  -37.718  -38.342  69.725 0.0000000000
93158  -38.501  -38.189  70.398 0.0000000000
93159  -39.338  -38.139  70.694 0.0000000000
93131  -39.602  -38.249  71.477 0.0000000000
93160  -40.081  -38.208  70.849 0.0000000000
93189  -40.488  -38.178  70.342 0.0000000000
93213  -39.858  -38.028  69.299 0.0000000000
91534  -40.843  -38.265  69.997 0.0000000000
91523  -41.186  -38.371  70.346 0.0000000000
91524  -41.660  -38.594  70.237 0.0000000000
103250  -47.210  -32.180  63.858 0.0000000000
103228  -48.244  -32.083  64.430 0.0000000000
104700  -47.167  -31.425  63.882 0.0000000000
106086  -47.190  -30.703  63.832 0.0000000000
107351  -46.047  -30.053  62.503 0.0000000000
107339  -46.803  -30.058  63.350 0.0000000000
107340  -47.213  -29.871  63.745 0.0000000000
110004  -47.110  -28.773  63.284 0.0000000000
110005  -47.473  -28.549  63.602 0.0000000000
121162  -52.516  -22.022  57.887 0.0000000000
121145  -52.653  -21.848  58.568 0.0000000000
121146  -53.408  -21.892  58.612 0.0000000000
121147  -54.144  -21.946  58.676 0.0000000000
121132  -54.875  -21.769  59.454 0.0000000000
121166  -55.558  -22.049  58.084 0.0000000000
121150  -55.982  -21.802  59.124 0.0000000000
122600  -55.788  -21.423  59.909 0.0000000000
122586  -56.504  -21.104  60.189 0.0000000000
125111  -57.147  -20.738  60.825 0.0000000000
125162  -60.006  -20.030  57.169 0.0000000000
126476  -60.442  -19.691  55.309 0.0000000000
69905  -16.709  -50.898  80.921 0.0000000000
68417  -15.826  -52.053  82.298 0.0000000000
66968  -15.651  -52.574  82.661 0.0000000000
64077  -15.516  -53.964  83.255 0.0000000000
94830  -45.810  -37.136  68.097 0.0000000000
96287  -46.365  -36.807  68.097 0.0000000000
96298  -46.602  -36.390  67.760 0.0000000000
96310  -46.439  -36.348  67.036 0.0000000000
96322  -45.568  -36.735  65.597 0.0000000000
96324  -46.342  -36.429  66.539 0.0000000000
97647  -46.854  -35.874  67.259 0.0000000000
98965  -47.198  -35.443  66.656 0.0000000000
98986  -47.200  -35.356  65.778 0.0000000000
99009  -46.392  -35.240  64.354 0.0000000000
97715  -45.323  -35.557  63.851 0.0000000000
99030  -45.048  -35.024  63.278 0.0000000000
100446  -42.985  -33.668  61.272 0.0000000000
78038  -30.672  -46.633  80.711 0.0000000000
78026  -30.427  -46.486  81.117 0.0000000000
79437  -31.125  -45.787  81.495 0.0000000000
78003  -31.507  -45.936  81.919 0.0000000000
80907  -32.122  -44.992  81.188 0.0000000000
79425  -32.026  -45.403  81.745 0.0000000000
77990  -31.900  -45.898  81.988 0.0000000000
76591  -32.509  -46.354  81.939 0.0000000000
80900  -34.699  -44.474  81.756 0.0000000000
85722  -32.311  -41.861  73.156 0.0000000000
88579  -36.183  -40.176  73.102 0.0000000000
88570  -36.560  -40.544  73.820 0.0000000000
88551  -37.802  -41.174  75.093 0.0000000000
87136  -37.328  -41.488  75.248 0.0000000000
87125  -36.966  -41.827  75.727 0.0000000000
85664  -36.901  -41.983  76.239 0.0000000000
85644  -37.084  -41.942  76.787 0.0000000000
85613  -37.541  -42.365  78.149 0.0000000000
85598  -37.258  -42.774  78.696 0.0000000000
85599  -37.760  -42.351  78.678 0.0000000000
87086  -38.408  -42.080  78.687 0.0000000000
87074  -38.831  -41.699  79.295 0.0000000000
88515  -39.362  -41.742  78.018 0.0000000000
88491  -39.262  -41.481  79.333 0.0000000000
88476  -39.716  -41.414  79.766 0.0000000000
75342  -22.545  -47.620  77.267 0.0000000000
75304  -22.771  -48.134  78.572 0.0000000000
75286  -23.086  -48.368  79.399 0.0000000000
73920  -22.696  -49.603  81.533 0.0000000000
72541  -22.538  -49.918  82.380 0.0000000000
73908  -22.884  -49.379  82.360 0.0000000000
72536  -22.711  -49.078  83.359 0.0000000000
72517  -22.815  -48.979  84.469 0.0000000000
72518  -23.296  -48.699  84.721 0.0000000000
72505  -23.082  -48.973  84.896 0.0000000000
117201  -44.885  -25.474  60.075 0.0000000000
117202  -45.570  -24.943  60.385 0.0000000000
118479  -46.235  -24.843  61.389 0.0000000000
119750  -46.600  -24.366  60.665 0.0000000000
118480  -46.618  -24.335  61.645 0.0000000000
118462  -47.182  -24.059  62.606 0.0000000000
119703  -48.441  -23.392  64.085 0.0000000000
121289  -54.536  -22.416  50.198 0.0000000000
122714  -55.750  -22.475  50.698 0.0000000000
122737  -55.872  -21.238  49.524 0.0000000000
128982  -60.736  -17.333  49.204 0.0000000000
126569  -60.656  -18.875  48.169 0.0000000000
126574  -60.168  -18.994  47.607 0.0000000000
129015  -61.053  -17.129  47.648 0.0000000000
126575  -60.371  -18.492  47.658 0.0000000000
126573  -59.653  -19.368  47.368 0.0000000000
66983  -19.608  -52.566  81.864 0.0000000000
65499  -19.292  -53.289  82.335 0.0000000000
64092  -19.793  -53.919  82.579 0.0000000000
62668  -19.898  -54.853  83.244 0.0000000000
58158  -20.352  -56.891  85.293 0.0000000000
97596  -47.000  -36.101  72.907 0.0000000000
96249  -46.810  -36.616  72.257 0.0000000000
94771  -46.085  -37.410  71.881 0.0000000000
94772  -46.626  -37.224  71.591 0.0000000000
96256  -47.043  -36.868  71.350 0.0000000000
94787  -46.840  -37.180  70.788 0.0000000000
93217  -44.746  -38.004  68.910 0.0000000000
94818  -45.769  -37.576  69.033 0.0000000000
94817  -45.254  -37.521  68.353 0.0000000000
94844  -45.082  -37.341  67.011 0.0000000000
94861  -44.586  -37.594  65.991 0.0000000000
94860  -44.131  -37.688  65.554 0.0000000000
94878  -44.554  -37.428  65.280 0.0000000000
94896  -43.711  -37.468  64.449 0.0000000000
94916  -43.448  -37.106  63.863 0.0000000000
75237  -26.312  -47.877  81.966 0.0000000000
75256  -26.955  -48.035  81.311 0.0000000000
75257  -27.947  -48.222  81.425 0.0000000000
75258  -28.871  -48.007  81.126 0.0000000000
75259  -29.559  -47.736  80.817 0.0000000000
76641  -30.067  -47.288  80.780 0.0000000000
75367  -27.796  -47.806  76.329 0.0000000000
75350  -29.325  -47.740  77.104 0.0000000000
75330  -29.824  -47.913  77.877 0.0000000000
75312  -29.509  -48.206  78.609 0.0000000000
75295  -30.146  -47.728  79.692 0.0000000000
76651  -30.342  -47.378  80.235 0.0000000000
76642  -30.500  -47.033  80.481 0.0000000000
78039  -31.171  -46.296  80.310 0.0000000000
79461  -31.696  -45.770  80.231 0.0000000000
78064  -31.656  -46.207  79.167 0.0000000000
79473  -31.944  -45.800  79.609 0.0000000000
80975  -33.050  -45.211  79.109 0.0000000000
82550  -33.541  -44.937  79.555 0.0000000000
88632  -34.009  -40.665  68.401 0.0000000000
88611  -34.320  -40.731  69.879 0.0000000000
88599  -35.115  -40.258  71.056 0.0000000000
91568  -35.375  -39.183  68.069 0.0000000000
91533  -36.360  -38.872  69.652 0.0000000000
91532  -35.953  -39.267  69.935 0.0000000000
90007  -35.981  -39.440  70.907 0.0000000000
89986  -35.863  -39.723  72.012 0.0000000000
89978  -36.793  -39.896  73.211 0.0000000000
89969  -37.667  -40.424  73.741 0.0000000000
91490  -37.997  -39.778  72.772 0.0000000000
89970  -38.370  -40.376  73.662 0.0000000000
89960  -38.627  -40.675  74.499 0.0000000000
89961  -39.243  -40.724  74.710 0.0000000000
89952  -40.056  -40.633  75.381 0.0000000000
89953  -40.504  -40.670  75.629 0.0000000000
91425  -41.292  -40.375  75.927 0.0000000000
91443  -40.931  -40.279  75.416 0.0000000000
91444  -41.529  -39.779  75.609 0.0000000000
93004  -41.857  -39.555  75.275 0.0000000000
93026  -41.545  -39.843  74.008 0.0000000000
93005  -42.247  -39.379  75.674 0.0000000000
93006  -43.364  -39.142  75.387 0.0000000000
94685  -43.830  -38.698  75.052 0.0000000000
93106  -40.685  -38.331  72.259 0.0000000000
93081  -41.770  -38.819  72.822 0.0000000000
93108  -42.245  -38.460  72.225 0.0000000000
94722  -43.869  -38.265  74.428 0.0000000000
94687  -44.643  -37.841  74.923 0.0000000000
94743  -44.661  -37.472  73.345 0.0000000000
96215  -45.423  -36.900  74.106 0.0000000000
75362  -22.750  -47.389  76.670 0.0000000000
75345  -24.909  -47.552  77.359 0.0000000000
75324  -24.594  -47.783  78.036 0.0000000000
75271  -25.783  -47.823  80.435 0.0000000000
101695  -52.226  -33.511  68.910 0.0000000000
101731  -52.153  -33.019  67.305 0.0000000000
101732  -52.565  -32.769  67.254 0.0000000000
104662  -50.185  -31.477  65.483 0.0000000000
106059  -49.143  -30.794  65.219 0.0000000000
104646  -50.896  -31.449  65.774 0.0000000000
104647  -51.274  -31.469  65.956 0.0000000000
104632  -52.119  -31.627  66.475 0.0000000000
108602  -50.366  -29.556  66.607 0.0000000000
119771  -47.686  -22.884  58.989 0.0000000000
119761  -47.699  -22.896  59.828 0.0000000000
119762  -48.099  -22.558  59.419 0.0000000000
121102  -49.007  -21.849  60.500 0.0000000000
122577  -50.300  -21.507  60.120 0.0000000000
122559  -50.046  -21.516  60.555 0.0000000000
122544  -50.447  -21.596  61.321 0.0000000000
122525  -51.050  -21.496  62.255 0.0000000000
122526  -51.738  -21.475  62.446 0.0000000000
122505  -52.486  -21.425  63.304 0.0000000000
121129  -52.769  -21.777  59.246 0.0000000000
121113  -52.871  -21.651  59.905 0.0000000000
122581  -52.956  -21.513  60.566 0.0000000000
122583  -54.380  -21.415  60.618 0.0000000000
122565  -53.749  -21.386  61.296 0.0000000000
122564  -53.033  -21.435  61.248 0.0000000000
122548  -53.097  -21.395  61.951 0.0000000000
65451  -15.274  -53.461  88.753 0.0000000000
110073  -41.881  -28.438  59.104 0.0000000000
110062  -42.793  -28.514  59.677 0.0000000000
111459  -41.849  -27.825  59.111 0.0000000000
112809  -41.890  -27.324  58.955 0.0000000000
112810  -42.316  -27.196  59.103 0.0000000000
114259  -42.086  -26.699  58.671 0.0000000000
114245  -42.534  -26.779  58.938 0.0000000000
115787  -42.696  -26.481  58.785 0.0000000000
115788  -43.189  -26.069  58.969 0.0000000000
117213  -43.276  -25.729  58.766 0.0000000000
117222  -43.166  -25.527  58.285 0.0000000000
117224  -44.752  -24.807  58.440 0.0000000000
118518  -45.455  -24.439  58.530 0.0000000000
118519  -45.993  -23.995  58.506 0.0000000000
118520  -46.603  -23.683  58.398 0.0000000000
117243  -45.751  -24.482  56.785 0.0000000000
119778  -47.172  -23.176  58.357 0.0000000000
119779  -47.780  -22.754  58.239 0.0000000000
119780  -48.390  -22.413  58.048 0.0000000000
119798  -47.623  -22.998  57.037 0.0000000000
119788  -48.562  -22.507  57.334 0.0000000000
121160  -51.037  -21.963  57.771 0.0000000000
119838  -48.390  -23.140  55.199 0.0000000000
119816  -48.893  -22.681  55.772 0.0000000000
119801  -49.311  -22.477  56.265 0.0000000000
121181  -50.336  -22.317  56.665 0.0000000000
121182  -51.021  -22.174  57.054 0.0000000000
121183  -51.655  -22.141  57.228 0.0000000000
121184  -52.390  -22.260  57.137 0.0000000000
121185  -53.110  -22.288  57.285 0.0000000000
119805  -53.533  -22.512  56.770 0.0000000000
119845  -53.275  -22.802  55.466 0.0000000000
119823  -54.178  -22.519  56.303 0.0000000000
121203  -54.481  -22.383  56.635 0.0000000000
119825  -55.557  -22.439  56.590 0.0000000000
119849  -56.198  -22.621  55.837 0.0000000000
121220  -57.235  -22.300  56.009 0.0000000000
121233  -57.577  -22.077  55.502 0.0000000000
119880  -56.750  -22.669  55.230 0.0000000000
119904  -56.663  -22.839  54.531 0.0000000000
119916  -56.223  -23.047  53.555 0.0000000000
119915  -55.371  -23.185  53.362 0.0000000000
119928  -55.988  -23.208  52.730 0.0000000000
119939  -55.822  -23.237  52.246 0.0000000000
119938  -55.488  -23.278  51.820 0.0000000000
119947  -54.592  -23.442  51.202 0.0000000000
119946  -53.802  -23.241  51.053 0.0000000000
121281  -54.548  -22.968  50.633 0.0000000000
121288  -53.846  -22.101  49.989 0.0000000000
65498  -18.496  -53.520  82.398 0.0000000000
64090  -17.990  -53.990  82.624 0.0000000000
62673  -17.465  -54.366  82.791 0.0000000000
61193  -18.569  -55.812  83.978 0.0000000000
61203  -17.739  -55.414  83.370 0.0000000000
62672  -17.093  -54.270  82.738 0.0000000000
61201  -16.408  -55.175  83.196 0.0000000000
62663  -15.850  -54.778  83.283 0.0000000000
62653  -15.414  -54.691  84.057 0.0000000000
53764  -18.418  -58.663  86.222 0.0000000000
55229  -18.068  -57.744  86.183 0.0000000000
58138  -17.482  -57.304  85.878 0.0000000000
52339  -16.904  -58.011  86.444 0.0000000000
58141  -16.923  -56.544  85.366 0.0000000000
59636  -16.564  -56.249  85.210 0.0000000000
61183  -16.023  -55.743  84.771 0.0000000000
62647  -15.366  -54.632  84.928 0.0000000000
62643  -15.435  -54.625  85.519 0.0000000000
64055  -15.234  -53.975  85.586 0.0000000000
61163  -15.852  -55.347  86.931 0.0000000000
64032  -15.333  -53.996  88.383 0.0000000000
62623  -14.486  -54.490  88.264 0.0000000000
61150  -13.805  -54.893  88.057 0.0000000000
59623  -13.870  -56.047  87.637 0.0000000000
61156  -13.632  -55.255  87.706 0.0000000000
98813  -48.398  -35.529  73.578 0.0000000000
96289  -47.049  -36.417  68.956 0.0000000000
97625  -47.525  -35.959  69.528 0.0000000000
98902  -47.768  -35.304  69.026 0.0000000000
98877  -48.361  -34.981  71.042 0.0000000000
101629  -49.567  -34.274  71.628 0.0000000000
101631  -50.600  -34.129  71.319 0.0000000000
101651  -50.767  -33.897  70.735 0.0000000000
101691  -49.763  -34.123  69.814 0.0000000000
101652  -51.406  -33.758  70.562 0.0000000000
101671  -51.511  -33.492  69.914 0.0000000000
101712  -50.966  -33.503  68.588 0.0000000000
101743  -50.633  -34.060  67.242 0.0000000000
100289  -49.514  -34.288  66.948 0.0000000000
100307  -49.899  -34.115  66.554 0.0000000000
101755  -49.874  -33.682  65.916 0.0000000000
101797  -48.496  -33.024  64.553 0.0000000000
98987  -47.839  -34.741  65.356 0.0000000000
99011  -47.655  -34.369  64.649 0.0000000000
100348  -47.252  -34.125  64.244 0.0000000000
100376  -47.375  -33.647  64.057 0.0000000000
100349  -47.869  -33.616  64.323 0.0000000000
101822  -47.371  -33.141  63.904 0.0000000000
103249  -46.440  -32.263  63.406 0.0000000000
104735  -45.505  -31.324  62.407 0.0000000000
104734  -45.125  -31.425  62.105 0.0000000000
106118  -44.900  -30.828  61.607 0.0000000000
106139  -44.350  -30.740  61.205 0.0000000000
107405  -43.533  -30.010  60.288 0.0000000000
108710  -42.550  -29.330  59.446 0.0000000000
96394  -42.046  -36.588  62.617 0.0000000000
97746  -42.096  -35.387  61.790 0.0000000000
99065  -42.129  -35.040  61.606 0.0000000000
99066  -42.479  -34.866  61.710 0.0000000000
100443  -41.417  -34.323  60.678 0.0000000000
99079  -42.332  -34.421  61.267 0.0000000000
100445  -42.438  -33.811  60.997 0.0000000000
100458  -42.280  -33.305  60.651 0.0000000000
101900  -42.357  -32.950  60.617 0.0000000000
103330  -40.961  -32.249  59.423 0.0000000000
103317  -42.062  -32.574  60.267 0.0000000000
103332  -42.179  -31.918  60.168 0.0000000000
104782  -42.161  -31.407  59.696 0.0000000000
106162  -41.803  -30.747  59.145 0.0000000000
107429  -40.620  -29.882  58.630 0.0000000000
106176  -41.387  -30.463  58.980 0.0000000000
106163  -42.384  -30.634  59.429 0.0000000000
107414  -42.109  -29.910  59.185 0.0000000000
108709  -41.981  -29.003  59.105 0.0000000000
75220  -26.427  -47.856  82.628 0.0000000000
76596  -26.744  -47.649  83.410 0.0000000000
76598  -27.864  -47.235  83.055 0.0000000000
79447  -30.036  -46.263  81.755 0.0000000000
79422  -29.997  -46.127  82.399 0.0000000000
79572  -29.833  -45.790  73.967 0.0000000000
79573  -30.252  -45.604  74.305 0.0000000000
79552  -31.027  -45.439  75.321 0.0000000000
81054  -31.640  -45.235  75.932 0.0000000000
81033  -32.374  -45.123  76.496 0.0000000000
82604  -32.589  -44.736  75.833 0.0000000000
82588  -32.940  -44.905  76.672 0.0000000000
81010  -32.657  -45.125  77.327 0.0000000000
81011  -32.871  -45.095  77.904 0.0000000000
82559  -33.578  -44.863  78.780 0.0000000000
82551  -34.091  -44.700  79.437 0.0000000000
87217  -32.664  -41.460  70.335 0.0000000000
87197  -33.247  -41.321  71.108 0.0000000000
87196  -32.513  -41.492  71.183 0.0000000000
87177  -32.284  -41.491  71.988 0.0000000000
87164  -32.755  -41.540  72.796 0.0000000000
85708  -32.853  -41.933  73.678 0.0000000000
87167  -34.934  -40.801  73.169 0.0000000000
87156  -34.597  -41.217  73.724 0.0000000000
85695  -35.098  -41.557  74.810 0.0000000000
85710  -34.094  -41.559  74.043 0.0000000000
85709  -33.557  -41.740  73.924 0.0000000000
85692  -33.284  -42.125  74.521 0.0000000000
84202  -33.078  -42.592  74.994 0.0000000000
84140  -34.062  -43.824  77.140 0.0000000000
84141  -34.609  -43.306  76.919 0.0000000000
84129  -34.070  -44.110  78.160 0.0000000000
82560  -34.075  -44.465  78.841 0.0000000000
84095  -34.387  -44.347  80.005 0.0000000000
84084  -34.393  -43.909  80.545 0.0000000000
85554  -35.027  -42.860  81.523 0.0000000000
84086  -35.101  -43.150  80.352 0.0000000000
85590  -37.437  -42.554  79.240 0.0000000000
87054  -37.089  -42.616  79.969 0.0000000000
87022  -37.366  -42.345  80.894 0.0000000000
71256  -17.374  -50.419  79.500 0.0000000000
69920  -18.359  -51.142  80.090 0.0000000000
68458  -18.766  -51.662  80.374 0.0000000000
68444  -19.231  -52.190  80.972 0.0000000000
73993  -21.208  -48.266  78.250 0.0000000000
72568  -19.456  -50.473  78.880 0.0000000000
73958  -20.524  -49.878  79.279 0.0000000000
72559  -19.986  -50.577  79.404 0.0000000000
71249  -19.436  -50.874  79.556 0.0000000000
69922  -19.734  -51.243  80.063 0.0000000000
68445  -19.940  -51.749  80.776 0.0000000000
66959  -20.571  -52.469  82.832 0.0000000000
68379  -22.816  -50.963  85.188 0.0000000000
110063  -43.147  -28.515  59.924 0.0000000000
110048  -44.425  -28.470  60.789 0.0000000000
110049  -44.947  -28.492  61.224 0.0000000000
111429  -44.851  -27.686  61.216 0.0000000000
110035  -46.080  -28.537  62.115 0.0000000000
110017  -47.290  -27.803  63.117 0.0000000000
115750  -45.120  -25.815  60.831 0.0000000000
114195  -45.913  -26.120  61.943 0.0000000000
114196  -46.337  -26.028  62.389 0.0000000000
112760  -46.405  -26.770  62.514 0.0000000000
111372  -47.741  -27.467  63.629 0.0000000000
111361  -47.944  -28.086  64.022 0.0000000000
111348  -48.579  -27.688  64.868 0.0000000000
111349  -49.036  -27.539  65.402 0.0000000000
114126  -48.981  -26.137  65.514 0.0000000000
112691  -49.262  -26.906  65.870 0.0000000000
121091  -47.975  -22.653  61.398 0.0000000000
119694  -48.864  -23.209  64.863 0.0000000000
121035  -49.277  -22.697  65.240 0.0000000000
118418  -48.960  -23.931  65.432 0.0000000000
118407  -49.359  -23.947  66.269 0.0000000000
122672  -57.873  -21.567  55.661 0.0000000000
123961  -58.040  -21.097  55.178 0.0000000000
125194  -58.252  -20.495  54.898 0.0000000000
122689  -57.683  -21.626  53.832 0.0000000000
125202  -58.157  -20.605  54.104 0.0000000000
126491  -58.584  -19.941  54.733 0.0000000000
127779  -58.890  -19.403  54.638 0.0000000000
127780  -59.293  -19.058  54.625 0.0000000000
127781  -59.810  -19.090  54.633 0.0000000000
123987  -57.600  -20.976  51.994 0.0000000000
123995  -57.771  -20.624  51.469 0.0000000000
125224  -58.100  -20.436  51.883 0.0000000000
125217  -58.095  -20.523  52.649 0.0000000000
126519  -58.777  -19.746  53.221 0.0000000000
127787  -59.472  -19.167  53.887 0.0000000000
126493  -60.594  -19.769  54.544 0.0000000000
125196  -60.762  -20.297  54.445 0.0000000000
123967  -60.587  -20.794  53.577 0.0000000000
126520  -60.337  -19.580  53.081 0.0000000000
122681  -60.487  -21.304  53.451 0.0000000000
121247  -60.206  -21.835  53.330 0.0000000000
127807  -59.207  -18.828  51.052 0.0000000000
126540  -60.360  -19.462  51.745 0.0000000000
126541  -60.631  -19.530  51.434 0.0000000000
122698  -60.376  -21.204  51.927 0.0000000000
125246  -60.463  -20.223  48.842 0.0000000000
124013  -59.624  -21.139  48.349 0.0000000000
124018  -58.955  -21.232  47.684 0.0000000000
52344  -17.561  -58.695  86.112 0.0000000000
52345  -17.852  -58.793  86.171 0.0000000000
53751  -16.526  -58.011  86.492 0.0000000000
53756  -18.076  -58.781  86.198 0.0000000000
53763  -18.191  -58.356  86.305 0.0000000000
55223  -15.994  -57.199  87.129 0.0000000000
55224  -16.141  -57.063  86.960 0.0000000000
55237  -18.021  -58.190  86.320 0.0000000000
55238  -18.391  -58.088  86.166 0.0000000000
56646  -14.604  -56.936  87.634 0.0000000000
56647  -15.225  -57.085  87.549 0.0000000000
56648  -15.719  -57.025  87.324 0.0000000000
56650  -13.816  -57.023  87.369 0.0000000000
56663  -17.759  -57.499  86.043 0.0000000000
56666  -18.389  -57.569  85.927 0.0000000000
58125  -15.814  -56.719  87.279 0.0000000000
58126  -13.461  -56.164  87.235 0.0000000000
58137  -17.289  -57.089  85.709 0.0000000000
58142  -17.366  -56.747  85.241 0.0000000000
58156  -18.777  -57.154  84.880 0.0000000000
58157  -19.669  -56.991  84.919 0.0000000000
58159  -20.749  -56.827  85.540 0.0000000000
58165  -18.403  -56.610  84.387 0.0000000000
59618  -13.903  -55.647  88.010 0.0000000000
59620  -14.877  -55.863  87.979 0.0000000000
59621  -15.061  -56.084  87.873 0.0000000000
59624  -15.112  -55.634  87.957 0.0000000000
59626  -15.841  -55.865  87.220 0.0000000000
59637  -17.033  -56.486  85.160 0.0000000000
59645  -17.287  -56.382  84.792 0.0000000000
59646  -17.743  -56.539  84.714 0.0000000000
59648  -20.415  -56.548  84.915 0.0000000000
59657  -17.995  -56.320  84.347 0.0000000000
59658  -18.805  -56.285  84.230 0.0000000000
59659  -19.618  -56.439  84.383 0.0000000000
61152  -14.747  -55.187  88.118 0.0000000000
61182  -15.631  -55.242  84.462 0.0000000000
61189  -15.681  -55.221  84.007 0.0000000000
61202  -16.963  -55.367  83.199 0.0000000000
61204  -18.439  -55.427  83.583 0.0000000000
62625  -15.380  -54.344  88.207 0.0000000000
62630  -15.206  -54.919  88.122 0.0000000000
62631  -15.533  -54.682  87.998 0.0000000000
62654  -15.714  -55.129  83.746 0.0000000000
62662  -15.421  -54.359  83.586 0.0000000000
62664  -16.788  -54.663  82.874 0.0000000000
62665  -17.574  -54.898  82.980 0.0000000000
62667  -19.167  -55.096  83.385 0.0000000000
62674  -18.051  -54.465  82.864 0.0000000000
64045  -15.804  -53.990  87.084 0.0000000000
64056  -15.448  -54.385  85.861 0.0000000000
64063  -15.201  -53.941  84.671 0.0000000000
64079  -16.825  -54.148  82.651 0.0000000000
64089  -17.291  -53.930  82.550 0.0000000000
64091  -18.823  -54.173  82.731 0.0000000000
64093  -20.323  -53.679  82.601 0.0000000000
65475  -14.829  -52.987  84.746 0.0000000000
65481  -14.910  -53.051  84.556 0.0000000000
65487  -15.205  -53.219  83.514 0.0000000000
65488  -15.646  -53.349  82.856 0.0000000000
65500  -20.020  -53.358  82.453 0.0000000000
65508  -17.610  -53.104  81.872 0.0000000000
65510  -18.768  -53.151  82.154 0.0000000000
66938  -14.791  -52.848  84.646 0.0000000000
66939  -14.766  -52.571  84.798 0.0000000000
66958  -15.369  -52.921  83.042 0.0000000000
66969  -19.476  -52.826  82.079 0.0000000000
66978  -16.159  -52.469  82.065 0.0000000000
66979  -16.663  -52.374  81.526 0.0000000000
66981  -18.115  -52.736  81.567 0.0000000000
66992  -16.831  -52.012  81.234 0.0000000000
68372  -22.877  -51.389  85.783 0.0000000000
68390  -22.683  -50.676  84.902 0.0000000000
68416  -15.480  -51.848  82.647 0.0000000000
68419  -21.109  -51.439  82.707 0.0000000000
68427  -15.694  -51.629  82.292 0.0000000000
68441  -16.926  -51.627  81.037 0.0000000000
68443  -18.342  -52.033  80.731 0.0000000000
68459  -19.459  -51.631  80.379 0.0000000000
68460  -19.881  -51.489  80.382 0.0000000000
69822  -23.453  -50.601  85.419 0.0000000000
69829  -22.883  -49.982  85.523 0.0000000000
69838  -22.814  -50.213  85.100 0.0000000000
69893  -20.458  -51.495  81.107 0.0000000000
71176  -23.703  -50.390  85.292 0.0000000000
71185  -23.357  -49.967  85.334 0.0000000000
71194  -22.885  -49.417  85.015 0.0000000000
71195  -23.019  -49.810  85.281 0.0000000000
71203  -22.499  -49.759  84.752 0.0000000000
71204  -25.380  -48.813  84.824 0.0000000000
71211  -22.207  -49.854  83.730 0.0000000000
71219  -22.123  -50.200  83.050 0.0000000000
71239  -20.641  -50.762  80.306 0.0000000000
72516  -22.555  -49.127  84.099 0.0000000000
72526  -22.460  -49.284  83.743 0.0000000000
72527  -22.759  -48.904  83.799 0.0000000000
72528  -25.407  -49.027  84.943 0.0000000000
72551  -21.000  -50.430  80.248 0.0000000000
72569  -20.105  -50.157  79.051 0.0000000000
73854  -24.505  -48.687  85.076 0.0000000000
73855  -25.194  -48.794  84.932 0.0000000000
73867  -23.411  -48.606  84.290 0.0000000000
73870  -25.344  -48.498  84.779 0.0000000000
73884  -24.835  -48.616  84.378 0.0000000000
73910  -23.688  -48.704  82.530 0.0000000000
73911  -24.313  -48.564  82.579 0.0000000000
73947  -28.881  -48.372  80.171 0.0000000000
73948  -29.336  -48.267  80.028 0.0000000000
73949  -29.632  -48.162  79.834 0.0000000000
73963  -28.508  -48.477  79.985 0.0000000000
73978  -21.978  -48.467  79.013 0.0000000000
73979  -22.494  -48.379  79.004 0.0000000000
73981  -28.595  -48.423  79.206 0.0000000000
75182  -25.341  -47.927  84.028 0.0000000000
75198  -29.186  -47.417  82.420 0.0000000000
75205  -26.534  -47.759  83.195 0.0000000000
75206  -26.961  -47.687  82.931 0.0000000000
75239  -27.835  -48.175  81.961 0.0000000000
75253  -24.539  -48.159  81.032 0.0000000000
75260  -29.872  -47.609  80.596 0.0000000000
75277  -30.245  -47.596  79.924 0.0000000000
75293  -29.174  -48.349  79.199 0.0000000000
75294  -29.807  -48.053  79.418 0.0000000000
76583  -26.958  -47.623  83.515 0.0000000000
76613  -28.355  -46.916  82.107 0.0000000000
76625  -27.417  -48.004  82.520 0.0000000000
76626  -27.976  -47.964  82.319 0.0000000000
76650  -30.059  -47.523  80.456 0.0000000000
76663  -30.196  -47.728  79.354 0.0000000000
76718  -29.231  -47.431  75.965 0.0000000000
77991  -32.678  -45.999  81.997 0.0000000000
77999  -28.889  -46.484  83.009 0.0000000000
78000  -29.634  -46.287  82.689 0.0000000000
78001  -30.259  -46.313  82.389 0.0000000000
78002  -30.867  -46.271  82.016 0.0000000000
78012  -27.989  -47.087  82.944 0.0000000000
78014  -29.093  -46.334  82.442 0.0000000000
78075  -31.744  -46.062  78.726 0.0000000000
78101  -31.116  -46.171  76.873 0.0000000000
78114  -30.122  -46.778  75.559 0.0000000000
79414  -33.774  -45.229  81.882 0.0000000000
79435  -29.833  -46.175  82.174 0.0000000000
79448  -30.529  -46.189  81.420 0.0000000000
79487  -32.065  -45.832  78.984 0.0000000000
79520  -31.551  -45.693  76.799 0.0000000000
79521  -32.077  -45.351  76.904 0.0000000000
79551  -30.507  -45.685  74.872 0.0000000000
80899  -34.138  -44.725  81.731 0.0000000000
80901  -35.121  -44.028  81.666 0.0000000000
80908  -32.907  -44.968  81.224 0.0000000000
80909  -33.450  -44.929  81.461 0.0000000000
80960  -32.943  -45.091  79.742 0.0000000000
81032  -31.795  -45.314  76.356 0.0000000000
81055  -32.015  -45.061  75.931 0.0000000000
81094  -30.252  -45.430  73.929 0.0000000000
82487  -34.275  -44.123  81.825 0.0000000000
82489  -35.395  -43.874  81.885 0.0000000000
82498  -33.863  -44.383  81.537 0.0000000000
82504  -33.372  -44.720  81.058 0.0000000000
82516  -33.783  -44.405  80.975 0.0000000000
82625  -31.410  -44.354  74.876 0.0000000000
84028  -34.256  -43.670  82.044 0.0000000000
84042  -33.723  -43.495  81.915 0.0000000000
84043  -34.567  -43.238  82.246 0.0000000000
84044  -34.964  -43.262  82.186 0.0000000000
84069  -34.153  -44.129  80.899 0.0000000000
84071  -34.317  -42.900  81.032 0.0000000000
84106  -34.445  -44.289  79.454 0.0000000000
84128  -33.655  -44.398  77.948 0.0000000000
84157  -32.966  -44.325  75.871 0.0000000000
84219  -30.636  -43.499  73.604 0.0000000000
85538  -35.039  -42.947  81.987 0.0000000000
85574  -37.156  -42.688  79.713 0.0000000000
85600  -38.140  -42.203  78.493 0.0000000000
85614  -37.971  -42.184  78.137 0.0000000000
85625  -36.167  -42.617  77.105 0.0000000000
85627  -37.477  -42.103  77.446 0.0000000000
85660  -34.582  -42.263  75.591 0.0000000000
85676  -33.693  -42.150  74.986 0.0000000000
85679  -35.499  -41.794  75.269 0.0000000000
85704  -30.560  -42.979  73.140 0.0000000000
85705  -30.955  -42.816  73.464 0.0000000000
85732  -30.803  -42.197  72.398 0.0000000000
87036  -36.986  -42.496  80.271 0.0000000000
87057  -38.815  -41.612  79.595 0.0000000000
87073  -38.349  -42.024  79.266 0.0000000000
87085  -38.073  -42.237  78.763 0.0000000000
87103  -37.846  -41.751  77.157 0.0000000000
87105  -38.776  -41.802  77.514 0.0000000000
87135  -36.618  -41.668  75.195 0.0000000000
87137  -37.756  -41.347  75.603 0.0000000000
87174  -30.411  -42.012  71.891 0.0000000000
87219  -34.026  -40.941  70.311 0.0000000000
88460  -38.579  -41.767  80.110 0.0000000000
88505  -39.384  -41.542  78.811 0.0000000000
88517  -40.424  -41.283  78.294 0.0000000000
88527  -40.341  -41.379  77.939 0.0000000000
88544  -39.558  -41.188  76.357 0.0000000000
88552  -38.288  -41.048  75.391 0.0000000000
88569  -35.913  -40.566  73.577 0.0000000000
89902  -39.929  -40.999  79.155 0.0000000000
89923  -41.305  -40.711  77.610 0.0000000000
89943  -41.299  -40.696  76.381 0.0000000000
89962  -39.784  -40.607  74.816 0.0000000000
89980  -38.052  -40.112  73.144 0.0000000000
91426  -41.651  -40.214  76.306 0.0000000000
91459  -39.152  -40.617  74.261 0.0000000000
91463  -41.665  -39.609  75.118 0.0000000000
91522  -40.855  -38.237  70.381 0.0000000000
91537  -42.429  -38.801  69.424 0.0000000000
91551  -40.718  -38.297  69.322 0.0000000000
91571  -41.542  -38.681  68.561 0.0000000000
91586  -40.588  -38.333  68.359 0.0000000000
93140  -46.606  -37.420  71.205 0.0000000000
93185  -37.474  -38.382  70.087 0.0000000000
93210  -37.927  -37.944  68.954 0.0000000000
93214  -40.375  -38.150  69.819 0.0000000000
93218  -45.306  -37.976  69.439 0.0000000000
93246  -38.276  -37.730  68.179 0.0000000000
93306  -43.121  -37.904  64.601 0.0000000000
94668  -44.116  -38.520  75.716 0.0000000000
94703  -43.927  -38.381  74.779 0.0000000000
94723  -44.021  -38.055  73.963 0.0000000000
94724  -44.581  -37.567  73.922 0.0000000000
94725  -45.043  -37.200  73.709 0.0000000000
94757  -45.340  -37.318  72.518 0.0000000000
94758  -45.917  -37.163  72.386 0.0000000000
94784  -38.099  -38.376  69.898 0.0000000000
94785  -38.136  -38.339  70.174 0.0000000000
94801  -37.265  -38.349  69.238 0.0000000000
94803  -38.187  -38.289  69.866 0.0000000000
94806  -47.041  -36.959  70.286 0.0000000000
94814  -37.183  -38.118  68.762 0.0000000000
94831  -46.262  -37.032  68.600 0.0000000000
94863  -45.631  -37.043  66.570 0.0000000000
94877  -44.026  -37.586  65.001 0.0000000000
94898  -44.850  -37.027  65.021 0.0000000000
94939  -42.982  -36.968  63.503 0.0000000000
96238  -45.624  -37.043  73.070 0.0000000000
96257  -47.294  -36.378  71.548 0.0000000000
96272  -47.080  -36.721  69.610 0.0000000000
96281  -47.187  -36.413  69.332 0.0000000000
96296  -36.167  -38.125  66.509 0.0000000000
96357  -44.462  -36.508  64.067 0.0000000000
96396  -43.373  -35.968  62.869 0.0000000000
97631  -47.018  -36.192  68.436 0.0000000000
97674  -45.791  -36.118  64.936 0.0000000000
97697  -46.532  -35.656  64.966 0.0000000000
97733  -44.081  -35.499  62.975 0.0000000000
97747  -42.786  -35.334  62.159 0.0000000000
97758  -41.261  -35.323  61.289 0.0000000000
100220  -49.255  -34.394  71.245 0.0000000000
100290  -50.060  -34.199  67.063 0.0000000000
100328  -49.353  -33.888  65.541 0.0000000000
100444  -41.969  -34.225  60.936 0.0000000000
100457  -41.816  -33.683  60.512 0.0000000000
101668  -49.867  -34.173  70.508 0.0000000000
101690  -49.491  -34.266  69.679 0.0000000000
101745  -51.623  -32.997  66.839 0.0000000000
101843  -45.222  -32.942  62.841 0.0000000000
101890  -42.755  -33.087  60.913 0.0000000000
101899  -41.998  -32.942  60.291 0.0000000000
101913  -41.249  -32.817  59.748 0.0000000000
103160  -52.274  -32.539  66.890 0.0000000000
103185  -50.515  -32.950  65.822 0.0000000000
103227  -47.758  -32.100  64.145 0.0000000000
103264  -45.844  -32.307  63.053 0.0000000000
103304  -43.329  -32.514  61.128 0.0000000000
103318  -42.443  -32.443  60.568 0.0000000000
103329  -40.638  -32.460  59.325 0.0000000000
103346  -40.755  -31.930  59.206 0.0000000000
104631  -51.634  -31.497  66.164 0.0000000000
104663  -50.523  -31.437  65.606 0.0000000000
104682  -48.215  -31.446  64.535 0.0000000000
104717  -46.359  -31.284  63.044 0.0000000000
104756  -43.933  -31.299  61.211 0.0000000000
104771  -43.072  -31.218  60.545 0.0000000000
106049  -51.192  -31.119  65.994 0.0000000000
106101  -46.388  -30.673  62.999 0.0000000000
107285  -50.937  -30.243  66.424 0.0000000000
107371  -45.162  -30.016  61.636 0.0000000000
107389  -43.981  -30.259  60.789 0.0000000000
107390  -44.394  -29.853  61.004 0.0000000000
107404  -43.111  -30.326  59.998 0.0000000000
107416  -43.163  -30.007  59.886 0.0000000000
108613  -49.161  -29.265  65.652 0.0000000000
108643  -47.063  -29.217  63.398 0.0000000000
108674  -45.938  -29.370  62.179 0.0000000000
110064  -43.859  -28.499  60.385 0.0000000000
110074  -42.350  -28.496  59.462 0.0000000000
111373  -47.976  -26.883  63.924 0.0000000000
111410  -45.942  -27.547  62.054 0.0000000000
111446  -42.776  -28.163  59.700 0.0000000000
111461  -42.825  -27.817  59.654 0.0000000000
111476  -41.409  -27.801  58.885 0.0000000000
112726  -48.000  -26.465  63.900 0.0000000000
112739  -47.310  -26.460  63.130 0.0000000000
112759  -45.890  -26.717  62.074 0.0000000000
112798  -44.104  -27.125  60.578 0.0000000000
114108  -49.522  -26.289  66.656 0.0000000000
114125  -48.726  -26.068  65.008 0.0000000000
114173  -46.786  -25.928  62.796 0.0000000000
114213  -45.472  -26.216  61.527 0.0000000000
114231  -43.439  -26.699  59.702 0.0000000000
115621  -49.427  -25.588  66.769 0.0000000000
115685  -47.990  -25.309  63.990 0.0000000000
115808  -43.050  -25.842  58.557 0.0000000000
117187  -45.629  -25.245  60.983 0.0000000000
117200  -44.353  -25.705  59.669 0.0000000000
117229  -42.906  -25.552  57.614 0.0000000000
118430  -48.378  -24.067  64.308 0.0000000000
118461  -46.792  -24.330  62.182 0.0000000000
118592  -52.914  -23.418  53.308 0.0000000000
118593  -53.141  -23.423  53.319 0.0000000000
118599  -54.060  -23.541  52.756 0.0000000000
118600  -54.476  -23.489  52.619 0.0000000000
118605  -53.054  -23.522  52.290 0.0000000000
118607  -54.378  -23.574  52.259 0.0000000000
118610  -53.157  -23.454  51.858 0.0000000000
119727  -47.333  -23.342  62.401 0.0000000000
119769  -46.838  -24.019  59.520 0.0000000000
119800  -48.768  -22.570  56.603 0.0000000000
119804  -52.920  -22.484  56.781 0.0000000000
119807  -55.895  -22.409  56.926 0.0000000000
119820  -51.776  -22.617  55.959 0.0000000000
119824  -54.899  -22.454  56.267 0.0000000000
119826  -56.351  -22.481  56.519 0.0000000000
119827  -56.867  -22.418  56.375 0.0000000000
119843  -51.740  -22.986  55.204 0.0000000000
119850  -56.806  -22.545  55.891 0.0000000000
119877  -54.735  -22.805  54.803 0.0000000000
119912  -53.356  -23.421  53.316 0.0000000000
119917  -56.505  -22.930  54.048 0.0000000000
119926  -54.864  -23.468  52.368 0.0000000000
119948  -55.117  -23.340  51.412 0.0000000000
121109  -48.164  -22.468  59.829 0.0000000000
121112  -50.183  -21.514  59.743 0.0000000000
121116  -54.907  -21.565  60.037 0.0000000000
121133  -55.460  -21.671  59.629 0.0000000000
121134  -55.868  -21.637  59.526 0.0000000000
121149  -55.518  -21.895  58.896 0.0000000000
121168  -56.876  -21.734  58.080 0.0000000000
121188  -55.466  -22.257  57.274 0.0000000000
121190  -57.053  -21.810  57.513 0.0000000000
121199  -50.748  -22.466  56.155 0.0000000000
121202  -52.057  -22.305  56.855 0.0000000000
121204  -54.812  -22.324  56.835 0.0000000000
121205  -55.149  -22.285  57.015 0.0000000000
121208  -57.539  -21.784  56.871 0.0000000000
121232  -57.232  -22.413  55.384 0.0000000000
121245  -57.491  -22.211  55.059 0.0000000000
121263  -56.898  -22.485  52.903 0.0000000000
121283  -55.990  -22.774  51.331 0.0000000000
121290  -55.018  -22.657  50.430 0.0000000000
122543  -49.954  -21.554  61.017 0.0000000000
122560  -50.449  -21.551  60.714 0.0000000000
122561  -51.013  -21.654  60.902 0.0000000000
122576  -49.908  -21.495  60.286 0.0000000000
122595  -50.425  -21.536  59.716 0.0000000000
122598  -52.159  -21.663  59.845 0.0000000000
122599  -55.457  -21.483  59.996 0.0000000000
122601  -56.374  -21.286  59.855 0.0000000000
122610  -56.228  -21.586  59.444 0.0000000000
122628  -57.326  -21.305  58.279 0.0000000000
122663  -57.874  -21.450  56.412 0.0000000000
122679  -57.498  -22.137  54.489 0.0000000000
122697  -60.182  -21.424  51.802 0.0000000000
122745  -59.985  -21.151  48.682 0.0000000000
123888  -56.152  -20.918  60.997 0.0000000000
123889  -56.703  -20.927  60.515 0.0000000000
123912  -57.235  -21.203  59.248 0.0000000000
123925  -57.665  -20.966  58.011 0.0000000000
123932  -57.887  -20.951  57.377 0.0000000000
123933  -58.190  -20.718  57.063 0.0000000000
123941  -58.353  -20.656  56.610 0.0000000000
124020  -59.859  -20.239  47.973 0.0000000000
125124  -57.197  -20.780  60.363 0.0000000000
125153  -57.928  -20.685  57.791 0.0000000000
125186  -58.217  -20.689  55.449 0.0000000000
125195  -58.473  -20.123  55.216 0.0000000000
125247  -60.643  -19.756  48.951 0.0000000000
125253  -60.297  -20.035  48.393 0.0000000000
126431  -58.784  -20.078  56.973 0.0000000000
126454  -59.867  -19.355  56.335 0.0000000000
126474  -58.693  -19.866  55.495 0.0000000000
126475  -60.097  -19.269  55.386 0.0000000000
126490  -58.353  -20.299  54.422 0.0000000000
126492  -60.252  -19.351  54.607 0.0000000000
126507  -60.331  -19.480  53.838 0.0000000000
126521  -60.621  -19.865  53.018 0.0000000000
126532  -60.575  -19.813  52.272 0.0000000000
126568  -60.379  -19.430  48.055 0.0000000000
127760  -59.083  -19.419  55.843 0.0000000000
127770  -58.874  -19.525  55.294 0.0000000000
127844  -59.633  -18.743  47.260 0.0000000000
128980  -59.836  -17.357  48.879 0.0000000000
205394  -16.626  -57.724  86.653 0.0000000000
205395  -16.318  -57.378  86.897 0.0000000000
205397  -15.826  -57.909  86.841 0.0000000000
