#!ascii label  , from subject sub-36 vox2ras=TkReg
2030
164490  -53.991  6.659  51.800 0.0000000000
188746  -46.154  29.733  49.163 0.0000000000
175502  -46.107  16.139  51.072 0.0000000000
171874  -51.385  14.010  42.685 0.0000000000
184530  -49.579  25.964  43.486 0.0000000000
180467  -49.533  20.821  46.773 0.0000000000
178308  -51.028  18.970  41.735 0.0000000000
169140  -45.174  11.106  39.711 0.0000000000
156864  -50.708  1.247  58.838 0.0000000000
163522  -51.792  5.805  55.294 0.0000000000
189547  -38.285  30.036  45.529 0.0000000000
188132  -44.585  28.752  43.444 0.0000000000
188870  -50.040  29.918  39.681 0.0000000000
170843  -51.764  12.368  52.114 0.0000000000
182825  -44.801  23.616  49.207 0.0000000000
175559  -49.849  15.787  48.235 0.0000000000
170889  -50.977  11.403  49.012 0.0000000000
168153  -48.887  10.185  44.443 0.0000000000
166314  -44.653  9.362  45.548 0.0000000000
164512  -55.372  6.717  49.118 0.0000000000
184550  -52.014  25.422  42.385 0.0000000000
182068  -52.387  22.909  44.547 0.0000000000
181282  -50.188  22.114  43.535 0.0000000000
176612  -48.610  17.326  42.718 0.0000000000
160450  -51.949  3.663  56.512 0.0000000000
162564  -49.377  4.846  54.375 0.0000000000
190247  -34.755  31.767  45.472 0.0000000000
189592  -47.203  30.191  41.749 0.0000000000
169010  -49.690  11.228  50.956 0.0000000000
173569  -49.181  14.258  50.685 0.0000000000
188730  -41.536  29.584  49.824 0.0000000000
185938  -44.575  26.450  47.911 0.0000000000
175625  -51.101  16.697  43.218 0.0000000000
176574  -48.653  17.286  46.041 0.0000000000
173621  -51.119  14.762  45.656 0.0000000000
173588  -53.171  14.429  48.721 0.0000000000
171828  -51.380  13.157  45.984 0.0000000000
169957  -50.222  11.112  46.832 0.0000000000
171857  -49.104  12.734  43.987 0.0000000000
168161  -44.984  10.301  43.859 0.0000000000
186643  -46.891  27.271  45.307 0.0000000000
184467  -46.683  24.728  46.334 0.0000000000
182896  -49.581  23.848  45.672 0.0000000000
179037  -52.127  19.707  44.765 0.0000000000
175677  -52.287  15.609  40.160 0.0000000000
171000  -49.017  12.637  40.055 0.0000000000
173698  -49.011  15.007  40.297 0.0000000000
173681  -45.476  14.532  41.248 0.0000000000
156920  -53.005  1.600  56.271 0.0000000000
161527  -53.936  4.249  54.990 0.0000000000
164453  -53.663  6.158  53.840 0.0000000000
188069  -33.673  29.374  47.336 0.0000000000
189510  -37.424  30.040  47.582 0.0000000000
189514  -41.055  30.145  47.640 0.0000000000
188796  -45.379  29.424  45.848 0.0000000000
189564  -47.638  29.882  44.591 0.0000000000
188169  -50.169  28.488  42.427 0.0000000000
186680  -52.886  27.068  40.579 0.0000000000
187444  -52.299  27.980  38.057 0.0000000000
166215  -49.351  8.379  52.783 0.0000000000
168037  -51.831  9.527  53.977 0.0000000000
168052  -52.783  9.752  52.607 0.0000000000
179674  -45.223  19.568  50.572 0.0000000000
181217  -47.103  21.749  47.955 0.0000000000
178229  -46.624  18.553  48.102 0.0000000000
176507  -48.350  16.281  49.997 0.0000000000
174493  -51.773  15.592  51.103 0.0000000000
170853  -52.726  12.574  50.993 0.0000000000
167165  -52.186  9.080  50.640 0.0000000000
166282  -52.421  8.707  47.521 0.0000000000
165448  -51.658  7.748  46.006 0.0000000000
165427  -48.653  7.881  47.428 0.0000000000
169097  -47.246  11.381  43.325 0.0000000000
167238  -46.452  9.994  45.545 0.0000000000
164549  -46.447  7.220  48.040 0.0000000000
162588  -54.447  5.226  52.711 0.0000000000
162601  -54.863  5.598  51.494 0.0000000000
164494  -54.369  6.575  50.772 0.0000000000
183803  -51.242  24.416  42.057 0.0000000000
182950  -51.215  23.651  43.381 0.0000000000
182096  -49.926  22.793  42.964 0.0000000000
180528  -48.994  21.303  43.098 0.0000000000
174488  -46.951  15.277  50.729 0.0000000000
188732  -43.151  29.820  49.723 0.0000000000
173658  -51.434  15.035  42.746 0.0000000000
173640  -50.750  15.456  43.828 0.0000000000
172765  -51.484  14.388  44.040 0.0000000000
173633  -52.341  14.096  45.660 0.0000000000
171851  -51.256  13.769  44.406 0.0000000000
171837  -50.389  13.073  45.269 0.0000000000
171871  -50.137  13.264  43.037 0.0000000000
185960  -47.905  26.790  44.239 0.0000000000
183736  -48.080  24.756  45.021 0.0000000000
183759  -49.008  24.813  44.434 0.0000000000
179766  -51.661  20.859  43.585 0.0000000000
180488  -52.395  21.163  45.005 0.0000000000
179056  -52.134  19.893  43.063 0.0000000000
177511  -52.918  17.843  41.874 0.0000000000
177530  -52.355  17.573  40.148 0.0000000000
173711  -50.432  15.237  39.430 0.0000000000
175655  -50.215  16.876  40.788 0.0000000000
174615  -47.381  15.587  42.009 0.0000000000
161526  -51.993  4.781  55.779 0.0000000000
161515  -53.176  4.449  56.383 0.0000000000
163515  -53.331  5.396  55.596 0.0000000000
163525  -53.758  5.292  54.685 0.0000000000
164443  -52.743  6.476  55.188 0.0000000000
190250  -36.668  31.141  45.229 0.0000000000
189544  -36.276  30.662  45.996 0.0000000000
189532  -38.432  29.920  46.567 0.0000000000
189512  -39.153  30.107  47.486 0.0000000000
188789  -39.662  29.360  46.443 0.0000000000
187359  -43.258  28.211  43.996 0.0000000000
188102  -43.341  28.580  45.507 0.0000000000
188117  -44.471  28.694  44.406 0.0000000000
188807  -46.145  29.372  45.220 0.0000000000
188824  -45.889  29.392  43.900 0.0000000000
189594  -48.941  30.688  41.222 0.0000000000
189581  -49.343  30.491  42.579 0.0000000000
188854  -50.780  29.275  41.430 0.0000000000
187418  -51.458  28.095  41.210 0.0000000000
187432  -51.664  28.230  39.956 0.0000000000
186683  -52.530  27.564  39.377 0.0000000000
188228  -51.309  28.745  38.935 0.0000000000
168076  -44.613  10.326  50.662 0.0000000000
166239  -45.000  8.631  51.748 0.0000000000
167140  -46.754  8.798  51.825 0.0000000000
165339  -47.768  7.796  52.683 0.0000000000
167159  -48.038  9.080  51.620 0.0000000000
169901  -50.750  11.743  51.558 0.0000000000
168975  -50.801  9.997  52.722 0.0000000000
168977  -51.933  10.923  53.277 0.0000000000
168038  -52.595  9.672  54.030 0.0000000000
169882  -53.107  11.246  53.638 0.0000000000
182009  -43.558  23.265  49.304 0.0000000000
180428  -43.721  21.168  50.368 0.0000000000
180430  -45.442  21.205  50.498 0.0000000000
182873  -48.247  23.483  47.334 0.0000000000
183687  -46.990  23.774  47.115 0.0000000000
180455  -48.275  21.211  47.443 0.0000000000
175578  -49.062  16.078  46.639 0.0000000000
177445  -47.639  17.846  47.035 0.0000000000
175568  -47.840  16.666  47.694 0.0000000000
176534  -46.954  17.148  48.865 0.0000000000
176537  -49.306  16.198  48.962 0.0000000000
177405  -50.235  16.284  50.389 0.0000000000
175530  -50.873  15.993  49.499 0.0000000000
171775  -52.199  12.927  49.120 0.0000000000
171760  -52.897  13.320  49.868 0.0000000000
169929  -51.848  11.860  50.108 0.0000000000
169012  -51.995  10.797  50.920 0.0000000000
169026  -51.487  10.532  49.954 0.0000000000
166255  -51.805  8.663  49.403 0.0000000000
167180  -51.186  9.541  48.807 0.0000000000
168136  -49.683  10.472  45.445 0.0000000000
167242  -51.025  9.354  45.647 0.0000000000
166361  -49.671  8.715  44.493 0.0000000000
165446  -50.138  7.774  46.577 0.0000000000
166339  -48.940  8.368  45.686 0.0000000000
170055  -47.408  11.903  39.044 0.0000000000
170983  -47.840  11.707  41.129 0.0000000000
169122  -46.687  10.753  41.520 0.0000000000
167253  -44.973  10.666  45.242 0.0000000000
167271  -45.876  11.352  45.066 0.0000000000
167218  -45.893  9.876  45.417 0.0000000000
165424  -46.883  8.166  47.070 0.0000000000
165422  -45.356  8.253  47.025 0.0000000000
164548  -45.665  7.150  48.088 0.0000000000
159381  -54.516  3.155  53.317 0.0000000000
163641  -54.480  5.941  48.369 0.0000000000
184532  -50.705  25.585  43.070 0.0000000000
183762  -51.385  24.513  44.222 0.0000000000
184515  -51.841  24.504  43.571 0.0000000000
181269  -51.066  22.289  44.061 0.0000000000
179777  -50.826  20.505  43.076 0.0000000000
177508  -49.879  18.174  42.053 0.0000000000
179053  -49.777  19.661  43.097 0.0000000000
159302  -51.384  2.630  57.778 0.0000000000
159335  -50.343  2.819  56.430 0.0000000000
162566  -50.738  5.342  54.790 0.0000000000
190256  -37.262  31.081  44.370 0.0000000000
188850  -45.918  29.757  42.136 0.0000000000
190284  -49.044  31.151  39.404 0.0000000000
189625  -49.697  30.496  38.671 0.0000000000
169008  -48.154  10.730  50.213 0.0000000000
170874  -49.391  12.624  50.143 0.0000000000
171758  -50.800  13.258  50.985 0.0000000000
183684  -44.499  24.492  48.056 0.0000000000
178276  -50.201  18.481  44.506 0.0000000000
179011  -48.977  19.110  46.048 0.0000000000
176587  -49.649  17.287  44.708 0.0000000000
174562  -49.834  15.616  45.779 0.0000000000
174551  -50.318  15.211  46.614 0.0000000000
174526  -51.410  15.104  48.118 0.0000000000
174554  -52.392  14.572  46.961 0.0000000000
171808  -52.440  13.375  47.367 0.0000000000
171796  -51.353  12.563  47.672 0.0000000000
169951  -50.469  11.215  48.041 0.0000000000
170915  -50.498  12.483  46.667 0.0000000000
170930  -49.662  12.205  45.387 0.0000000000
169979  -48.771  11.857  44.806 0.0000000000
168184  -45.025  10.381  42.185 0.0000000000
177382  -43.993  17.597  51.947 0.0000000000
188074  -46.602  28.711  47.282 0.0000000000
186628  -46.494  26.929  47.824 0.0000000000
185231  -46.928  25.911  46.064 0.0000000000
182879  -48.140  24.118  46.095 0.0000000000
182019  -50.386  22.560  47.286 0.0000000000
182915  -51.240  23.701  45.366 0.0000000000
181244  -51.716  21.871  46.721 0.0000000000
179738  -51.206  20.261  45.829 0.0000000000
177490  -51.886  18.309  43.725 0.0000000000
175643  -52.390  16.425  41.888 0.0000000000
172800  -52.062  14.398  41.121 0.0000000000
171895  -50.419  13.231  41.350 0.0000000000
171939  -50.699  13.815  39.324 0.0000000000
172835  -48.781  13.805  38.819 0.0000000000
172823  -46.934  13.654  39.359 0.0000000000
175653  -48.874  16.193  41.461 0.0000000000
174643  -47.054  14.735  40.819 0.0000000000
159323  -53.096  2.927  57.362 0.0000000000
159355  -54.008  3.219  55.729 0.0000000000
159370  -54.133  3.281  54.586 0.0000000000
161545  -54.174  4.168  54.199 0.0000000000
162585  -54.123  5.141  53.424 0.0000000000
164484  -53.842  6.381  52.893 0.0000000000
188055  -35.993  28.976  48.671 0.0000000000
188769  -36.133  29.946  47.399 0.0000000000
188741  -37.797  29.314  48.722 0.0000000000
189478  -39.512  30.455  48.979 0.0000000000
189480  -41.796  30.922  49.005 0.0000000000
190213  -43.318  31.228  48.761 0.0000000000
188113  -39.858  28.825  45.367 0.0000000000
188084  -41.742  28.862  46.629 0.0000000000
188775  -43.060  29.618  47.179 0.0000000000
190233  -45.350  30.552  47.575 0.0000000000
188798  -46.687  29.225  46.148 0.0000000000
188120  -47.372  28.470  45.039 0.0000000000
187375  -48.416  28.048  43.853 0.0000000000
189579  -47.964  30.514  43.335 0.0000000000
188154  -49.292  28.932  43.249 0.0000000000
186657  -49.434  27.467  42.730 0.0000000000
185979  -50.795  26.824  42.264 0.0000000000
185291  -51.960  26.123  41.927 0.0000000000
184600  -51.759  25.634  39.682 0.0000000000
185365  -51.731  26.190  38.612 0.0000000000
188230  -50.863  29.463  37.933 0.0000000000
164465  -49.471  6.938  53.635 0.0000000000
164467  -50.763  7.218  53.916 0.0000000000
168049  -49.705  9.401  52.268 0.0000000000
167131  -50.532  8.682  53.316 0.0000000000
165301  -51.889  7.474  54.722 0.0000000000
167118  -52.693  8.410  54.504 0.0000000000
166206  -53.215  8.058  53.402 0.0000000000
165328  -53.377  7.614  52.364 0.0000000000
177400  -45.631  17.958  50.917 0.0000000000
185929  -46.307  25.249  47.911 0.0000000000
183664  -46.040  24.048  47.668 0.0000000000
181991  -46.140  22.622  48.542 0.0000000000
179723  -47.748  19.531  46.755 0.0000000000
179712  -46.842  19.845  47.642 0.0000000000
180437  -46.265  21.088  49.035 0.0000000000
178968  -46.001  19.131  49.382 0.0000000000
177410  -46.351  17.562  49.876 0.0000000000
176496  -47.112  16.412  50.600 0.0000000000
174477  -48.714  15.572  50.807 0.0000000000
173555  -50.624  14.686  51.205 0.0000000000
172678  -51.979  13.677  51.477 0.0000000000
174502  -53.253  15.449  50.183 0.0000000000
172667  -53.166  14.080  51.573 0.0000000000
170845  -52.803  12.499  51.826 0.0000000000
168986  -52.828  10.777  52.340 0.0000000000
167145  -52.581  9.335  51.973 0.0000000000
166243  -53.538  7.834  51.378 0.0000000000
166268  -53.543  7.937  49.525 0.0000000000
165408  -54.241  7.721  48.183 0.0000000000
164574  -53.733  7.403  47.222 0.0000000000
167197  -50.841  9.662  47.457 0.0000000000
165450  -52.760  8.351  46.319 0.0000000000
164557  -52.427  6.752  47.715 0.0000000000
164555  -51.204  7.037  48.120 0.0000000000
164528  -50.157  6.997  48.610 0.0000000000
171893  -49.336  13.008  41.891 0.0000000000
170961  -48.314  12.269  42.898 0.0000000000
169090  -47.635  11.452  44.068 0.0000000000
168175  -46.448  10.933  43.677 0.0000000000
167289  -46.943  11.405  44.749 0.0000000000
167258  -47.252  9.844  44.885 0.0000000000
166297  -47.544  8.435  46.842 0.0000000000
165401  -47.926  7.881  47.767 0.0000000000
163568  -54.107  6.184  52.239 0.0000000000
162590  -54.687  5.280  52.174 0.0000000000
163569  -54.410  6.016  51.841 0.0000000000
163577  -54.607  6.113  51.194 0.0000000000
164491  -54.222  6.411  51.352 0.0000000000
183814  -50.715  24.294  41.585 0.0000000000
183802  -50.605  23.932  42.270 0.0000000000
182981  -50.114  23.692  42.139 0.0000000000
174499  -46.539  14.997  50.285 0.0000000000
175514  -46.519  15.571  50.672 0.0000000000
188734  -44.717  29.900  49.773 0.0000000000
188017  -44.397  29.311  49.591 0.0000000000
188039  -45.633  28.989  49.138 0.0000000000
172778  -51.689  14.310  42.535 0.0000000000
173650  -51.299  14.672  43.583 0.0000000000
172772  -51.492  14.235  43.393 0.0000000000
172766  -51.448  14.074  44.223 0.0000000000
171862  -51.262  13.894  43.530 0.0000000000
171860  -50.551  13.317  43.745 0.0000000000
171873  -51.081  13.682  42.784 0.0000000000
185244  -48.795  25.945  43.933 0.0000000000
184510  -48.448  25.425  44.331 0.0000000000
184511  -49.382  25.497  43.856 0.0000000000
179778  -51.509  20.518  43.173 0.0000000000
179779  -51.928  20.511  43.324 0.0000000000
179064  -51.729  19.658  42.166 0.0000000000
178320  -52.510  18.616  41.156 0.0000000000
178319  -51.732  18.763  41.043 0.0000000000
176644  -51.055  17.267  40.491 0.0000000000
177521  -50.747  18.069  41.231 0.0000000000
156856  -51.719  1.158  58.970 0.0000000000
162554  -52.198  5.298  55.663 0.0000000000
162544  -52.587  4.895  56.078 0.0000000000
163523  -52.604  5.852  55.556 0.0000000000
163524  -53.331  5.803  55.128 0.0000000000
164442  -52.050  6.391  55.118 0.0000000000
189552  -37.705  30.534  44.992 0.0000000000
189546  -37.682  30.341  45.804 0.0000000000
188788  -38.961  29.555  46.073 0.0000000000
187374  -44.014  28.619  43.024 0.0000000000
187373  -43.369  28.394  43.287 0.0000000000
187360  -43.936  28.428  43.761 0.0000000000
187346  -43.732  28.369  44.380 0.0000000000
188823  -45.476  29.232  44.125 0.0000000000
188133  -45.232  29.130  43.754 0.0000000000
189604  -49.577  30.278  40.082 0.0000000000
189595  -49.560  30.262  40.943 0.0000000000
188862  -50.152  29.912  40.526 0.0000000000
188193  -51.117  28.780  41.097 0.0000000000
188206  -51.065  29.063  40.252 0.0000000000
188219  -51.328  28.658  39.710 0.0000000000
188218  -50.920  29.119  39.462 0.0000000000
169004  -44.947  10.859  50.312 0.0000000000
168077  -45.435  10.283  50.613 0.0000000000
168064  -45.956  9.707  51.018 0.0000000000
168065  -46.831  9.707  51.013 0.0000000000
167158  -47.222  9.199  51.511 0.0000000000
169902  -51.302  12.186  51.800 0.0000000000
168984  -51.266  10.980  52.452 0.0000000000
169893  -51.495  11.662  52.322 0.0000000000
169881  -52.449  11.065  53.590 0.0000000000
170838  -52.549  12.033  52.954 0.0000000000
183660  -44.231  23.927  48.607 0.0000000000
181988  -44.371  23.288  49.483 0.0000000000
181209  -44.122  22.729  49.908 0.0000000000
181965  -45.410  22.759  49.904 0.0000000000
181229  -49.418  22.022  47.340 0.0000000000
181228  -48.586  22.046  47.540 0.0000000000
180456  -48.990  21.260  47.080 0.0000000000
174536  -49.239  15.822  47.156 0.0000000000
175569  -48.234  16.442  47.364 0.0000000000
175558  -49.013  16.004  47.894 0.0000000000
175542  -48.838  16.107  48.503 0.0000000000
175543  -49.659  16.098  48.713 0.0000000000
175529  -50.215  16.163  49.177 0.0000000000
175544  -50.387  15.938  48.827 0.0000000000
170891  -51.646  12.561  48.847 0.0000000000
170877  -51.950  12.430  49.676 0.0000000000
170876  -51.542  11.809  49.696 0.0000000000
169928  -51.539  11.291  50.018 0.0000000000
169036  -51.295  10.922  49.610 0.0000000000
168093  -51.269  10.149  49.437 0.0000000000
169042  -50.715  10.492  48.998 0.0000000000
168144  -49.347  10.359  44.862 0.0000000000
167260  -50.112  9.415  44.831 0.0000000000
166360  -49.139  8.964  44.560 0.0000000000
166353  -49.588  8.429  45.041 0.0000000000
166359  -48.410  9.356  44.506 0.0000000000
170044  -46.532  11.200  39.608 0.0000000000
170031  -46.773  11.071  40.266 0.0000000000
169142  -46.103  10.917  40.165 0.0000000000
167216  -44.546  10.088  45.116 0.0000000000
167217  -45.274  9.782  45.315 0.0000000000
166315  -45.428  9.273  45.730 0.0000000000
166294  -45.700  8.696  46.385 0.0000000000
166293  -44.943  8.710  46.257 0.0000000000
165421  -44.455  8.153  46.996 0.0000000000
160489  -54.504  3.774  53.678 0.0000000000
163643  -55.735  5.394  48.964 0.0000000000
163642  -55.565  5.937  48.489 0.0000000000
184533  -51.471  25.425  42.980 0.0000000000
184514  -51.738  24.824  43.651 0.0000000000
184534  -52.061  24.839  43.119 0.0000000000
182080  -50.550  22.702  43.492 0.0000000000
182081  -51.004  23.138  43.594 0.0000000000
181283  -50.759  22.072  43.907 0.0000000000
179765  -51.031  20.961  43.514 0.0000000000
179764  -50.355  21.017  43.385 0.0000000000
179776  -50.093  20.414  43.173 0.0000000000
179052  -48.895  19.676  43.184 0.0000000000
159334  -49.682  2.601  56.351 0.0000000000
162552  -50.971  4.730  55.167 0.0000000000
162565  -49.952  5.189  54.485 0.0000000000
190873  -36.631  31.797  44.291 0.0000000000
190276  -48.044  31.253  39.868 0.0000000000
190283  -48.565  31.481  39.248 0.0000000000
190290  -47.749  31.495  38.281 0.0000000000
172688  -48.113  14.026  50.206 0.0000000000
172705  -48.489  13.578  50.062 0.0000000000
172706  -49.131  13.514  50.251 0.0000000000
171757  -50.217  13.211  50.567 0.0000000000
172691  -50.011  13.775  50.624 0.0000000000
188012  -40.456  28.767  49.863 0.0000000000
184452  -44.489  25.120  47.746 0.0000000000
177488  -50.590  17.984  43.918 0.0000000000
177471  -49.962  18.032  44.479 0.0000000000
175611  -50.262  17.000  44.016 0.0000000000
173630  -50.894  14.744  44.911 0.0000000000
174574  -50.182  15.345  45.095 0.0000000000
174563  -50.456  15.110  45.929 0.0000000000
174564  -50.922  14.917  45.992 0.0000000000
174553  -51.767  14.730  46.897 0.0000000000
173611  -51.717  14.725  46.475 0.0000000000
171829  -51.955  13.457  46.180 0.0000000000
172742  -52.445  13.679  46.608 0.0000000000
171818  -51.719  13.230  46.778 0.0000000000
171797  -51.816  12.928  47.919 0.0000000000
171806  -51.574  12.898  47.242 0.0000000000
170906  -50.802  12.284  47.384 0.0000000000
171816  -50.721  12.805  46.350 0.0000000000
171848  -49.943  13.133  44.571 0.0000000000
170931  -49.985  12.585  45.558 0.0000000000
170939  -49.353  12.550  44.912 0.0000000000
170929  -49.240  11.921  45.168 0.0000000000
170946  -48.740  12.377  44.125 0.0000000000
187325  -46.674  27.867  46.153 0.0000000000
186635  -46.605  27.170  46.385 0.0000000000
185234  -46.901  26.222  45.621 0.0000000000
183721  -48.945  24.218  45.382 0.0000000000
183719  -48.019  24.471  45.485 0.0000000000
182895  -48.670  24.057  45.817 0.0000000000
182029  -49.547  23.038  46.884 0.0000000000
182881  -49.902  23.253  46.359 0.0000000000
183742  -52.252  23.878  44.772 0.0000000000
183740  -50.960  24.245  44.828 0.0000000000
182900  -52.960  23.039  45.341 0.0000000000
179756  -52.208  20.605  44.454 0.0000000000
180479  -52.279  21.300  45.759 0.0000000000
179747  -51.997  20.432  45.367 0.0000000000
179729  -51.510  21.112  46.366 0.0000000000
179024  -51.740  19.852  45.183 0.0000000000
178264  -51.318  19.333  44.877 0.0000000000
178290  -51.799  18.601  44.010 0.0000000000
176639  -53.032  16.859  41.055 0.0000000000
176626  -52.343  17.228  42.351 0.0000000000
175658  -52.677  16.131  41.261 0.0000000000
173686  -52.109  15.391  41.510 0.0000000000
174648  -52.259  15.284  40.663 0.0000000000
171927  -51.815  13.874  39.838 0.0000000000
172840  -51.806  14.689  39.337 0.0000000000
173710  -49.678  14.960  39.717 0.0000000000
173724  -49.593  14.427  39.097 0.0000000000
173709  -48.756  14.517  39.378 0.0000000000
172833  -47.412  13.465  38.832 0.0000000000
176623  -49.250  17.366  42.016 0.0000000000
176636  -49.393  17.046  41.518 0.0000000000
175640  -48.676  16.551  41.944 0.0000000000
174632  -45.958  14.981  41.682 0.0000000000
174633  -46.940  14.991  41.401 0.0000000000
159322  -51.662  2.936  57.380 0.0000000000
159303  -52.011  2.894  57.823 0.0000000000
160440  -52.110  3.251  57.095 0.0000000000
161516  -53.772  4.396  55.731 0.0000000000
160452  -53.812  3.846  56.189 0.0000000000
160465  -54.009  3.802  55.393 0.0000000000
159356  -54.126  3.278  55.085 0.0000000000
160466  -54.071  3.727  54.790 0.0000000000
160481  -54.137  3.698  54.373 0.0000000000
161528  -54.065  4.020  54.538 0.0000000000
163537  -53.823  5.521  54.148 0.0000000000
162582  -54.087  4.983  53.790 0.0000000000
163554  -53.966  5.584  53.604 0.0000000000
163562  -54.054  5.669  53.129 0.0000000000
164468  -53.771  6.207  53.362 0.0000000000
188068  -32.922  29.599  47.591 0.0000000000
187307  -32.742  28.787  48.484 0.0000000000
188053  -34.059  28.874  47.865 0.0000000000
187310  -35.253  28.481  48.642 0.0000000000
188054  -35.006  29.034  48.064 0.0000000000
190862  -34.181  32.119  45.827 0.0000000000
189541  -34.252  30.858  46.105 0.0000000000
189530  -36.825  30.315  46.681 0.0000000000
189529  -36.009  30.225  46.733 0.0000000000
188770  -36.819  29.872  47.736 0.0000000000
188756  -37.050  29.621  48.194 0.0000000000
189492  -37.716  29.927  48.034 0.0000000000
189476  -38.386  29.933  48.901 0.0000000000
189477  -38.769  30.173  48.886 0.0000000000
189513  -40.112  30.146  47.458 0.0000000000
189496  -40.843  30.641  48.250 0.0000000000
189497  -41.755  30.715  48.157 0.0000000000
190212  -42.520  31.211  48.697 0.0000000000
190221  -42.328  30.951  48.324 0.0000000000
188098  -40.256  28.837  46.096 0.0000000000
187332  -41.506  28.491  45.526 0.0000000000
188087  -43.830  29.053  46.010 0.0000000000
188794  -43.495  29.325  46.654 0.0000000000
188795  -44.455  29.383  46.642 0.0000000000
189518  -44.312  30.160  47.548 0.0000000000
189536  -45.230  29.853  46.747 0.0000000000
188778  -46.470  29.901  46.495 0.0000000000
189537  -45.847  29.917  46.370 0.0000000000
189554  -46.798  29.277  44.599 0.0000000000
188809  -47.183  28.868  45.270 0.0000000000
188121  -47.609  28.880  44.898 0.0000000000
187361  -47.732  28.025  44.556 0.0000000000
188152  -48.284  28.367  44.161 0.0000000000
188861  -46.735  29.990  42.058 0.0000000000
188852  -46.853  29.976  42.486 0.0000000000
189585  -48.029  30.635  42.437 0.0000000000
188182  -50.220  29.395  42.302 0.0000000000
188845  -49.356  30.257  43.009 0.0000000000
188168  -49.898  28.937  42.699 0.0000000000
187377  -49.396  28.439  42.908 0.0000000000
187390  -49.721  28.128  42.528 0.0000000000
185971  -50.256  26.802  42.512 0.0000000000
186659  -50.519  27.415  42.214 0.0000000000
186670  -51.948  27.749  40.912 0.0000000000
186664  -52.082  27.053  41.663 0.0000000000
185990  -52.601  26.612  41.281 0.0000000000
184572  -51.925  25.658  41.048 0.0000000000
185324  -52.251  25.944  40.875 0.0000000000
185345  -52.549  25.995  40.045 0.0000000000
187437  -52.247  27.984  38.897 0.0000000000
186041  -52.657  26.864  38.751 0.0000000000
186695  -52.503  27.362  38.578 0.0000000000
186053  -52.423  26.569  38.171 0.0000000000
186708  -52.330  27.313  37.739 0.0000000000
188892  -50.075  30.181  38.248 0.0000000000
164480  -47.402  6.889  53.022 0.0000000000
166214  -48.778  8.091  52.599 0.0000000000
164482  -48.847  7.229  53.211 0.0000000000
164483  -49.393  7.409  53.222 0.0000000000
164466  -50.205  7.044  53.748 0.0000000000
165327  -50.025  7.780  53.318 0.0000000000
169009  -48.972  10.814  50.649 0.0000000000
168081  -48.839  10.161  50.993 0.0000000000
168992  -49.234  10.200  51.228 0.0000000000
168043  -51.052  9.820  53.156 0.0000000000
168042  -50.482  9.359  52.918 0.0000000000
167122  -50.949  8.799  53.677 0.0000000000
166204  -50.897  8.181  53.828 0.0000000000
167116  -51.750  8.415  54.339 0.0000000000
166196  -52.458  7.810  54.710 0.0000000000
167124  -52.302  8.959  54.259 0.0000000000
168044  -53.077  9.703  53.496 0.0000000000
167125  -52.987  8.793  53.924 0.0000000000
167132  -53.057  8.889  53.088 0.0000000000
166218  -53.145  8.163  52.698 0.0000000000
167146  -52.842  8.812  52.363 0.0000000000
179691  -44.884  20.434  50.717 0.0000000000
178203  -44.488  18.818  50.980 0.0000000000
185947  -46.647  26.016  47.154 0.0000000000
185940  -46.427  26.018  48.089 0.0000000000
185219  -46.322  24.923  46.889 0.0000000000
182012  -47.166  22.868  47.820 0.0000000000
183665  -46.414  23.872  47.338 0.0000000000
182011  -46.725  22.748  47.854 0.0000000000
183655  -46.039  23.812  48.034 0.0000000000
181214  -46.719  21.945  48.163 0.0000000000
178252  -48.667  18.481  45.982 0.0000000000
179001  -48.606  19.511  46.425 0.0000000000
178245  -48.235  18.451  46.388 0.0000000000
178237  -46.973  18.484  47.568 0.0000000000
178991  -47.057  19.158  47.263 0.0000000000
178990  -46.711  19.070  47.680 0.0000000000
179702  -46.529  20.117  48.200 0.0000000000
178971  -46.304  19.631  48.455 0.0000000000
179697  -46.089  19.665  49.139 0.0000000000
178219  -46.335  18.748  48.542 0.0000000000
176523  -47.434  16.660  49.044 0.0000000000
176522  -46.976  17.047  49.259 0.0000000000
177403  -46.979  16.976  49.850 0.0000000000
176504  -46.868  16.890  50.543 0.0000000000
176497  -47.616  16.274  50.313 0.0000000000
175504  -47.517  15.936  50.582 0.0000000000
175515  -48.522  16.165  50.452 0.0000000000
176511  -50.874  15.805  50.551 0.0000000000
175517  -50.054  15.697  50.994 0.0000000000
174479  -50.945  15.226  51.286 0.0000000000
173556  -51.337  14.410  51.314 0.0000000000
173541  -51.827  14.751  51.561 0.0000000000
174528  -52.787  14.610  48.217 0.0000000000
174514  -52.654  15.288  49.025 0.0000000000
173579  -53.504  14.612  49.350 0.0000000000
171749  -53.175  13.393  50.566 0.0000000000
172680  -53.587  14.159  50.748 0.0000000000
171740  -53.006  13.253  51.328 0.0000000000
169895  -52.924  11.679  52.172 0.0000000000
169904  -52.586  11.913  51.554 0.0000000000
168083  -52.026  9.933  50.910 0.0000000000
168069  -52.369  9.830  51.687 0.0000000000
167161  -52.407  9.236  51.318 0.0000000000
167162  -52.773  8.696  51.680 0.0000000000
166241  -52.667  8.618  50.998 0.0000000000
166258  -53.583  7.910  50.242 0.0000000000
166245  -52.460  8.472  50.327 0.0000000000
166265  -51.832  8.693  48.795 0.0000000000
166275  -52.943  8.105  48.561 0.0000000000
166303  -53.642  8.132  47.586 0.0000000000
164575  -54.333  7.433  47.357 0.0000000000
165434  -53.791  7.878  47.120 0.0000000000
169958  -50.370  11.392  47.288 0.0000000000
168113  -50.584  10.112  47.875 0.0000000000
168120  -50.557  10.256  47.071 0.0000000000
165458  -51.578  8.217  45.445 0.0000000000
166343  -51.899  8.913  45.598 0.0000000000
165449  -52.457  8.062  45.764 0.0000000000
165432  -52.441  7.581  46.513 0.0000000000
165431  -51.677  7.445  46.788 0.0000000000
164556  -51.658  7.001  47.818 0.0000000000
165406  -51.431  7.396  47.365 0.0000000000
165428  -49.410  7.750  47.327 0.0000000000
165404  -50.027  7.606  47.843 0.0000000000
165403  -49.275  7.598  48.000 0.0000000000
164527  -49.366  7.009  48.586 0.0000000000
165380  -48.864  7.447  48.307 0.0000000000
171909  -49.975  13.038  40.675 0.0000000000
171894  -49.773  13.054  41.500 0.0000000000
170986  -49.413  12.845  40.751 0.0000000000
170022  -47.580  11.430  41.801 0.0000000000
170010  -47.977  11.880  42.412 0.0000000000
170002  -47.938  11.918  43.161 0.0000000000
169993  -48.056  11.733  43.819 0.0000000000
169089  -47.403  11.532  43.720 0.0000000000
168173  -45.278  10.225  43.344 0.0000000000
167298  -45.696  10.358  43.783 0.0000000000
167255  -46.007  10.951  45.514 0.0000000000
167272  -46.483  11.276  45.160 0.0000000000
167256  -46.509  10.629  45.459 0.0000000000
167273  -46.953  10.860  45.063 0.0000000000
167257  -46.878  10.042  45.171 0.0000000000
166337  -47.129  9.213  45.492 0.0000000000
166336  -46.512  9.403  45.643 0.0000000000
165399  -46.665  7.793  47.590 0.0000000000
165425  -47.507  8.170  47.260 0.0000000000
164550  -47.222  7.326  48.018 0.0000000000
164525  -47.774  6.885  48.502 0.0000000000
162586  -54.310  5.015  53.136 0.0000000000
162602  -55.344  5.206  50.975 0.0000000000
183792  -51.825  24.503  42.536 0.0000000000
183791  -51.104  24.010  42.838 0.0000000000
182097  -50.365  23.185  43.044 0.0000000000
182079  -50.117  22.491  43.295 0.0000000000
180511  -49.490  21.658  43.324 0.0000000000
181298  -49.341  22.229  42.901 0.0000000000
173567  -47.641  14.436  50.449 0.0000000000
173552  -48.148  14.789  50.644 0.0000000000
188731  -42.340  29.700  49.800 0.0000000000
188036  -43.510  28.712  49.435 0.0000000000
186626  -44.992  27.001  48.273 0.0000000000
174602  -51.329  16.011  42.868 0.0000000000
174590  -50.871  16.017  43.448 0.0000000000
173649  -51.096  15.350  43.266 0.0000000000
173641  -50.921  14.945  44.095 0.0000000000
173631  -51.361  14.553  45.230 0.0000000000
173632  -51.907  14.386  45.422 0.0000000000
172756  -51.436  14.256  44.788 0.0000000000
172757  -51.767  13.924  45.128 0.0000000000
171839  -51.515  13.426  45.254 0.0000000000
171827  -50.861  12.991  45.875 0.0000000000
171850  -50.933  13.451  44.486 0.0000000000
171849  -50.454  13.270  44.535 0.0000000000
171859  -50.040  13.192  43.832 0.0000000000
185959  -47.436  26.750  44.672 0.0000000000
185238  -47.312  26.129  45.015 0.0000000000
184509  -47.997  25.768  44.385 0.0000000000
183758  -48.427  24.849  44.630 0.0000000000
182913  -49.919  24.147  45.222 0.0000000000
181271  -52.137  22.285  44.447 0.0000000000
181272  -52.689  22.270  44.657 0.0000000000
180515  -51.925  21.028  43.978 0.0000000000
179045  -52.235  19.840  44.006 0.0000000000
178291  -52.224  18.970  43.761 0.0000000000
178300  -52.546  18.863  42.826 0.0000000000
177524  -52.920  17.842  41.014 0.0000000000
176646  -52.368  16.813  40.100 0.0000000000
174656  -51.415  15.611  39.845 0.0000000000
175675  -51.287  16.159  40.171 0.0000000000
175674  -50.497  16.073  40.115 0.0000000000
174646  -49.478  15.635  40.448 0.0000000000
175639  -47.784  16.174  42.334 0.0000000000
156903  -53.149  1.814  57.073 0.0000000000
161513  -51.635  3.847  56.132 0.0000000000
161506  -52.418  3.722  56.655 0.0000000000
161514  -52.229  4.246  56.260 0.0000000000
162545  -53.330  4.970  55.968 0.0000000000
162546  -53.695  4.823  55.367 0.0000000000
162555  -53.881  4.749  54.814 0.0000000000
163516  -53.630  5.198  55.121 0.0000000000
163536  -53.551  5.840  54.615 0.0000000000
164452  -53.477  6.254  54.310 0.0000000000
188765  -33.340  30.157  46.971 0.0000000000
190249  -36.070  31.195  45.370 0.0000000000
190243  -35.345  31.029  45.675 0.0000000000
189531  -37.618  30.265  46.673 0.0000000000
189511  -38.277  30.182  47.469 0.0000000000
188772  -40.539  29.596  47.222 0.0000000000
187371  -42.005  28.069  43.693 0.0000000000
187333  -42.126  28.377  45.448 0.0000000000
187345  -43.120  28.262  44.766 0.0000000000
188103  -44.130  28.855  45.288 0.0000000000
188104  -44.881  29.062  45.127 0.0000000000
188806  -45.548  29.268  44.926 0.0000000000
188815  -46.091  29.356  44.538 0.0000000000
188826  -47.061  29.949  43.773 0.0000000000
189593  -48.136  30.755  41.464 0.0000000000
189586  -48.837  30.783  42.125 0.0000000000
189587  -49.509  30.389  41.863 0.0000000000
188853  -50.291  29.799  41.612 0.0000000000
188183  -50.651  28.834  42.054 0.0000000000
187404  -50.840  27.997  42.015 0.0000000000
188194  -51.392  28.379  40.818 0.0000000000
186678  -51.956  27.833  40.479 0.0000000000
186684  -52.892  27.127  39.764 0.0000000000
187433  -52.041  27.893  39.643 0.0000000000
187436  -51.745  28.325  39.263 0.0000000000
187443  -51.823  28.425  38.461 0.0000000000
169911  -44.212  11.577  50.064 0.0000000000
169003  -44.155  11.004  50.299 0.0000000000
168062  -44.248  9.749  51.010 0.0000000000
168063  -45.092  9.667  50.980 0.0000000000
165338  -47.319  7.771  52.493 0.0000000000
166229  -47.028  8.260  52.147 0.0000000000
166230  -47.874  8.213  52.442 0.0000000000
166232  -48.930  8.442  52.507 0.0000000000
169900  -50.147  11.316  51.335 0.0000000000
168993  -49.858  10.642  51.453 0.0000000000
168994  -50.470  11.092  51.723 0.0000000000
168976  -51.413  10.429  52.951 0.0000000000
168969  -51.500  9.900  53.495 0.0000000000
168970  -52.075  10.318  53.670 0.0000000000
168971  -52.861  10.473  53.834 0.0000000000
168978  -53.013  10.564  53.157 0.0000000000
181208  -43.591  22.382  49.978 0.0000000000
180429  -44.548  21.239  50.555 0.0000000000
179692  -45.533  20.069  50.338 0.0000000000
182872  -47.852  24.014  46.742 0.0000000000
184456  -46.345  24.190  46.832 0.0000000000
182870  -47.979  23.423  47.914 0.0000000000
181219  -48.034  22.324  47.861 0.0000000000
180444  -47.762  21.398  47.726 0.0000000000
175584  -48.567  16.915  46.272 0.0000000000
177446  -48.070  17.830  46.650 0.0000000000
176567  -47.958  17.148  46.950 0.0000000000
176566  -47.586  17.381  47.314 0.0000000000
176558  -47.432  17.196  47.743 0.0000000000
177429  -46.813  17.806  48.304 0.0000000000
176550  -47.332  16.979  48.221 0.0000000000
175527  -47.770  16.489  48.760 0.0000000000
176516  -48.720  16.346  49.670 0.0000000000
176508  -49.123  16.374  50.288 0.0000000000
176517  -49.564  16.376  49.839 0.0000000000
176528  -50.828  16.064  49.804 0.0000000000
175523  -51.270  15.745  50.144 0.0000000000
172718  -52.712  13.540  48.510 0.0000000000
172708  -53.169  13.960  49.291 0.0000000000
170878  -52.460  13.015  49.642 0.0000000000
170864  -52.616  12.814  50.198 0.0000000000
170863  -52.271  12.190  50.437 0.0000000000
169903  -52.309  11.353  51.281 0.0000000000
169916  -51.987  11.496  50.624 0.0000000000
169011  -51.806  10.449  50.485 0.0000000000
167164  -51.849  9.517  50.173 0.0000000000
167174  -51.952  8.839  50.019 0.0000000000
167173  -51.676  9.278  49.592 0.0000000000
167181  -51.603  9.163  49.043 0.0000000000
167189  -51.585  9.127  48.425 0.0000000000
168126  -50.037  10.535  46.045 0.0000000000
168127  -50.418  10.145  46.391 0.0000000000
167220  -50.143  10.045  45.781 0.0000000000
167261  -50.730  9.150  45.046 0.0000000000
165457  -50.838  7.887  45.538 0.0000000000
165447  -50.900  7.677  46.297 0.0000000000
166340  -49.665  8.081  45.797 0.0000000000
166321  -49.355  8.015  46.416 0.0000000000
166299  -48.870  7.989  46.892 0.0000000000
171014  -48.389  12.537  39.431 0.0000000000
170999  -48.365  12.405  40.280 0.0000000000
170998  -47.822  11.961  40.428 0.0000000000
170032  -47.243  11.234  40.625 0.0000000000
169108  -47.065  10.947  42.505 0.0000000000
167269  -44.753  10.604  44.960 0.0000000000
167270  -45.417  11.236  44.941 0.0000000000
167254  -45.476  10.968  45.414 0.0000000000
167236  -45.576  10.588  45.838 0.0000000000
167237  -46.100  10.145  45.508 0.0000000000
166317  -46.336  9.179  45.812 0.0000000000
166316  -45.824  9.095  45.973 0.0000000000
165423  -46.130  8.229  47.043 0.0000000000
165398  -45.877  7.777  47.627 0.0000000000
165397  -45.111  7.668  47.598 0.0000000000
158192  -54.159  2.657  53.434 0.0000000000
184531  -50.036  25.814  43.246 0.0000000000
184512  -50.272  25.188  43.700 0.0000000000
184513  -51.071  25.058  43.661 0.0000000000
183763  -52.011  24.200  44.130 0.0000000000
182934  -51.940  23.501  44.126 0.0000000000
183778  -51.649  24.109  43.411 0.0000000000
182933  -51.438  23.248  43.839 0.0000000000
182067  -51.747  22.819  44.232 0.0000000000
180499  -51.519  21.798  44.178 0.0000000000
179063  -51.072  19.683  42.212 0.0000000000
177509  -50.490  18.310  41.762 0.0000000000
179054  -50.606  19.811  42.728 0.0000000000
178298  -50.244  18.923  42.531 0.0000000000
177496  -48.962  18.119  42.895 0.0000000000
179775  -49.311  20.429  43.295 0.0000000000
178297  -49.311  18.924  42.962 0.0000000000
158117  -50.806  1.734  58.626 0.0000000000
158147  -50.553  2.327  57.519 0.0000000000
159321  -51.168  2.869  57.162 0.0000000000
160449  -51.297  3.319  56.524 0.0000000000
160462  -49.668  3.194  55.341 0.0000000000
160463  -50.525  3.307  55.811 0.0000000000
160464  -51.148  3.750  55.839 0.0000000000
161525  -51.461  4.359  55.658 0.0000000000
162553  -51.480  5.148  55.327 0.0000000000
162567  -51.240  5.738  54.928 0.0000000000
190253  -35.386  31.960  44.935 0.0000000000
190254  -35.823  31.748  44.849 0.0000000000
190255  -36.766  31.424  44.685 0.0000000000
189560  -37.632  30.755  44.267 0.0000000000
188150  -45.075  29.138  42.999 0.0000000000
189601  -47.481  30.700  40.598 0.0000000000
189602  -48.411  30.913  40.575 0.0000000000
189603  -49.090  30.745  40.330 0.0000000000
189613  -49.273  30.726  39.672 0.0000000000
189614  -49.599  30.336  39.336 0.0000000000
189624  -49.325  30.828  39.023 0.0000000000
190292  -49.113  31.405  38.627 0.0000000000
170873  -48.618  12.558  49.915 0.0000000000
170860  -49.584  12.121  50.454 0.0000000000
170861  -50.045  12.530  50.599 0.0000000000
170862  -50.634  12.773  50.943 0.0000000000
171746  -51.072  12.974  51.289 0.0000000000
184451  -43.920  25.109  47.753 0.0000000000
183661  -44.538  24.080  48.499 0.0000000000
179013  -50.259  19.578  45.734 0.0000000000
179012  -49.681  19.385  45.876 0.0000000000
178254  -49.772  18.947  45.504 0.0000000000
178261  -49.466  18.290  45.175 0.0000000000
176580  -49.272  17.276  45.226 0.0000000000
174581  -49.983  16.120  44.348 0.0000000000
175593  -49.381  16.483  45.276 0.0000000000
175592  -49.111  16.903  45.532 0.0000000000
175586  -49.334  15.999  46.138 0.0000000000
174550  -49.734  15.631  46.632 0.0000000000
174538  -50.209  15.342  47.268 0.0000000000
174525  -50.704  15.278  47.952 0.0000000000
174539  -50.879  15.097  47.366 0.0000000000
174541  -52.283  14.688  47.611 0.0000000000
174542  -52.786  14.447  47.565 0.0000000000
173623  -52.357  14.449  45.989 0.0000000000
173613  -52.815  13.987  46.845 0.0000000000
172727  -52.958  13.781  47.977 0.0000000000
171798  -52.305  13.184  48.189 0.0000000000
170899  -51.577  12.649  48.256 0.0000000000
170898  -51.120  12.230  48.237 0.0000000000
170897  -50.814  11.624  48.497 0.0000000000
170905  -50.591  11.802  47.752 0.0000000000
170913  -50.147  11.527  46.685 0.0000000000
170923  -50.299  12.685  46.044 0.0000000000
170922  -50.102  12.295  46.123 0.0000000000
169964  -49.945  11.354  46.213 0.0000000000
169070  -49.665  11.086  45.614 0.0000000000
169069  -49.192  11.227  45.179 0.0000000000
168143  -48.812  10.758  44.640 0.0000000000
169120  -45.143  10.750  41.287 0.0000000000
169105  -44.545  10.813  41.696 0.0000000000
168183  -44.053  10.387  42.206 0.0000000000
168172  -44.361  10.225  43.226 0.0000000000
167285  -44.514  10.318  44.129 0.0000000000
167252  -44.272  10.403  45.264 0.0000000000
167215  -44.061  10.138  45.117 0.0000000000
166313  -43.714  9.523  45.347 0.0000000000
188747  -46.508  29.660  48.428 0.0000000000
187304  -46.518  28.412  48.368 0.0000000000
187315  -46.513  27.921  47.804 0.0000000000
185950  -46.686  26.397  46.508 0.0000000000
184466  -46.885  25.248  46.362 0.0000000000
184483  -47.338  25.494  45.432 0.0000000000
183718  -47.369  24.835  45.753 0.0000000000
183708  -47.507  24.361  46.147 0.0000000000
182018  -49.818  22.622  47.309 0.0000000000
180458  -50.435  21.368  47.105 0.0000000000
183761  -50.642  24.703  44.275 0.0000000000
182914  -50.417  23.932  45.286 0.0000000000
182897  -50.581  23.412  45.850 0.0000000000
182046  -53.143  22.627  45.666 0.0000000000
182045  -52.540  22.563  46.341 0.0000000000
182883  -51.211  22.832  46.633 0.0000000000
181243  -51.048  21.970  47.138 0.0000000000
180459  -50.874  21.444  47.065 0.0000000000
179727  -50.620  20.516  46.373 0.0000000000
179014  -50.738  19.780  45.635 0.0000000000
177473  -50.890  18.467  44.176 0.0000000000
176614  -50.991  17.296  43.364 0.0000000000
177500  -52.234  18.092  43.222 0.0000000000
176615  -51.687  17.332  42.914 0.0000000000
175626  -51.476  16.637  42.831 0.0000000000
173667  -51.813  15.688  42.169 0.0000000000
173669  -51.748  14.770  42.243 0.0000000000
171886  -51.586  14.120  42.038 0.0000000000
171885  -51.288  13.831  41.875 0.0000000000
171897  -51.481  13.800  41.013 0.0000000000
171911  -51.128  13.577  40.441 0.0000000000
171924  -49.999  13.106  39.851 0.0000000000
173726  -50.913  14.804  39.172 0.0000000000
172836  -49.562  13.866  38.869 0.0000000000
171937  -49.369  13.203  39.119 0.0000000000
171946  -48.021  12.654  38.637 0.0000000000
171934  -46.960  12.894  38.677 0.0000000000
171921  -45.926  12.920  39.397 0.0000000000
176637  -49.918  17.380  41.338 0.0000000000
175654  -49.343  16.516  41.145 0.0000000000
173685  -48.875  15.209  40.774 0.0000000000
174616  -48.236  15.830  41.800 0.0000000000
174634  -47.993  15.056  41.555 0.0000000000
173697  -48.075  14.682  40.173 0.0000000000
158119  -52.353  2.011  58.708 0.0000000000
158120  -52.862  2.159  58.288 0.0000000000
158148  -53.379  2.490  57.083 0.0000000000
160441  -52.944  3.535  56.986 0.0000000000
159324  -53.473  3.071  56.888 0.0000000000
156921  -53.486  2.101  56.421 0.0000000000
158186  -54.214  2.468  54.798 0.0000000000
158189  -54.142  2.698  53.946 0.0000000000
159378  -54.326  3.198  53.799 0.0000000000
160487  -54.301  3.733  54.056 0.0000000000
161557  -54.346  4.235  53.846 0.0000000000
162568  -54.047  4.758  54.274 0.0000000000
162569  -54.200  4.525  53.908 0.0000000000
162583  -54.259  4.691  53.585 0.0000000000
163565  -54.058  5.993  52.666 0.0000000000
164487  -53.888  6.572  52.394 0.0000000000
188766  -34.193  29.782  46.845 0.0000000000
189528  -35.249  30.343  46.407 0.0000000000
188786  -35.361  30.072  46.829 0.0000000000
188071  -35.100  29.549  47.561 0.0000000000
188754  -35.655  29.612  47.935 0.0000000000
188056  -36.814  29.250  48.617 0.0000000000
188034  -38.252  28.782  49.248 0.0000000000
188035  -38.646  29.197  49.276 0.0000000000
188728  -39.857  29.392  49.644 0.0000000000
188729  -40.674  29.633  49.756 0.0000000000
189495  -39.830  30.578  48.230 0.0000000000
189479  -40.638  30.466  49.198 0.0000000000
189467  -41.638  30.274  49.632 0.0000000000
189468  -42.516  30.465  49.700 0.0000000000
189469  -43.413  30.508  49.734 0.0000000000
189483  -44.591  30.876  49.261 0.0000000000
188803  -38.773  29.657  45.201 0.0000000000
188805  -39.910  29.078  46.274 0.0000000000
188790  -40.295  29.190  46.674 0.0000000000
188773  -41.224  29.440  47.235 0.0000000000
188085  -42.415  28.749  46.442 0.0000000000
188774  -42.128  29.402  47.141 0.0000000000
189516  -42.684  30.003  47.665 0.0000000000
189499  -43.141  30.441  48.051 0.0000000000
190224  -44.382  30.738  48.117 0.0000000000
189485  -46.182  30.554  48.681 0.0000000000
189502  -46.464  30.216  47.532 0.0000000000
188779  -46.696  29.355  46.842 0.0000000000
188105  -46.824  28.505  45.804 0.0000000000
188808  -46.867  29.197  45.469 0.0000000000
188106  -47.057  28.641  45.398 0.0000000000
187347  -47.122  27.813  45.177 0.0000000000
186647  -47.687  27.439  44.486 0.0000000000
186648  -48.174  27.425  44.044 0.0000000000
185964  -48.924  26.870  43.422 0.0000000000
188834  -45.987  29.532  43.281 0.0000000000
188836  -46.945  29.823  43.699 0.0000000000
189572  -47.824  30.219  44.013 0.0000000000
189580  -48.856  30.679  43.099 0.0000000000
189573  -48.613  30.476  44.051 0.0000000000
188828  -48.710  29.605  44.324 0.0000000000
188153  -48.685  28.824  43.945 0.0000000000
186653  -49.032  27.493  43.120 0.0000000000
185965  -49.342  26.651  43.202 0.0000000000
185269  -50.076  26.292  42.875 0.0000000000
185270  -50.647  26.107  42.673 0.0000000000
185272  -51.686  25.928  42.304 0.0000000000
186662  -51.087  27.411  42.024 0.0000000000
185290  -51.493  26.330  42.123 0.0000000000
183804  -51.862  24.886  41.802 0.0000000000
183815  -51.389  24.682  41.275 0.0000000000
186042  -52.917  26.551  39.192 0.0000000000
184620  -52.021  25.927  39.095 0.0000000000
188893  -50.461  29.727  38.467 0.0000000000
188227  -50.853  29.216  38.672 0.0000000000
188231  -51.358  28.968  38.112 0.0000000000
163550  -48.593  6.045  53.786 0.0000000000
164481  -48.099  7.025  53.257 0.0000000000
164464  -48.740  6.661  53.569 0.0000000000
162581  -49.734  5.826  54.234 0.0000000000
163533  -50.275  5.746  54.338 0.0000000000
163534  -50.798  6.116  54.421 0.0000000000
164450  -51.089  6.784  54.329 0.0000000000
168066  -47.750  9.608  51.102 0.0000000000
168067  -48.846  9.528  51.517 0.0000000000
167129  -49.428  8.829  52.630 0.0000000000
168982  -50.051  10.057  51.970 0.0000000000
168041  -50.029  9.222  52.669 0.0000000000
166216  -50.115  8.207  53.236 0.0000000000
166203  -50.497  8.082  53.517 0.0000000000
165300  -51.253  7.543  54.236 0.0000000000
164451  -51.637  6.909  54.703 0.0000000000
165294  -52.228  6.968  54.947 0.0000000000
165295  -52.811  7.127  54.844 0.0000000000
166197  -53.105  7.622  54.177 0.0000000000
166198  -53.349  7.116  53.842 0.0000000000
165312  -53.590  6.853  53.159 0.0000000000
165329  -53.630  7.017  52.639 0.0000000000
165341  -53.673  7.172  52.084 0.0000000000
178202  -43.802  18.616  51.114 0.0000000000
177399  -45.008  18.121  51.290 0.0000000000
176494  -45.959  16.752  51.414 0.0000000000
187314  -46.290  27.490  48.183 0.0000000000
185939  -45.475  26.093  48.085 0.0000000000
185209  -46.045  24.543  47.043 0.0000000000
185207  -45.771  25.040  47.865 0.0000000000
184454  -45.191  24.996  47.757 0.0000000000
183685  -44.972  24.599  47.939 0.0000000000
183654  -45.887  23.822  48.442 0.0000000000
182816  -45.943  22.844  48.996 0.0000000000
179725  -48.876  20.331  46.731 0.0000000000
179714  -48.166  20.495  47.097 0.0000000000
180454  -47.711  20.766  47.520 0.0000000000
178999  -47.511  19.124  46.866 0.0000000000
179713  -47.485  19.944  47.109 0.0000000000
180440  -46.958  21.271  47.969 0.0000000000
180439  -46.586  20.987  48.378 0.0000000000
181210  -46.096  21.976  48.894 0.0000000000
181193  -45.973  21.983  49.326 0.0000000000
180431  -46.017  21.096  49.701 0.0000000000
179694  -46.024  20.069  49.508 0.0000000000
178966  -45.726  19.196  49.965 0.0000000000
178217  -46.532  17.947  48.912 0.0000000000
178214  -46.037  18.278  49.798 0.0000000000
178205  -45.661  18.472  50.390 0.0000000000
177401  -46.063  17.642  50.359 0.0000000000
177385  -46.073  17.292  50.975 0.0000000000
176495  -46.543  16.659  50.945 0.0000000000
174475  -47.364  15.560  50.711 0.0000000000
174489  -47.774  15.194  50.732 0.0000000000
173553  -48.899  14.742  50.789 0.0000000000
175516  -49.113  16.006  50.883 0.0000000000
174491  -49.281  15.286  51.050 0.0000000000
173554  -49.728  14.623  50.984 0.0000000000
172675  -50.271  14.163  50.933 0.0000000000
172693  -51.099  13.582  51.108 0.0000000000
171738  -51.946  12.913  51.794 0.0000000000
175546  -51.673  15.556  49.085 0.0000000000
175532  -52.125  15.586  49.640 0.0000000000
174494  -52.393  15.671  51.023 0.0000000000
172694  -53.538  14.149  49.954 0.0000000000
173559  -53.514  15.025  50.873 0.0000000000
173542  -52.642  14.973  51.751 0.0000000000
172666  -52.331  14.153  51.642 0.0000000000
171739  -52.465  13.299  51.686 0.0000000000
170844  -52.390  12.449  52.219 0.0000000000
170839  -53.037  12.176  52.635 0.0000000000
169888  -53.117  11.387  52.884 0.0000000000
168995  -52.386  10.595  51.594 0.0000000000
168985  -52.577  10.149  52.084 0.0000000000
166233  -53.108  8.173  52.045 0.0000000000
165340  -53.434  7.720  51.825 0.0000000000
165345  -53.747  7.420  51.455 0.0000000000
165348  -54.080  7.295  50.613 0.0000000000
165361  -54.543  7.081  49.967 0.0000000000
165372  -54.739  7.296  49.190 0.0000000000
165359  -52.703  7.894  49.532 0.0000000000
165371  -54.072  7.683  49.139 0.0000000000
165373  -55.165  7.106  48.748 0.0000000000
164561  -55.018  6.902  47.700 0.0000000000
163658  -54.659  6.435  47.773 0.0000000000
169048  -50.506  10.592  48.314 0.0000000000
167188  -50.962  9.557  48.177 0.0000000000
167198  -51.380  9.279  47.728 0.0000000000
167222  -51.161  9.370  46.330 0.0000000000
167223  -51.738  9.061  46.562 0.0000000000
166301  -52.346  8.796  46.804 0.0000000000
165433  -53.221  7.812  46.491 0.0000000000
164558  -53.142  6.808  47.549 0.0000000000
163656  -53.104  6.342  48.011 0.0000000000
163655  -52.557  6.324  48.148 0.0000000000
164530  -51.583  6.583  48.263 0.0000000000
165405  -50.873  7.450  47.767 0.0000000000
165382  -50.501  7.359  48.273 0.0000000000
171883  -50.250  13.291  42.195 0.0000000000
171882  -49.693  13.238  42.371 0.0000000000
171869  -49.147  12.862  43.282 0.0000000000
170970  -48.839  12.699  41.788 0.0000000000
170962  -48.719  12.663  42.672 0.0000000000
170953  -48.723  12.516  43.429 0.0000000000
170945  -48.417  12.067  44.069 0.0000000000
169083  -48.247  11.486  44.375 0.0000000000
168152  -48.278  10.577  44.400 0.0000000000
169121  -45.923  10.611  41.560 0.0000000000
167287  -45.855  11.021  44.522 0.0000000000
167288  -46.362  11.396  44.387 0.0000000000
168163  -47.016  11.450  44.014 0.0000000000
168164  -47.417  11.270  44.536 0.0000000000
167274  -47.499  10.379  44.594 0.0000000000
166358  -47.896  9.721  44.429 0.0000000000
166351  -47.691  9.401  44.884 0.0000000000
166319  -47.706  8.646  46.264 0.0000000000
166298  -48.194  8.292  46.926 0.0000000000
166296  -46.963  8.533  46.595 0.0000000000
165402  -48.452  7.742  47.875 0.0000000000
156865  -51.140  1.566  58.932 0.0000000000
156884  -52.930  1.591  57.915 0.0000000000
156904  -53.437  2.235  56.795 0.0000000000
156943  -54.176  2.291  54.550 0.0000000000
158111  -51.515  1.509  58.974 0.0000000000
158112  -51.927  1.632  58.982 0.0000000000
158116  -50.455  1.407  58.636 0.0000000000
158118  -51.522  2.088  58.662 0.0000000000
158130  -50.843  2.181  58.019 0.0000000000
158131  -51.362  2.388  58.200 0.0000000000
158132  -53.154  2.311  57.673 0.0000000000
158149  -53.599  2.598  56.595 0.0000000000
158160  -53.811  2.592  56.030 0.0000000000
158178  -54.195  2.898  54.827 0.0000000000
158187  -54.200  2.736  54.420 0.0000000000
159294  -51.676  2.582  58.236 0.0000000000
159295  -52.151  2.627  58.469 0.0000000000
159296  -52.589  2.465  58.459 0.0000000000
159301  -50.901  2.521  57.525 0.0000000000
159304  -52.695  2.813  57.975 0.0000000000
159320  -50.527  2.588  57.100 0.0000000000
159336  -50.814  2.951  56.725 0.0000000000
159337  -53.769  3.148  56.357 0.0000000000
159354  -49.941  2.923  55.927 0.0000000000
159374  -54.178  3.236  54.187 0.0000000000
160425  -52.383  3.022  57.582 0.0000000000
160426  -52.661  3.148  57.422 0.0000000000
160439  -51.564  3.097  57.044 0.0000000000
160442  -53.520  3.547  56.653 0.0000000000
160448  -50.751  3.093  56.369 0.0000000000
160451  -53.268  3.914  56.590 0.0000000000
161507  -52.799  4.009  56.603 0.0000000000
161543  -50.454  4.735  54.871 0.0000000000
161544  -54.014  4.350  54.525 0.0000000000
162580  -49.178  5.491  54.093 0.0000000000
162657  -55.443  5.267  48.800 0.0000000000
163514  -52.803  5.341  55.897 0.0000000000
163535  -51.436  6.280  54.782 0.0000000000
163551  -49.265  6.258  53.985 0.0000000000
163552  -50.043  6.387  54.085 0.0000000000
163553  -50.592  6.694  54.065 0.0000000000
163563  -54.225  5.512  52.839 0.0000000000
163566  -54.347  5.726  52.460 0.0000000000
163578  -54.991  5.824  50.948 0.0000000000
163590  -54.825  6.216  50.699 0.0000000000
163637  -51.504  6.196  48.757 0.0000000000
163638  -52.228  6.151  48.550 0.0000000000
163659  -55.371  6.545  47.884 0.0000000000
164444  -53.206  6.399  54.771 0.0000000000
164493  -54.049  6.863  51.201 0.0000000000
164503  -54.841  6.589  50.230 0.0000000000
164531  -52.084  6.535  48.080 0.0000000000
164532  -55.314  6.810  48.364 0.0000000000
164551  -47.880  7.473  48.083 0.0000000000
164553  -49.601  7.285  48.355 0.0000000000
164554  -49.914  7.418  48.256 0.0000000000
164559  -53.816  6.887  47.503 0.0000000000
164560  -54.253  6.727  47.429 0.0000000000
164571  -51.947  7.175  47.367 0.0000000000
164572  -52.469  7.181  47.151 0.0000000000
164573  -53.128  7.291  47.055 0.0000000000
164576  -54.503  7.442  47.636 0.0000000000
165296  -53.185  6.919  54.454 0.0000000000
165302  -52.341  7.356  54.834 0.0000000000
165303  -53.376  6.791  54.037 0.0000000000
165304  -53.509  6.727  53.619 0.0000000000
165308  -49.881  7.421  53.391 0.0000000000
165309  -50.421  7.690  53.574 0.0000000000
165310  -50.831  7.659  53.885 0.0000000000
165311  -53.372  7.493  52.954 0.0000000000
165323  -47.634  7.427  52.851 0.0000000000
165324  -48.300  7.709  52.827 0.0000000000
165325  -49.067  7.745  52.914 0.0000000000
165326  -49.654  7.811  53.111 0.0000000000
165344  -53.484  7.787  51.613 0.0000000000
165349  -54.419  6.859  50.364 0.0000000000
165358  -52.481  8.023  49.478 0.0000000000
165360  -54.132  7.581  49.790 0.0000000000
165369  -52.459  8.050  49.218 0.0000000000
165370  -52.623  7.936  49.306 0.0000000000
165381  -49.287  7.386  48.357 0.0000000000
165383  -50.899  7.204  48.183 0.0000000000
165384  -54.004  7.741  48.800 0.0000000000
165385  -54.323  7.586  48.692 0.0000000000
165386  -54.816  7.331  48.378 0.0000000000
165400  -47.413  7.834  47.614 0.0000000000
165407  -53.982  7.795  48.530 0.0000000000
165409  -54.554  7.489  47.880 0.0000000000
165426  -48.026  8.174  47.453 0.0000000000
165429  -50.165  7.698  47.251 0.0000000000
165430  -50.871  7.605  47.009 0.0000000000
165435  -54.179  7.768  47.687 0.0000000000
165436  -54.455  7.898  47.819 0.0000000000
165445  -49.664  7.797  46.898 0.0000000000
165456  -50.231  7.836  45.968 0.0000000000
165459  -52.035  8.586  45.465 0.0000000000
165463  -50.108  7.996  45.452 0.0000000000
165464  -50.358  8.105  44.982 0.0000000000
166189  -52.919  7.514  54.626 0.0000000000
166190  -53.010  7.302  54.527 0.0000000000
166194  -51.266  8.026  54.173 0.0000000000
166195  -51.662  8.102  54.418 0.0000000000
166205  -51.323  8.263  54.154 0.0000000000
166207  -53.378  7.317  53.527 0.0000000000
166213  -48.370  8.103  52.571 0.0000000000
166217  -50.525  8.313  53.454 0.0000000000
166231  -48.539  8.411  52.415 0.0000000000
166240  -45.511  8.607  51.877 0.0000000000
166242  -53.220  8.126  51.392 0.0000000000
166246  -53.042  8.153  50.637 0.0000000000
166247  -53.594  7.869  50.971 0.0000000000
166256  -52.250  8.308  49.723 0.0000000000
166257  -52.824  7.965  49.869 0.0000000000
166266  -52.311  8.220  49.080 0.0000000000
166267  -52.868  7.921  49.231 0.0000000000
166273  -51.855  8.763  48.528 0.0000000000
166274  -52.250  8.546  48.311 0.0000000000
166276  -53.604  7.921  48.853 0.0000000000
166283  -53.012  8.331  47.847 0.0000000000
166284  -53.683  8.031  48.173 0.0000000000
166285  -53.908  7.979  48.117 0.0000000000
166295  -46.351  8.629  46.433 0.0000000000
166300  -49.306  7.853  46.887 0.0000000000
166302  -53.031  8.381  46.990 0.0000000000
166304  -53.894  8.019  47.847 0.0000000000
166318  -46.983  8.812  46.109 0.0000000000
166320  -48.504  8.351  46.320 0.0000000000
166322  -49.835  7.910  46.193 0.0000000000
166323  -52.225  8.727  46.081 0.0000000000
166324  -52.614  8.576  46.519 0.0000000000
166335  -46.232  9.716  45.590 0.0000000000
166338  -48.075  8.792  45.617 0.0000000000
166341  -50.968  8.357  44.995 0.0000000000
166342  -51.455  8.880  45.207 0.0000000000
166350  -47.139  9.581  45.055 0.0000000000
166352  -48.627  8.866  45.028 0.0000000000
166354  -50.331  8.709  44.533 0.0000000000
166355  -51.005  8.799  44.706 0.0000000000
167117  -52.057  8.432  54.465 0.0000000000
167123  -51.520  8.693  54.136 0.0000000000
167130  -49.877  8.912  52.828 0.0000000000
167139  -46.224  8.893  51.739 0.0000000000
167141  -47.529  8.702  51.935 0.0000000000
167142  -48.264  8.710  52.080 0.0000000000
167143  -49.025  8.919  52.279 0.0000000000
167144  -49.508  9.030  52.513 0.0000000000
167157  -46.433  9.247  51.474 0.0000000000
167160  -48.550  9.045  51.865 0.0000000000
167190  -51.879  8.839  48.301 0.0000000000
167199  -51.900  8.948  47.934 0.0000000000
167205  -50.782  9.730  46.744 0.0000000000
167206  -51.263  9.337  47.026 0.0000000000
167207  -51.842  9.036  47.264 0.0000000000
167219  -45.926  9.660  45.781 0.0000000000
167221  -50.643  9.697  46.069 0.0000000000
167234  -44.460  10.482  45.143 0.0000000000
167235  -45.055  10.605  45.422 0.0000000000
167239  -46.836  9.664  45.281 0.0000000000
167240  -49.865  9.942  45.153 0.0000000000
167241  -50.377  9.551  45.453 0.0000000000
167243  -51.604  9.096  45.890 0.0000000000
167259  -49.513  9.799  44.598 0.0000000000
167275  -48.306  9.957  44.346 0.0000000000
167276  -48.990  9.557  44.328 0.0000000000
167277  -49.653  9.191  44.449 0.0000000000
167286  -45.364  10.419  44.311 0.0000000000
167290  -47.263  11.055  44.836 0.0000000000
167299  -45.980  10.660  44.017 0.0000000000
167300  -46.160  11.036  44.163 0.0000000000
168035  -50.779  9.042  53.371 0.0000000000
168036  -51.141  9.323  53.567 0.0000000000
168048  -49.195  9.282  52.023 0.0000000000
168050  -50.361  9.853  52.395 0.0000000000
168051  -52.561  9.765  52.100 0.0000000000
168068  -49.555  9.951  51.668 0.0000000000
168075  -43.794  10.362  50.670 0.0000000000
168080  -48.233  10.196  50.710 0.0000000000
168082  -51.747  10.071  50.229 0.0000000000
168094  -51.525  9.936  49.655 0.0000000000
168101  -51.117  10.010  49.184 0.0000000000
168102  -51.484  9.621  49.216 0.0000000000
168108  -50.719  9.992  48.608 0.0000000000
168119  -50.310  10.529  46.559 0.0000000000
168135  -49.234  10.889  45.084 0.0000000000
168151  -47.877  11.044  44.369 0.0000000000
168160  -44.785  10.257  43.637 0.0000000000
168162  -46.614  11.330  43.862 0.0000000000
168174  -46.079  10.321  43.386 0.0000000000
168196  -45.409  10.571  41.733 0.0000000000
168197  -45.555  10.449  41.939 0.0000000000
168983  -50.671  10.518  52.189 0.0000000000
168996  -52.664  11.270  51.787 0.0000000000
169007  -47.704  10.513  50.224 0.0000000000
169018  -44.622  11.332  50.091 0.0000000000
169025  -51.340  10.261  49.629 0.0000000000
169035  -51.129  10.462  49.461 0.0000000000
169055  -50.369  10.733  46.867 0.0000000000
169056  -50.463  10.775  47.483 0.0000000000
169062  -50.083  10.897  46.370 0.0000000000
169076  -48.479  11.531  44.588 0.0000000000
169077  -48.707  11.350  44.821 0.0000000000
169084  -48.358  11.054  44.530 0.0000000000
169106  -46.024  10.400  42.046 0.0000000000
169119  -44.624  11.371  41.153 0.0000000000
169123  -47.141  11.003  41.476 0.0000000000
169131  -44.914  11.069  40.334 0.0000000000
169132  -45.699  10.771  40.611 0.0000000000
169133  -46.497  10.890  40.643 0.0000000000
169134  -46.961  10.982  40.973 0.0000000000
169141  -45.656  10.941  39.897 0.0000000000
169886  -51.636  11.130  52.848 0.0000000000
169887  -52.094  11.552  53.081 0.0000000000
169892  -50.949  11.197  52.037 0.0000000000
169894  -52.047  12.077  52.612 0.0000000000
169910  -43.615  11.693  50.146 0.0000000000
169912  -49.370  11.588  50.534 0.0000000000
169913  -50.009  11.832  50.933 0.0000000000
169914  -50.502  12.257  51.059 0.0000000000
169915  -51.740  10.916  50.418 0.0000000000
169920  -44.060  11.989  49.995 0.0000000000
169927  -49.048  12.053  50.153 0.0000000000
169938  -50.996  10.952  49.216 0.0000000000
169939  -51.273  11.389  49.442 0.0000000000
169945  -50.699  11.050  48.704 0.0000000000
169971  -49.203  11.530  45.188 0.0000000000
169972  -49.674  11.653  45.567 0.0000000000
169978  -48.532  11.748  44.590 0.0000000000
169985  -48.410  11.862  44.355 0.0000000000
169986  -48.633  12.119  44.446 0.0000000000
169992  -47.658  11.579  43.751 0.0000000000
170001  -47.631  11.622  43.428 0.0000000000
170009  -47.582  11.525  42.779 0.0000000000
170023  -48.035  11.885  41.719 0.0000000000
170042  -44.927  11.575  39.666 0.0000000000
170043  -45.522  11.348  39.292 0.0000000000
170045  -47.417  11.764  39.633 0.0000000000
170054  -47.059  11.699  39.072 0.0000000000
170833  -52.641  11.637  53.443 0.0000000000
170834  -53.003  11.808  53.227 0.0000000000
170850  -50.951  12.449  51.391 0.0000000000
170851  -51.442  12.701  51.635 0.0000000000
170852  -52.356  11.937  51.005 0.0000000000
170875  -49.822  12.943  50.311 0.0000000000
170890  -51.265  11.963  49.100 0.0000000000
170914  -50.274  11.968  46.904 0.0000000000
170921  -49.978  11.831  46.141 0.0000000000
170932  -50.213  12.835  45.574 0.0000000000
170938  -49.032  12.267  44.790 0.0000000000
170952  -48.337  12.173  43.590 0.0000000000
170969  -48.350  12.288  42.107 0.0000000000
170971  -49.242  12.860  41.346 0.0000000000
170984  -48.307  12.219  41.179 0.0000000000
170985  -48.873  12.595  40.886 0.0000000000
170997  -45.469  12.483  39.495 0.0000000000
171001  -49.607  12.801  40.172 0.0000000000
171010  -45.287  11.997  39.367 0.0000000000
171011  -45.900  12.097  39.130 0.0000000000
171012  -46.605  12.051  38.853 0.0000000000
171013  -47.905  12.259  39.760 0.0000000000
171015  -48.944  12.786  39.370 0.0000000000
171021  -47.260  12.052  38.559 0.0000000000
171022  -47.782  12.274  39.032 0.0000000000
171023  -48.192  12.611  38.886 0.0000000000
171747  -51.536  13.289  51.413 0.0000000000
171748  -51.997  13.304  51.601 0.0000000000
171750  -53.420  13.841  50.313 0.0000000000
171756  -49.696  13.467  50.383 0.0000000000
171759  -51.123  13.288  51.218 0.0000000000
171761  -53.240  13.699  49.937 0.0000000000
171772  -48.865  13.088  50.046 0.0000000000
171773  -49.465  13.149  50.213 0.0000000000
171774  -49.810  13.199  50.353 0.0000000000
171776  -52.722  13.424  49.224 0.0000000000
171777  -53.040  13.588  49.586 0.0000000000
171788  -51.976  12.931  48.529 0.0000000000
171789  -52.387  13.207  48.729 0.0000000000
171805  -51.048  12.628  46.977 0.0000000000
171807  -52.160  13.239  47.512 0.0000000000
171817  -51.231  12.921  46.541 0.0000000000
171819  -52.236  13.439  46.988 0.0000000000
171826  -50.484  12.912  45.841 0.0000000000
171835  -49.662  12.639  45.133 0.0000000000
171836  -49.918  12.895  45.142 0.0000000000
171838  -50.923  13.215  45.240 0.0000000000
171840  -52.159  13.468  45.500 0.0000000000
171846  -49.116  12.586  44.497 0.0000000000
171847  -49.460  12.883  44.629 0.0000000000
171858  -49.515  13.075  43.923 0.0000000000
171861  -50.987  13.551  43.650 0.0000000000
171870  -49.603  13.165  43.166 0.0000000000
171872  -50.646  13.421  42.911 0.0000000000
171881  -49.167  13.047  42.523 0.0000000000
171884  -50.792  13.493  42.047 0.0000000000
171896  -50.964  13.533  41.201 0.0000000000
171910  -50.557  13.283  40.541 0.0000000000
171912  -51.696  13.776  40.347 0.0000000000
171922  -46.475  13.146  39.169 0.0000000000
171923  -49.422  12.828  39.658 0.0000000000
171925  -50.636  13.504  39.848 0.0000000000
171926  -51.262  13.711  39.767 0.0000000000
171933  -46.351  12.640  39.004 0.0000000000
171935  -47.735  13.046  38.612 0.0000000000
171936  -48.446  12.967  38.820 0.0000000000
171938  -50.108  13.550  39.266 0.0000000000
171940  -51.165  13.946  39.265 0.0000000000
171945  -47.578  12.552  38.503 0.0000000000
171947  -48.217  12.779  38.715 0.0000000000
172668  -53.572  14.525  51.258 0.0000000000
172676  -50.913  14.074  51.108 0.0000000000
172677  -51.477  13.866  51.296 0.0000000000
172679  -53.354  13.686  51.101 0.0000000000
172689  -48.806  13.926  50.371 0.0000000000
172690  -49.432  13.846  50.517 0.0000000000
172692  -50.588  13.696  50.828 0.0000000000
172707  -52.859  13.775  48.925 0.0000000000
172719  -53.051  13.889  48.618 0.0000000000
172726  -52.620  13.396  47.860 0.0000000000
172734  -52.535  13.362  47.584 0.0000000000
172735  -52.740  13.548  47.317 0.0000000000
172749  -52.419  13.669  45.962 0.0000000000
172758  -52.350  13.834  45.479 0.0000000000
172771  -51.496  14.433  43.664 0.0000000000
172785  -51.718  14.092  41.432 0.0000000000
172786  -51.852  14.419  41.790 0.0000000000
172799  -51.951  14.033  40.818 0.0000000000
172814  -52.189  14.137  40.239 0.0000000000
172815  -52.198  14.291  40.693 0.0000000000
172822  -46.316  13.461  39.601 0.0000000000
172824  -47.571  13.917  39.124 0.0000000000
172825  -48.166  14.072  39.061 0.0000000000
172826  -51.553  13.941  39.472 0.0000000000
172827  -52.081  14.277  39.513 0.0000000000
172834  -48.010  13.580  38.776 0.0000000000
172837  -50.179  14.085  39.005 0.0000000000
172838  -50.786  14.253  38.992 0.0000000000
172839  -51.484  14.362  39.037 0.0000000000
173539  -50.839  14.989  51.302 0.0000000000
173540  -51.180  14.901  51.352 0.0000000000
173543  -53.295  14.827  51.463 0.0000000000
173551  -47.517  14.865  50.673 0.0000000000
173557  -51.811  14.162  51.495 0.0000000000
173558  -53.103  15.357  51.305 0.0000000000
173568  -48.469  14.349  50.538 0.0000000000
173570  -49.730  14.128  50.767 0.0000000000
173571  -53.642  14.823  50.105 0.0000000000
173595  -53.113  14.268  48.071 0.0000000000
173603  -52.993  14.077  47.463 0.0000000000
173610  -51.383  14.821  46.297 0.0000000000
173612  -52.722  14.448  46.513 0.0000000000
173620  -50.649  14.965  45.371 0.0000000000
173622  -51.746  14.627  46.026 0.0000000000
173624  -52.605  14.009  46.238 0.0000000000
173629  -50.540  15.142  44.567 0.0000000000
173642  -51.192  14.551  44.451 0.0000000000
173648  -50.935  15.623  43.450 0.0000000000
173651  -51.495  14.466  43.424 0.0000000000
173657  -51.535  15.565  42.541 0.0000000000
173659  -51.533  14.564  42.994 0.0000000000
173668  -51.848  15.368  41.990 0.0000000000
173683  -46.848  14.622  40.913 0.0000000000
173684  -48.435  14.963  40.847 0.0000000000
173687  -52.009  14.984  41.358 0.0000000000
173699  -49.488  15.204  40.158 0.0000000000
173700  -52.356  14.583  39.973 0.0000000000
173701  -52.264  14.702  40.546 0.0000000000
173712  -51.093  15.238  39.507 0.0000000000
173713  -51.582  15.150  39.633 0.0000000000
173714  -52.013  14.893  39.732 0.0000000000
173715  -52.297  14.863  40.087 0.0000000000
173723  -49.164  14.192  38.953 0.0000000000
173725  -50.245  14.669  39.144 0.0000000000
173727  -51.437  14.878  39.328 0.0000000000
173728  -51.704  14.873  39.443 0.0000000000
174474  -47.031  15.562  50.765 0.0000000000
174476  -48.092  15.549  50.547 0.0000000000
174478  -50.575  15.156  51.271 0.0000000000
174480  -51.423  15.334  51.341 0.0000000000
174481  -52.019  15.367  51.521 0.0000000000
174487  -46.282  15.433  50.437 0.0000000000
174490  -48.497  15.179  50.799 0.0000000000
174492  -49.807  15.057  51.236 0.0000000000
174495  -53.055  15.556  50.757 0.0000000000
174500  -47.061  14.759  50.552 0.0000000000
174501  -52.609  15.673  50.241 0.0000000000
174504  -52.737  15.570  49.594 0.0000000000
174505  -53.293  15.263  49.461 0.0000000000
174515  -52.989  14.907  48.856 0.0000000000
174522  -49.135  15.913  47.466 0.0000000000
174523  -49.490  15.764  47.629 0.0000000000
174524  -50.067  15.527  47.799 0.0000000000
174527  -52.142  15.130  48.350 0.0000000000
174537  -49.674  15.604  47.217 0.0000000000
174540  -51.601  14.871  47.532 0.0000000000
174549  -49.411  15.784  46.834 0.0000000000
174552  -51.052  14.970  46.668 0.0000000000
174555  -52.886  14.386  47.044 0.0000000000
174565  -51.966  14.648  46.584 0.0000000000
174566  -52.240  14.592  46.425 0.0000000000
174573  -49.791  15.911  44.793 0.0000000000
174582  -50.260  15.799  44.192 0.0000000000
174591  -51.045  15.733  43.251 0.0000000000
174601  -51.189  16.328  43.085 0.0000000000
174617  -48.645  16.062  41.586 0.0000000000
174618  -51.815  16.008  42.281 0.0000000000
174619  -52.084  15.858  41.915 0.0000000000
174631  -45.092  14.922  41.746 0.0000000000
174635  -48.837  15.670  41.132 0.0000000000
174636  -49.284  15.983  40.848 0.0000000000
174637  -52.260  15.699  41.580 0.0000000000
174638  -52.330  15.539  41.155 0.0000000000
174644  -47.563  14.821  40.824 0.0000000000
174645  -49.063  15.366  40.669 0.0000000000
174647  -49.910  15.847  40.265 0.0000000000
174653  -49.692  15.334  40.081 0.0000000000
174654  -50.049  15.617  39.956 0.0000000000
174655  -50.791  15.683  39.785 0.0000000000
174657  -51.885  15.406  39.927 0.0000000000
174658  -52.170  15.118  40.179 0.0000000000
175501  -45.535  16.226  51.384 0.0000000000
175503  -46.801  15.866  50.794 0.0000000000
175505  -48.069  15.934  50.377 0.0000000000
175506  -48.516  15.845  50.633 0.0000000000
175507  -50.330  15.373  51.151 0.0000000000
175508  -50.604  15.426  51.096 0.0000000000
175509  -51.281  15.566  51.055 0.0000000000
175513  -46.145  15.743  50.707 0.0000000000
175518  -50.707  15.666  50.840 0.0000000000
175519  -51.243  15.600  50.762 0.0000000000
175520  -51.739  15.612  50.656 0.0000000000
175522  -50.966  15.929  49.911 0.0000000000
175524  -51.945  15.617  50.217 0.0000000000
175526  -47.498  16.638  48.715 0.0000000000
175528  -49.922  16.204  49.087 0.0000000000
175531  -51.489  15.693  49.589 0.0000000000
175540  -47.599  16.624  48.470 0.0000000000
175541  -48.155  16.354  48.529 0.0000000000
175545  -51.042  15.725  48.993 0.0000000000
175547  -52.231  15.449  49.129 0.0000000000
175556  -47.727  16.636  48.081 0.0000000000
175557  -48.278  16.328  47.999 0.0000000000
175560  -50.529  15.559  48.437 0.0000000000
175561  -51.220  15.449  48.545 0.0000000000
175562  -51.851  15.307  48.686 0.0000000000
175563  -52.248  15.239  48.825 0.0000000000
175570  -48.827  16.088  47.188 0.0000000000
175577  -48.497  16.595  46.663 0.0000000000
175579  -49.381  15.863  46.561 0.0000000000
175585  -48.910  16.656  46.006 0.0000000000
175599  -49.920  16.623  44.366 0.0000000000
175600  -50.136  16.267  44.149 0.0000000000
175612  -50.494  16.618  43.797 0.0000000000
175623  -48.097  16.763  42.599 0.0000000000
175624  -48.527  16.909  42.384 0.0000000000
175641  -49.161  16.865  41.657 0.0000000000
175642  -51.853  16.539  42.451 0.0000000000
175644  -52.861  16.593  41.501 0.0000000000
175656  -50.688  17.038  40.648 0.0000000000
175657  -52.386  16.010  41.667 0.0000000000
175663  -49.498  16.103  40.699 0.0000000000
175664  -49.971  16.223  40.475 0.0000000000
175665  -50.849  16.623  40.438 0.0000000000
175666  -51.336  16.560  40.280 0.0000000000
175667  -52.388  16.191  40.105 0.0000000000
175668  -52.633  15.782  40.601 0.0000000000
175673  -50.112  15.945  40.186 0.0000000000
175676  -51.889  16.070  39.992 0.0000000000
176498  -48.056  16.163  50.179 0.0000000000
176505  -47.176  16.717  50.137 0.0000000000
176506  -47.702  16.405  49.937 0.0000000000
176509  -49.819  16.266  50.667 0.0000000000
176510  -50.477  16.031  50.609 0.0000000000
176513  -46.987  16.998  49.489 0.0000000000
176514  -47.171  16.766  49.590 0.0000000000
176515  -47.924  16.414  49.537 0.0000000000
176518  -50.249  16.309  49.888 0.0000000000
176519  -50.861  15.998  50.175 0.0000000000
176520  -51.067  15.769  50.399 0.0000000000
176524  -48.247  16.341  49.094 0.0000000000
176525  -49.072  16.266  49.298 0.0000000000
176526  -49.827  16.272  49.359 0.0000000000
176527  -50.521  16.233  49.639 0.0000000000
176535  -47.266  16.862  48.615 0.0000000000
176536  -48.717  16.186  48.881 0.0000000000
176538  -49.685  16.219  49.028 0.0000000000
176549  -46.996  17.281  48.455 0.0000000000
176557  -47.088  17.392  48.089 0.0000000000
176559  -47.762  16.936  47.394 0.0000000000
176573  -48.347  17.253  46.459 0.0000000000
176579  -48.984  17.294  45.652 0.0000000000
176601  -50.138  17.455  44.174 0.0000000000
176602  -50.542  17.357  43.773 0.0000000000
176613  -49.056  17.669  42.531 0.0000000000
176616  -52.256  17.668  42.763 0.0000000000
176622  -48.771  17.018  42.281 0.0000000000
176624  -49.764  17.741  41.716 0.0000000000
176625  -51.840  16.931  42.627 0.0000000000
176627  -52.936  17.108  41.682 0.0000000000
176638  -50.608  17.405  40.847 0.0000000000
176645  -51.606  16.961  40.181 0.0000000000
176647  -52.795  16.462  40.530 0.0000000000
176651  -51.550  16.528  40.159 0.0000000000
176652  -51.845  16.467  40.014 0.0000000000
177384  -45.533  17.457  51.454 0.0000000000
177386  -46.463  17.150  50.605 0.0000000000
177398  -44.251  18.142  51.460 0.0000000000
177402  -46.680  17.165  50.139 0.0000000000
177404  -49.785  16.408  50.275 0.0000000000
177406  -50.584  16.143  50.400 0.0000000000
177411  -46.795  17.189  49.608 0.0000000000
177412  -46.995  16.975  49.632 0.0000000000
177413  -50.083  16.346  50.121 0.0000000000
177414  -50.476  16.226  50.194 0.0000000000
177415  -50.677  16.106  50.203 0.0000000000
177417  -46.396  17.764  49.509 0.0000000000
177418  -46.649  17.579  49.146 0.0000000000
177420  -46.729  17.654  48.725 0.0000000000
177437  -47.004  17.858  47.850 0.0000000000
177438  -47.311  17.862  47.445 0.0000000000
177453  -48.453  17.853  46.209 0.0000000000
177454  -48.844  17.889  45.775 0.0000000000
177461  -49.200  17.874  45.364 0.0000000000
177462  -49.541  17.917  44.950 0.0000000000
177472  -50.371  18.321  44.213 0.0000000000
177487  -50.249  17.947  44.174 0.0000000000
177489  -51.314  18.297  43.880 0.0000000000
177497  -49.531  18.423  42.557 0.0000000000
177498  -50.928  17.820  43.555 0.0000000000
177499  -51.497  17.899  43.389 0.0000000000
177507  -49.304  17.964  42.385 0.0000000000
177510  -52.641  18.039  42.539 0.0000000000
177520  -50.159  17.933  41.615 0.0000000000
177522  -51.373  18.268  40.731 0.0000000000
177523  -52.142  18.290  40.545 0.0000000000
177528  -51.044  17.778  40.670 0.0000000000
177529  -51.557  17.754  40.305 0.0000000000
177531  -52.827  17.133  40.479 0.0000000000
178212  -43.568  19.102  50.904 0.0000000000
178216  -46.262  18.338  49.082 0.0000000000
178220  -46.536  18.177  48.621 0.0000000000
178228  -46.385  18.967  48.264 0.0000000000
178238  -47.356  18.483  47.155 0.0000000000
178244  -47.782  18.474  46.756 0.0000000000
178253  -49.292  18.604  45.552 0.0000000000
178262  -49.995  18.704  44.999 0.0000000000
178263  -50.874  19.133  44.899 0.0000000000
178277  -50.636  18.705  44.515 0.0000000000
178278  -51.530  18.971  44.447 0.0000000000
178279  -52.147  19.331  44.288 0.0000000000
178299  -50.737  19.370  42.276 0.0000000000
178307  -50.463  18.552  42.064 0.0000000000
178309  -52.117  19.212  41.566 0.0000000000
178310  -52.711  18.611  41.887 0.0000000000
178311  -52.913  18.187  41.529 0.0000000000
178318  -51.198  18.569  41.126 0.0000000000
178321  -52.812  18.349  41.374 0.0000000000
178954  -45.361  19.191  50.452 0.0000000000
178970  -46.119  19.271  48.812 0.0000000000
178978  -46.245  19.198  48.399 0.0000000000
178979  -46.421  19.351  48.049 0.0000000000
179000  -47.984  19.150  46.452 0.0000000000
179002  -49.197  19.696  46.301 0.0000000000
179010  -48.477  18.946  46.235 0.0000000000
179021  -50.065  19.168  45.516 0.0000000000
179022  -50.520  19.354  45.330 0.0000000000
179023  -51.196  19.700  45.234 0.0000000000
179036  -51.610  19.502  44.922 0.0000000000
179055  -51.345  20.158  42.621 0.0000000000
179065  -52.360  19.337  42.278 0.0000000000
179673  -44.986  19.774  50.699 0.0000000000
179695  -46.213  20.509  49.198 0.0000000000
179698  -46.263  20.172  48.839 0.0000000000
179715  -48.594  20.804  47.133 0.0000000000
179724  -48.117  19.857  46.707 0.0000000000
179726  -49.827  20.178  46.355 0.0000000000
179728  -51.195  20.854  46.357 0.0000000000
179736  -50.060  19.787  45.997 0.0000000000
179737  -50.463  20.006  46.006 0.0000000000
179739  -51.675  20.893  46.005 0.0000000000
179746  -51.584  20.023  45.460 0.0000000000
179763  -49.680  21.062  43.374 0.0000000000
179767  -52.114  20.492  43.712 0.0000000000
180432  -46.071  21.538  49.226 0.0000000000
180436  -46.182  20.694  49.379 0.0000000000
180442  -46.863  20.665  47.886 0.0000000000
180443  -47.293  21.200  47.794 0.0000000000
180453  -47.218  20.492  47.583 0.0000000000
180457  -49.806  21.421  47.007 0.0000000000
180468  -50.173  20.865  46.775 0.0000000000
180469  -50.789  21.022  46.792 0.0000000000
180470  -51.320  21.336  46.748 0.0000000000
180471  -51.835  21.361  46.360 0.0000000000
180480  -52.803  21.525  45.322 0.0000000000
180489  -52.698  21.696  44.746 0.0000000000
180500  -52.040  21.577  44.373 0.0000000000
180501  -52.406  21.953  44.554 0.0000000000
180512  -49.964  21.564  43.529 0.0000000000
180513  -50.561  21.508  43.727 0.0000000000
180514  -51.320  21.454  43.957 0.0000000000
181189  -43.395  21.722  50.132 0.0000000000
181190  -44.155  22.031  50.214 0.0000000000
181191  -45.036  22.085  50.347 0.0000000000
181192  -45.760  22.026  49.940 0.0000000000
181211  -46.330  22.166  48.431 0.0000000000
181213  -46.413  21.644  48.582 0.0000000000
181215  -47.025  22.268  47.902 0.0000000000
181218  -47.501  22.060  47.887 0.0000000000
181227  -48.038  21.798  47.743 0.0000000000
181230  -50.288  21.975  47.359 0.0000000000
181231  -50.674  21.673  47.227 0.0000000000
181242  -50.695  22.328  47.334 0.0000000000
181252  -52.279  21.840  46.343 0.0000000000
181253  -52.863  21.899  45.870 0.0000000000
181261  -53.055  22.078  45.167 0.0000000000
181270  -51.538  22.207  44.223 0.0000000000
181281  -49.726  22.010  43.349 0.0000000000
181284  -51.218  21.960  44.098 0.0000000000
181299  -49.834  22.350  43.229 0.0000000000
181964  -44.697  22.766  49.996 0.0000000000
181966  -45.879  22.750  49.382 0.0000000000
181967  -45.965  22.538  48.939 0.0000000000
181986  -43.213  22.728  49.655 0.0000000000
181987  -43.813  22.975  49.630 0.0000000000
181989  -45.080  23.257  49.610 0.0000000000
181990  -45.536  23.123  49.543 0.0000000000
181992  -46.389  22.674  48.138 0.0000000000
182010  -43.955  23.314  49.335 0.0000000000
182014  -47.689  22.895  47.962 0.0000000000
182015  -48.333  22.876  47.831 0.0000000000
182017  -49.004  22.868  47.348 0.0000000000
182030  -50.210  22.874  46.898 0.0000000000
182031  -50.863  22.645  47.004 0.0000000000
182032  -51.563  22.529  46.822 0.0000000000
182033  -52.083  22.279  46.660 0.0000000000
182044  -52.004  22.655  46.572 0.0000000000
182054  -52.986  22.745  44.970 0.0000000000
182065  -50.838  22.458  43.888 0.0000000000
182066  -51.140  22.710  43.943 0.0000000000
182815  -45.941  23.074  49.106 0.0000000000
182824  -44.433  23.625  49.105 0.0000000000
182826  -45.487  23.454  49.158 0.0000000000
182827  -46.014  23.179  48.798 0.0000000000
182828  -46.179  23.257  48.284 0.0000000000
182846  -43.344  23.556  48.885 0.0000000000
182847  -44.009  23.636  48.904 0.0000000000
182848  -44.490  23.816  48.850 0.0000000000
182849  -44.875  23.845  48.850 0.0000000000
182850  -46.326  23.374  47.782 0.0000000000
182851  -46.810  23.484  47.652 0.0000000000
182869  -47.403  23.888  47.703 0.0000000000
182880  -48.822  23.524  46.490 0.0000000000
182882  -50.736  23.003  46.477 0.0000000000
182894  -48.254  24.257  45.749 0.0000000000
182898  -51.641  23.090  46.163 0.0000000000
182899  -52.619  23.190  45.737 0.0000000000
182916  -52.065  23.609  45.340 0.0000000000
182917  -52.662  23.399  44.940 0.0000000000
182935  -52.393  23.375  44.489 0.0000000000
182949  -50.757  23.335  43.237 0.0000000000
182951  -51.581  23.632  43.690 0.0000000000
182966  -49.661  23.207  42.475 0.0000000000
182967  -50.122  23.398  42.672 0.0000000000
182968  -50.603  23.634  42.781 0.0000000000
182969  -50.911  23.662  43.065 0.0000000000
182982  -50.328  23.683  42.474 0.0000000000
183653  -45.729  23.714  48.782 0.0000000000
183662  -45.198  24.060  48.465 0.0000000000
183663  -45.575  24.376  47.986 0.0000000000
183683  -43.834  24.186  48.227 0.0000000000
183686  -45.251  24.781  47.834 0.0000000000
183698  -46.957  24.331  46.179 0.0000000000
183699  -47.012  24.337  46.643 0.0000000000
183707  -47.102  24.622  46.189 0.0000000000
183720  -48.391  24.346  45.425 0.0000000000
183735  -47.704  25.113  45.139 0.0000000000
183737  -48.680  24.461  44.935 0.0000000000
183738  -49.449  24.358  44.974 0.0000000000
183739  -50.214  24.394  44.855 0.0000000000
183741  -51.690  24.052  44.797 0.0000000000
183760  -49.824  24.781  44.325 0.0000000000
183764  -52.294  23.675  44.489 0.0000000000
183777  -51.344  23.925  43.208 0.0000000000
183790  -50.763  23.854  42.626 0.0000000000
183801  -50.352  23.834  42.081 0.0000000000
183813  -50.371  23.952  41.864 0.0000000000
183816  -51.760  25.207  41.294 0.0000000000
184440  -45.453  24.809  47.726 0.0000000000
184441  -45.806  24.603  47.630 0.0000000000
184442  -46.049  24.316  47.265 0.0000000000
184453  -44.965  25.063  47.748 0.0000000000
184455  -46.311  24.508  46.616 0.0000000000
184468  -46.525  24.364  46.516 0.0000000000
184475  -46.987  25.490  46.238 0.0000000000
184476  -47.088  25.243  46.032 0.0000000000
184494  -47.762  25.438  44.785 0.0000000000
184495  -48.143  25.087  44.675 0.0000000000
184547  -50.274  25.996  42.916 0.0000000000
184548  -50.401  25.818  42.933 0.0000000000
184549  -51.655  25.724  42.568 0.0000000000
184560  -51.966  25.567  41.623 0.0000000000
184588  -52.295  25.921  40.206 0.0000000000
184601  -52.195  25.864  39.862 0.0000000000
184610  -51.625  25.795  39.079 0.0000000000
184611  -52.088  25.881  39.338 0.0000000000
184619  -51.932  25.992  38.882 0.0000000000
185206  -45.725  25.342  48.018 0.0000000000
185208  -45.947  25.058  47.448 0.0000000000
185215  -44.185  25.886  47.597 0.0000000000
185216  -44.840  25.731  47.783 0.0000000000
185217  -45.389  25.333  47.906 0.0000000000
185218  -45.413  24.979  47.816 0.0000000000
185220  -46.037  24.509  46.828 0.0000000000
185228  -46.862  25.707  46.505 0.0000000000
185229  -46.725  25.293  46.734 0.0000000000
185232  -47.097  25.784  45.704 0.0000000000
185235  -47.111  26.005  45.402 0.0000000000
185237  -46.987  26.359  45.290 0.0000000000
185242  -47.707  26.153  44.480 0.0000000000
185243  -48.249  26.175  44.106 0.0000000000
185252  -48.699  26.403  43.754 0.0000000000
185253  -49.195  26.227  43.551 0.0000000000
185254  -49.650  26.291  43.197 0.0000000000
185255  -50.770  25.823  42.852 0.0000000000
185256  -51.009  25.784  42.820 0.0000000000
185271  -51.289  25.958  42.523 0.0000000000
185289  -51.070  26.392  42.268 0.0000000000
185306  -52.253  26.088  41.363 0.0000000000
185307  -52.594  26.177  41.038 0.0000000000
185325  -52.544  26.048  40.514 0.0000000000
185357  -52.630  25.952  39.529 0.0000000000
185366  -52.402  25.994  38.818 0.0000000000
185927  -45.673  25.584  48.048 0.0000000000
185928  -45.941  25.541  48.070 0.0000000000
185941  -46.557  25.356  47.443 0.0000000000
185948  -46.630  25.374  47.058 0.0000000000
185952  -46.737  26.604  45.958 0.0000000000
185955  -46.817  26.732  45.484 0.0000000000
185956  -47.068  26.749  45.089 0.0000000000
185963  -48.408  26.850  43.839 0.0000000000
185969  -49.259  27.049  43.028 0.0000000000
185970  -49.687  26.837  42.822 0.0000000000
185980  -51.328  26.869  42.068 0.0000000000
185981  -51.807  26.758  41.877 0.0000000000
185989  -52.222  26.658  41.605 0.0000000000
186001  -52.919  26.512  40.839 0.0000000000
186021  -52.997  26.391  40.082 0.0000000000
186054  -52.709  26.501  38.676 0.0000000000
186617  -44.615  27.519  48.550 0.0000000000
186631  -46.553  27.049  47.090 0.0000000000
186639  -46.686  27.239  45.794 0.0000000000
186644  -47.245  27.304  44.911 0.0000000000
186652  -48.611  27.474  43.566 0.0000000000
186658  -49.951  27.437  42.442 0.0000000000
186663  -51.720  27.431  41.660 0.0000000000
186671  -52.418  27.240  41.217 0.0000000000
186672  -52.791  26.921  41.059 0.0000000000
186679  -52.337  27.575  40.271 0.0000000000
186696  -52.716  27.112  39.127 0.0000000000
187286  -43.209  28.540  49.431 0.0000000000
187303  -46.069  28.074  48.577 0.0000000000
187308  -33.531  28.528  48.439 0.0000000000
187320  -46.573  27.887  46.868 0.0000000000
187331  -41.170  28.556  45.551 0.0000000000
187334  -42.713  28.357  45.309 0.0000000000
187335  -46.836  27.815  45.595 0.0000000000
187348  -47.451  27.866  44.815 0.0000000000
187362  -48.030  27.985  44.265 0.0000000000
187372  -42.697  28.197  43.507 0.0000000000
187376  -48.906  28.181  43.313 0.0000000000
187389  -49.244  27.950  42.858 0.0000000000
187391  -50.314  28.054  42.290 0.0000000000
187405  -51.282  27.878  41.753 0.0000000000
187417  -51.142  28.355  41.676 0.0000000000
187426  -51.655  28.097  40.562 0.0000000000
187427  -51.904  27.901  40.175 0.0000000000
188015  -42.982  29.049  49.618 0.0000000000
188016  -43.686  29.254  49.593 0.0000000000
188018  -45.030  29.358  49.518 0.0000000000
188031  -36.294  28.712  48.980 0.0000000000
188033  -37.384  28.913  48.980 0.0000000000
188037  -44.091  28.706  49.312 0.0000000000
188038  -44.850  28.779  49.253 0.0000000000
188040  -46.436  28.925  48.784 0.0000000000
188052  -33.220  29.020  47.923 0.0000000000
188057  -37.342  29.349  48.527 0.0000000000
188058  -46.627  28.870  48.069 0.0000000000
188070  -34.508  29.324  47.386 0.0000000000
188072  -41.192  29.201  46.985 0.0000000000
188073  -41.439  29.150  46.982 0.0000000000
188082  -40.484  28.992  46.509 0.0000000000
188083  -40.933  29.030  46.702 0.0000000000
188086  -43.060  28.934  46.185 0.0000000000
188088  -44.539  29.132  45.796 0.0000000000
188089  -46.621  28.601  46.501 0.0000000000
188097  -39.861  28.885  45.764 0.0000000000
188099  -41.126  28.662  45.953 0.0000000000
188100  -41.919  28.577  45.995 0.0000000000
188101  -42.612  28.513  45.858 0.0000000000
188116  -43.780  28.500  44.893 0.0000000000
188118  -45.206  29.093  44.457 0.0000000000
188119  -47.023  28.236  45.395 0.0000000000
188134  -45.652  29.371  43.523 0.0000000000
188135  -47.625  28.236  44.739 0.0000000000
188136  -47.976  28.643  44.558 0.0000000000
188137  -48.410  29.108  44.386 0.0000000000
188151  -45.553  29.387  43.146 0.0000000000
188167  -45.476  29.475  42.558 0.0000000000
188207  -51.363  28.536  40.400 0.0000000000
188727  -39.191  29.249  49.420 0.0000000000
188733  -43.941  29.887  49.795 0.0000000000
188735  -45.446  29.814  49.551 0.0000000000
188742  -38.190  29.562  48.967 0.0000000000
188743  -38.712  29.706  49.198 0.0000000000
188744  -39.312  29.873  49.309 0.0000000000
188745  -39.983  30.005  49.411 0.0000000000
188755  -36.415  29.629  48.143 0.0000000000
188757  -37.592  29.705  48.212 0.0000000000
188758  -37.916  29.656  48.558 0.0000000000
188759  -46.642  29.582  47.617 0.0000000000
188767  -34.902  29.783  47.050 0.0000000000
188768  -35.486  29.855  47.308 0.0000000000
188771  -37.229  29.849  47.941 0.0000000000
188776  -43.857  29.697  47.169 0.0000000000
188777  -44.337  29.742  47.167 0.0000000000
188785  -34.761  30.156  46.459 0.0000000000
188787  -35.757  30.023  47.057 0.0000000000
188791  -40.736  29.297  46.980 0.0000000000
188792  -42.253  29.061  46.738 0.0000000000
188793  -42.722  29.224  46.699 0.0000000000
188797  -46.285  29.649  45.852 0.0000000000
188804  -39.529  29.131  45.775 0.0000000000
188814  -45.631  29.274  44.387 0.0000000000
188816  -46.702  29.418  44.748 0.0000000000
188817  -47.280  29.206  45.065 0.0000000000
188818  -47.717  29.274  44.846 0.0000000000
188825  -46.628  29.580  44.133 0.0000000000
188827  -48.167  29.416  44.632 0.0000000000
188835  -46.470  29.657  43.498 0.0000000000
188837  -49.238  29.787  43.523 0.0000000000
188838  -49.579  29.391  43.057 0.0000000000
188842  -45.943  29.664  42.735 0.0000000000
188843  -46.425  29.778  42.909 0.0000000000
188844  -46.923  29.897  43.129 0.0000000000
188846  -49.783  29.870  42.645 0.0000000000
188851  -46.388  29.870  42.335 0.0000000000
188860  -46.470  29.952  41.680 0.0000000000
188863  -50.728  29.457  40.826 0.0000000000
188871  -50.569  29.521  39.992 0.0000000000
188880  -50.009  29.999  38.927 0.0000000000
188881  -50.411  29.518  39.198 0.0000000000
188904  -50.509  29.945  37.811 0.0000000000
189466  -41.110  30.026  49.636 0.0000000000
189470  -44.261  30.520  49.745 0.0000000000
189471  -45.088  30.499  49.684 0.0000000000
189472  -45.814  30.407  49.463 0.0000000000
189481  -42.873  31.012  49.298 0.0000000000
189482  -43.766  30.943  49.317 0.0000000000
189484  -45.385  30.816  49.109 0.0000000000
189486  -46.462  30.149  48.040 0.0000000000
189493  -38.119  29.982  48.320 0.0000000000
189494  -38.926  30.308  48.223 0.0000000000
189498  -42.442  30.546  48.028 0.0000000000
189500  -43.783  30.433  47.970 0.0000000000
189501  -46.143  30.529  47.876 0.0000000000
189508  -36.254  30.063  47.092 0.0000000000
189509  -36.587  30.061  47.188 0.0000000000
189515  -41.876  30.052  47.666 0.0000000000
189517  -43.476  30.036  47.646 0.0000000000
189519  -45.064  30.218  47.316 0.0000000000
189520  -45.889  30.297  47.150 0.0000000000
189521  -46.568  29.972  47.094 0.0000000000
189527  -34.950  30.352  46.289 0.0000000000
189533  -39.371  29.755  46.845 0.0000000000
189534  -39.982  29.598  46.946 0.0000000000
189535  -44.709  29.819  47.149 0.0000000000
189542  -34.848  30.605  46.087 0.0000000000
189543  -35.587  30.610  46.087 0.0000000000
189545  -37.021  30.560  45.971 0.0000000000
189550  -36.629  30.895  45.544 0.0000000000
189551  -37.107  30.833  45.242 0.0000000000
189555  -46.978  29.513  44.671 0.0000000000
189556  -47.313  29.623  44.830 0.0000000000
189559  -37.307  30.929  44.670 0.0000000000
189562  -46.836  29.547  44.459 0.0000000000
189563  -47.065  29.736  44.384 0.0000000000
189565  -48.229  30.018  44.487 0.0000000000
189571  -47.274  29.967  44.024 0.0000000000
189578  -47.386  30.096  43.483 0.0000000000
189584  -47.405  30.196  42.764 0.0000000000
189639  -49.429  30.909  38.453 0.0000000000
190211  -42.068  31.035  48.540 0.0000000000
190214  -44.089  30.954  48.749 0.0000000000
190215  -44.873  30.951  48.650 0.0000000000
190216  -45.522  30.893  48.552 0.0000000000
190222  -42.892  30.929  48.324 0.0000000000
190223  -43.597  30.805  48.333 0.0000000000
190225  -45.217  30.808  48.059 0.0000000000
190226  -45.790  30.783  48.180 0.0000000000
190232  -44.859  30.551  47.696 0.0000000000
190234  -45.700  30.666  47.746 0.0000000000
190242  -34.628  31.407  45.751 0.0000000000
190244  -35.815  30.868  45.759 0.0000000000
190248  -35.185  31.643  45.233 0.0000000000
190258  -36.883  31.621  44.243 0.0000000000
190259  -37.271  31.261  44.036 0.0000000000
190277  -48.740  31.196  39.923 0.0000000000
190278  -49.049  30.977  39.840 0.0000000000
190863  -34.551  31.862  45.587 0.0000000000
190868  -35.100  32.245  45.009 0.0000000000
190872  -36.123  32.195  44.357 0.0000000000
