#!ascii label  , from subject sub-36 vox2ras=TkReg
1167
68461  -23.686  -51.833  80.237 0.0000000000
98789  -47.815  -35.823  74.807 0.0000000000
101672  -52.192  -33.472  69.705 0.0000000000
109915  -51.157  -28.482  68.900 0.0000000000
94686  -44.152  -38.316  75.134 0.0000000000
104594  -53.130  -31.823  67.058 0.0000000000
122486  -52.530  -21.379  64.032 0.0000000000
125101  -57.983  -20.967  61.367 0.0000000000
91505  -50.055  -38.610  71.784 0.0000000000
93169  -52.538  -37.821  70.354 0.0000000000
101596  -50.046  -34.669  72.166 0.0000000000
69830  -24.334  -50.846  84.576 0.0000000000
73914  -29.463  -48.919  82.671 0.0000000000
75246  -33.200  -47.002  81.126 0.0000000000
82507  -37.255  -44.125  81.735 0.0000000000
85575  -41.215  -42.118  80.194 0.0000000000
88519  -44.409  -40.818  77.188 0.0000000000
89964  -46.432  -39.273  74.448 0.0000000000
98950  -54.552  -35.207  67.019 0.0000000000
121118  -60.049  -22.009  59.787 0.0000000000
93057  -49.234  -37.800  73.495 0.0000000000
94728  -50.502  -36.831  72.792 0.0000000000
100144  -49.119  -35.499  73.053 0.0000000000
73843  -25.014  -49.081  85.010 0.0000000000
69845  -27.912  -50.531  84.502 0.0000000000
89889  -41.220  -40.776  78.909 0.0000000000
87088  -42.951  -41.784  78.546 0.0000000000
92911  -43.045  -39.646  78.211 0.0000000000
96205  -45.638  -36.695  75.372 0.0000000000
92971  -46.210  -38.484  76.245 0.0000000000
93010  -47.947  -37.823  74.923 0.0000000000
91493  -48.064  -38.845  72.854 0.0000000000
97605  -53.092  -35.211  70.787 0.0000000000
96282  -54.038  -36.310  68.749 0.0000000000
98879  -54.524  -34.341  69.618 0.0000000000
108573  -52.123  -29.469  67.072 0.0000000000
107260  -54.136  -31.284  67.187 0.0000000000
108575  -52.904  -29.565  66.778 0.0000000000
111314  -53.152  -27.746  67.555 0.0000000000
123807  -55.609  -21.576  65.563 0.0000000000
122407  -52.789  -21.207  67.052 0.0000000000
93005  -42.247  -39.379  75.674 0.0000000000
111335  -49.529  -27.744  66.169 0.0000000000
123858  -55.597  -20.929  62.700 0.0000000000
122510  -57.025  -22.405  62.806 0.0000000000
114267  -60.089  -25.467  58.843 0.0000000000
87221  -50.614  -40.534  70.478 0.0000000000
91513  -51.542  -38.467  70.956 0.0000000000
96252  -52.039  -36.273  71.932 0.0000000000
68402  -24.088  -51.344  82.903 0.0000000000
69939  -30.737  -50.097  79.505 0.0000000000
75242  -30.969  -48.087  81.413 0.0000000000
73953  -32.760  -48.057  80.021 0.0000000000
76653  -34.691  -46.966  80.061 0.0000000000
78053  -36.458  -45.679  79.905 0.0000000000
79464  -38.452  -44.968  80.126 0.0000000000
84062  -39.529  -43.140  81.424 0.0000000000
82574  -42.392  -43.390  78.081 0.0000000000
92951  -44.641  -39.117  76.876 0.0000000000
88545  -45.137  -40.594  75.588 0.0000000000
85724  -45.538  -41.912  73.346 0.0000000000
87200  -47.238  -41.148  71.663 0.0000000000
87203  -49.225  -41.070  71.254 0.0000000000
103136  -55.460  -32.828  68.093 0.0000000000
119652  -50.693  -23.046  67.634 0.0000000000
115565  -51.674  -25.248  70.005 0.0000000000
66985  -23.352  -52.225  82.181 0.0000000000
96219  -48.891  -36.746  74.191 0.0000000000
96230  -49.367  -36.678  73.729 0.0000000000
98799  -48.804  -35.975  74.062 0.0000000000
89914  -41.051  -40.805  77.895 0.0000000000
91342  -42.305  -39.937  78.489 0.0000000000
91387  -42.100  -40.033  77.705 0.0000000000
97538  -47.233  -36.036  75.466 0.0000000000
96194  -47.314  -36.825  75.829 0.0000000000
96207  -47.958  -36.709  75.347 0.0000000000
93031  -48.429  -37.901  74.330 0.0000000000
98878  -54.207  -34.712  70.018 0.0000000000
101655  -53.436  -33.548  70.017 0.0000000000
108548  -51.281  -28.921  68.268 0.0000000000
108574  -52.523  -29.443  66.963 0.0000000000
108550  -52.346  -28.851  68.546 0.0000000000
109938  -53.076  -28.508  67.213 0.0000000000
109910  -52.668  -27.837  69.158 0.0000000000
122455  -55.988  -22.405  65.408 0.0000000000
122436  -55.730  -22.491  66.071 0.0000000000
118395  -56.378  -23.912  65.994 0.0000000000
122567  -55.261  -21.009  61.365 0.0000000000
123860  -56.741  -21.189  62.502 0.0000000000
123846  -56.472  -21.577  63.133 0.0000000000
123862  -57.678  -21.930  62.260 0.0000000000
121081  -58.579  -22.899  62.112 0.0000000000
122552  -58.912  -22.233  61.257 0.0000000000
118505  -59.914  -23.358  59.689 0.0000000000
88594  -50.274  -39.910  71.070 0.0000000000
90002  -51.016  -39.276  71.082 0.0000000000
91506  -50.571  -38.530  71.575 0.0000000000
97589  -50.455  -36.020  72.631 0.0000000000
96242  -51.376  -36.332  72.332 0.0000000000
98834  -51.191  -35.432  72.256 0.0000000000
98851  -51.993  -35.167  71.772 0.0000000000
101614  -50.997  -34.596  71.627 0.0000000000
69874  -25.071  -50.591  82.663 0.0000000000
69853  -25.824  -50.475  83.599 0.0000000000
71213  -28.954  -49.674  83.936 0.0000000000
76603  -32.420  -46.731  81.735 0.0000000000
75244  -32.238  -47.570  80.893 0.0000000000
73939  -31.873  -47.963  80.578 0.0000000000
75263  -33.090  -47.446  80.693 0.0000000000
75280  -33.640  -47.592  80.135 0.0000000000
76645  -34.406  -46.697  80.733 0.0000000000
79452  -37.053  -45.098  80.596 0.0000000000
79474  -37.701  -45.126  79.767 0.0000000000
80929  -37.943  -44.895  80.847 0.0000000000
88464  -40.309  -41.918  80.433 0.0000000000
87025  -39.269  -42.402  80.804 0.0000000000
85557  -40.383  -42.494  80.895 0.0000000000
82531  -40.288  -43.526  80.624 0.0000000000
82543  -41.094  -43.369  79.815 0.0000000000
80996  -41.473  -43.396  78.656 0.0000000000
82545  -41.971  -43.159  79.196 0.0000000000
87097  -43.851  -41.311  77.676 0.0000000000
85629  -43.933  -42.454  77.811 0.0000000000
84135  -44.173  -42.206  76.923 0.0000000000
85666  -44.637  -42.011  76.157 0.0000000000
94631  -43.614  -38.906  76.788 0.0000000000
94633  -44.778  -38.594  76.541 0.0000000000
91446  -46.849  -38.705  75.049 0.0000000000
89945  -45.790  -39.471  75.898 0.0000000000
89954  -45.881  -39.862  74.672 0.0000000000
87148  -45.408  -41.158  74.417 0.0000000000
88572  -46.123  -40.432  73.406 0.0000000000
88581  -46.418  -40.256  72.791 0.0000000000
91503  -48.848  -38.929  72.225 0.0000000000
88591  -48.759  -40.234  71.711 0.0000000000
88592  -49.345  -39.992  71.536 0.0000000000
87220  -50.218  -41.138  70.550 0.0000000000
69823  -23.916  -50.876  85.281 0.0000000000
68366  -24.086  -51.214  85.257 0.0000000000
66943  -23.842  -51.670  84.337 0.0000000000
91526  -52.286  -38.571  70.284 0.0000000000
91539  -52.620  -38.383  69.084 0.0000000000
96291  -54.349  -35.905  68.079 0.0000000000
103146  -52.888  -32.663  67.395 0.0000000000
103134  -54.293  -32.987  68.273 0.0000000000
104579  -54.266  -32.438  67.836 0.0000000000
106050  -54.676  -31.139  65.963 0.0000000000
104634  -55.127  -32.162  66.361 0.0000000000
122378  -53.749  -21.613  68.771 0.0000000000
121003  -51.615  -21.725  67.428 0.0000000000
119626  -52.182  -22.861  69.110 0.0000000000
118342  -51.392  -23.741  68.876 0.0000000000
118315  -52.719  -23.908  70.174 0.0000000000
114041  -53.278  -25.644  69.843 0.0000000000
125112  -57.743  -20.559  60.721 0.0000000000
123882  -58.936  -21.498  60.596 0.0000000000
125138  -59.202  -20.155  60.080 0.0000000000
122602  -60.017  -21.277  59.006 0.0000000000
93086  -49.411  -38.048  72.695 0.0000000000
93115  -50.497  -37.905  72.040 0.0000000000
93058  -49.963  -37.303  73.050 0.0000000000
97575  -49.979  -36.106  73.005 0.0000000000
100146  -49.796  -35.357  72.720 0.0000000000
71186  -25.040  -49.926  84.519 0.0000000000
69843  -26.727  -50.465  84.023 0.0000000000
73887  -28.310  -48.683  83.487 0.0000000000
88479  -40.943  -41.299  79.781 0.0000000000
85577  -42.063  -42.165  79.582 0.0000000000
89891  -41.887  -40.900  78.953 0.0000000000
89893  -43.191  -40.823  78.649 0.0000000000
89906  -43.794  -40.480  78.001 0.0000000000
96190  -44.993  -37.620  75.234 0.0000000000
94652  -45.419  -37.971  76.297 0.0000000000
96193  -46.368  -37.226  76.041 0.0000000000
93008  -46.924  -38.197  75.519 0.0000000000
91447  -47.428  -38.471  74.728 0.0000000000
89973  -47.350  -39.045  73.476 0.0000000000
91466  -48.306  -38.383  73.897 0.0000000000
91482  -48.563  -38.402  73.342 0.0000000000
72506  -23.524  -48.992  85.123 0.0000000000
96264  -53.194  -36.268  70.460 0.0000000000
94807  -53.280  -37.138  69.635 0.0000000000
96265  -53.587  -35.867  70.078 0.0000000000
97622  -54.360  -35.342  69.339 0.0000000000
98904  -54.899  -35.048  68.463 0.0000000000
107270  -52.080  -30.233  66.777 0.0000000000
107258  -53.491  -31.135  67.179 0.0000000000
107272  -53.026  -30.435  67.090 0.0000000000
107288  -53.930  -30.779  66.843 0.0000000000
122470  -54.057  -21.216  64.849 0.0000000000
122450  -52.655  -21.278  65.516 0.0000000000
123805  -54.310  -21.165  65.860 0.0000000000
122410  -54.797  -22.103  67.144 0.0000000000
97571  -46.817  -35.937  74.217 0.0000000000
96216  -45.951  -36.460  74.586 0.0000000000
101696  -52.847  -33.420  68.637 0.0000000000
106039  -51.278  -30.687  66.286 0.0000000000
108589  -50.781  -29.557  66.723 0.0000000000
108570  -50.496  -28.959  67.119 0.0000000000
111311  -50.268  -27.786  67.789 0.0000000000
122507  -53.864  -21.245  63.427 0.0000000000
123828  -55.583  -21.239  63.923 0.0000000000
123830  -56.199  -21.897  63.924 0.0000000000
119706  -57.106  -22.991  63.891 0.0000000000
119753  -59.866  -22.998  60.712 0.0000000000
115782  -59.187  -24.241  59.982 0.0000000000
88626  -51.288  -40.025  69.846 0.0000000000
90008  -51.576  -39.230  70.399 0.0000000000
93143  -51.948  -37.617  70.965 0.0000000000
93116  -51.004  -37.253  72.151 0.0000000000
94773  -51.807  -37.174  71.488 0.0000000000
94774  -52.300  -36.927  71.273 0.0000000000
97604  -52.650  -35.495  71.218 0.0000000000
100204  -52.560  -34.492  71.056 0.0000000000
98830  -47.912  -35.530  72.694 0.0000000000
100178  -48.804  -35.254  72.432 0.0000000000
101649  -49.691  -34.110  71.096 0.0000000000
68421  -24.130  -51.242  81.878 0.0000000000
69896  -25.177  -50.560  81.520 0.0000000000
69960  -31.736  -50.295  78.501 0.0000000000
76585  -28.235  -47.385  82.871 0.0000000000
73913  -29.262  -48.474  82.500 0.0000000000
73925  -30.002  -48.686  81.728 0.0000000000
73966  -31.723  -48.823  79.729 0.0000000000
76666  -35.134  -46.992  79.353 0.0000000000
76655  -36.120  -46.049  79.609 0.0000000000
84046  -37.145  -43.167  81.453 0.0000000000
85525  -38.075  -42.949  81.018 0.0000000000
82508  -37.878  -43.963  81.532 0.0000000000
80931  -39.315  -44.191  80.892 0.0000000000
80962  -39.935  -44.385  79.777 0.0000000000
84110  -42.712  -42.655  78.672 0.0000000000
92969  -42.654  -39.301  77.131 0.0000000000
92933  -43.545  -39.368  77.506 0.0000000000
89925  -44.840  -40.174  76.964 0.0000000000
92952  -45.147  -38.877  76.596 0.0000000000
89935  -45.351  -39.568  76.408 0.0000000000
88536  -44.789  -40.684  76.259 0.0000000000
87138  -45.182  -41.234  75.142 0.0000000000
85696  -45.183  -42.146  74.132 0.0000000000
84290  -47.984  -42.379  71.122 0.0000000000
89989  -47.217  -39.926  72.124 0.0000000000
85751  -48.251  -41.690  71.212 0.0000000000
82724  -49.064  -42.522  70.727 0.0000000000
84327  -49.679  -42.086  70.370 0.0000000000
66961  -23.517  -52.159  83.460 0.0000000000
101675  -54.333  -33.505  69.271 0.0000000000
100249  -55.288  -34.003  68.582 0.0000000000
98935  -55.470  -34.326  67.473 0.0000000000
104598  -55.286  -32.275  67.387 0.0000000000
101747  -55.811  -33.244  66.810 0.0000000000
98970  -54.722  -34.374  66.350 0.0000000000
112682  -49.594  -26.983  66.557 0.0000000000
114093  -50.296  -26.457  68.002 0.0000000000
122429  -51.238  -21.514  66.010 0.0000000000
121036  -49.809  -22.241  65.660 0.0000000000
118394  -49.745  -24.044  67.144 0.0000000000
115590  -50.547  -25.309  68.603 0.0000000000
112630  -51.438  -26.942  69.368 0.0000000000
112632  -52.514  -26.577  69.571 0.0000000000
67009  -23.299  -52.377  80.024 0.0000000000
97556  -48.261  -36.237  74.841 0.0000000000
97557  -48.646  -36.288  74.366 0.0000000000
98798  -48.464  -35.720  74.383 0.0000000000
89921  -40.551  -41.184  77.162 0.0000000000
91386  -41.725  -40.350  77.619 0.0000000000
91407  -41.753  -40.307  77.003 0.0000000000
97539  -47.938  -36.068  75.279 0.0000000000
96206  -47.676  -36.342  75.632 0.0000000000
96218  -48.398  -36.763  74.676 0.0000000000
101654  -52.775  -33.593  70.216 0.0000000000
101635  -53.238  -33.746  70.570 0.0000000000
108549  -51.743  -28.935  68.448 0.0000000000
109916  -51.934  -28.595  69.122 0.0000000000
108551  -52.685  -28.630  68.578 0.0000000000
109909  -52.164  -27.941  69.297 0.0000000000
119696  -56.658  -22.974  64.974 0.0000000000
119685  -56.291  -23.224  65.614 0.0000000000
125099  -57.368  -20.750  61.141 0.0000000000
123870  -57.402  -21.109  61.865 0.0000000000
123861  -57.170  -21.533  62.421 0.0000000000
123871  -57.803  -21.400  61.759 0.0000000000
123863  -58.138  -22.021  61.968 0.0000000000
123872  -58.414  -21.662  61.400 0.0000000000
89994  -50.406  -39.290  71.459 0.0000000000
98833  -50.669  -35.518  72.436 0.0000000000
97590  -51.018  -35.917  72.435 0.0000000000
100158  -50.874  -35.065  72.156 0.0000000000
100181  -51.140  -34.902  71.891 0.0000000000
101597  -50.582  -34.719  72.066 0.0000000000
69840  -24.301  -51.094  84.244 0.0000000000
69841  -24.986  -50.791  83.851 0.0000000000
72537  -29.203  -49.423  83.440 0.0000000000
71228  -29.336  -49.744  83.124 0.0000000000
75228  -33.028  -47.002  81.261 0.0000000000
75227  -32.338  -47.229  81.265 0.0000000000
75245  -32.945  -47.193  81.055 0.0000000000
76631  -33.467  -47.198  80.937 0.0000000000
76632  -33.740  -47.001  80.951 0.0000000000
80919  -36.859  -44.693  81.470 0.0000000000
79451  -36.574  -45.025  80.712 0.0000000000
79441  -36.815  -44.977  81.099 0.0000000000
79442  -37.453  -45.004  80.915 0.0000000000
80920  -37.641  -44.598  81.302 0.0000000000
87058  -40.996  -41.897  80.153 0.0000000000
87042  -40.550  -42.051  80.508 0.0000000000
85558  -40.897  -42.307  80.554 0.0000000000
84073  -40.643  -42.833  80.698 0.0000000000
84087  -41.197  -42.588  80.289 0.0000000000
82544  -41.574  -43.026  79.513 0.0000000000
84088  -41.700  -42.553  79.773 0.0000000000
87098  -44.176  -41.090  77.382 0.0000000000
87107  -43.822  -41.813  77.439 0.0000000000
87108  -44.153  -41.358  77.056 0.0000000000
85646  -44.277  -41.881  76.665 0.0000000000
87117  -44.494  -41.334  76.435 0.0000000000
94649  -43.869  -38.719  76.297 0.0000000000
94650  -44.588  -38.236  76.090 0.0000000000
89955  -46.180  -39.352  75.239 0.0000000000
89963  -46.146  -39.851  73.931 0.0000000000
88563  -45.782  -40.489  74.171 0.0000000000
88580  -46.233  -40.673  72.958 0.0000000000
88573  -46.327  -39.962  73.270 0.0000000000
91504  -49.418  -38.685  72.021 0.0000000000
89992  -49.099  -39.445  71.849 0.0000000000
89993  -49.708  -39.312  71.651 0.0000000000
88593  -49.866  -39.883  71.313 0.0000000000
69824  -24.204  -50.589  84.920 0.0000000000
68373  -24.072  -51.311  84.778 0.0000000000
93195  -52.585  -38.281  70.003 0.0000000000
91538  -52.412  -38.660  69.632 0.0000000000
93196  -52.905  -37.953  69.611 0.0000000000
96300  -54.168  -35.939  67.513 0.0000000000
96299  -53.813  -36.270  67.418 0.0000000000
97649  -54.147  -35.627  66.974 0.0000000000
97662  -53.970  -35.483  66.634 0.0000000000
104617  -53.039  -32.078  67.032 0.0000000000
104578  -53.918  -32.386  67.752 0.0000000000
104595  -53.557  -32.127  67.478 0.0000000000
122485  -51.815  -21.411  63.916 0.0000000000
120973  -53.719  -22.351  68.990 0.0000000000
120972  -53.069  -22.130  69.162 0.0000000000
119611  -52.348  -23.267  69.342 0.0000000000
93087  -49.928  -37.740  72.716 0.0000000000
94726  -49.623  -37.086  73.442 0.0000000000
97574  -49.480  -36.167  73.413 0.0000000000
96231  -49.834  -36.583  73.292 0.0000000000
98815  -49.650  -35.691  73.078 0.0000000000
100145  -49.357  -35.413  72.935 0.0000000000
72499  -25.039  -49.976  84.184 0.0000000000
89903  -40.535  -41.017  78.807 0.0000000000
89888  -40.435  -41.022  79.029 0.0000000000
89875  -40.498  -41.107  79.533 0.0000000000
89877  -41.078  -40.893  79.516 0.0000000000
89878  -41.250  -40.957  79.334 0.0000000000
89890  -41.489  -40.848  79.175 0.0000000000
91343  -42.825  -39.816  78.395 0.0000000000
91323  -43.058  -40.554  78.617 0.0000000000
91344  -43.161  -40.050  78.256 0.0000000000
91345  -43.552  -40.238  78.064 0.0000000000
96191  -45.298  -37.297  75.535 0.0000000000
97520  -45.944  -36.667  75.973 0.0000000000
94671  -47.451  -37.300  75.518 0.0000000000
94670  -46.844  -37.600  75.664 0.0000000000
93009  -47.438  -38.090  75.108 0.0000000000
91465  -47.800  -38.526  74.239 0.0000000000
93030  -47.848  -38.182  74.722 0.0000000000
93032  -48.958  -37.572  74.132 0.0000000000
93056  -48.674  -38.146  73.808 0.0000000000
91483  -48.991  -38.217  72.943 0.0000000000
72497  -24.391  -49.247  85.164 0.0000000000
72489  -24.252  -49.780  85.023 0.0000000000
97612  -53.055  -35.730  70.874 0.0000000000
97613  -53.549  -35.425  70.412 0.0000000000
98891  -54.340  -35.075  69.594 0.0000000000
97627  -54.512  -35.535  68.819 0.0000000000
98892  -54.680  -34.707  69.158 0.0000000000
107271  -52.625  -30.264  66.962 0.0000000000
108576  -53.308  -30.327  66.873 0.0000000000
107299  -54.049  -30.677  65.906 0.0000000000
108591  -53.133  -29.685  66.182 0.0000000000
123817  -54.990  -21.233  65.144 0.0000000000
122452  -54.226  -21.204  65.622 0.0000000000
123806  -54.944  -21.278  65.667 0.0000000000
122394  -54.555  -22.192  68.058 0.0000000000
96228  -45.953  -36.572  73.694 0.0000000000
107286  -51.504  -30.065  66.647 0.0000000000
111336  -49.792  -28.187  66.394 0.0000000000
109951  -50.158  -28.625  66.950 0.0000000000
109937  -50.251  -28.407  67.432 0.0000000000
111328  -49.930  -27.797  66.883 0.0000000000
123867  -55.489  -20.807  62.168 0.0000000000
122550  -54.481  -21.127  62.056 0.0000000000
122529  -53.828  -21.244  62.723 0.0000000000
122530  -54.461  -21.097  62.762 0.0000000000
122508  -54.506  -21.152  63.422 0.0000000000
123844  -55.616  -21.119  63.267 0.0000000000
123847  -56.744  -22.081  62.899 0.0000000000
123831  -56.184  -21.980  63.353 0.0000000000
121058  -56.747  -23.047  63.926 0.0000000000
121059  -57.126  -22.947  63.377 0.0000000000
118453  -57.869  -23.535  63.075 0.0000000000
121070  -57.665  -22.900  62.951 0.0000000000
119741  -58.996  -23.264  61.796 0.0000000000
122569  -59.603  -21.807  60.135 0.0000000000
122553  -59.327  -22.077  60.713 0.0000000000
121104  -60.030  -22.393  60.307 0.0000000000
117216  -59.691  -23.824  59.196 0.0000000000
117209  -59.516  -23.769  59.949 0.0000000000
87256  -50.453  -40.873  69.198 0.0000000000
88625  -50.836  -40.575  69.635 0.0000000000
87240  -50.859  -40.447  70.078 0.0000000000
91512  -50.966  -38.480  71.327 0.0000000000
91525  -51.913  -38.703  70.571 0.0000000000
93088  -50.525  -37.239  72.599 0.0000000000
93089  -50.947  -37.033  72.414 0.0000000000
96243  -51.739  -36.009  72.194 0.0000000000
96251  -51.594  -36.604  72.176 0.0000000000
94761  -52.039  -36.798  71.704 0.0000000000
96258  -52.279  -36.567  71.588 0.0000000000
96259  -52.654  -36.255  71.294 0.0000000000
96253  -52.459  -35.893  71.611 0.0000000000
101615  -51.684  -34.553  71.249 0.0000000000
100183  -52.072  -34.740  71.383 0.0000000000
68412  -24.154  -51.283  82.522 0.0000000000
69895  -24.572  -50.767  81.374 0.0000000000
69873  -24.526  -50.843  82.600 0.0000000000
69875  -25.759  -50.504  82.718 0.0000000000
69844  -27.206  -50.700  84.395 0.0000000000
68382  -27.781  -51.088  84.177 0.0000000000
68480  -30.231  -50.865  79.246 0.0000000000
69948  -30.516  -50.696  79.108 0.0000000000
68504  -31.133  -51.248  77.881 0.0000000000
69949  -31.018  -50.399  78.916 0.0000000000
75197  -28.692  -47.794  82.707 0.0000000000
75208  -28.687  -48.134  82.617 0.0000000000
73926  -30.864  -48.308  81.120 0.0000000000
73927  -31.201  -48.070  81.082 0.0000000000
75278  -32.511  -47.946  80.307 0.0000000000
73952  -32.117  -48.198  80.240 0.0000000000
73967  -32.023  -48.619  79.738 0.0000000000
72580  -32.206  -49.229  79.022 0.0000000000
72581  -32.673  -49.008  79.040 0.0000000000
72589  -32.971  -49.244  78.297 0.0000000000
75281  -34.211  -47.389  80.002 0.0000000000
75297  -34.323  -47.613  79.478 0.0000000000
76665  -34.730  -47.219  79.559 0.0000000000
75314  -34.877  -47.459  78.830 0.0000000000
78042  -36.237  -45.561  80.266 0.0000000000
78041  -35.584  -46.099  80.226 0.0000000000
78052  -35.880  -45.983  79.992 0.0000000000
76656  -36.562  -45.771  79.627 0.0000000000
78054  -37.114  -45.385  79.735 0.0000000000
79463  -38.084  -45.064  80.135 0.0000000000
79475  -37.875  -45.086  79.878 0.0000000000
79476  -38.459  -45.030  79.641 0.0000000000
79488  -38.686  -45.020  79.180 0.0000000000
79465  -38.938  -44.895  79.941 0.0000000000
85544  -39.272  -42.711  81.351 0.0000000000
87024  -38.454  -42.555  80.646 0.0000000000
85543  -38.592  -42.937  81.138 0.0000000000
84060  -38.206  -43.430  81.409 0.0000000000
82509  -38.629  -44.050  81.424 0.0000000000
82510  -39.196  -43.637  81.387 0.0000000000
80963  -40.532  -43.753  80.073 0.0000000000
80945  -39.890  -43.929  80.487 0.0000000000
82561  -42.037  -43.162  78.495 0.0000000000
82573  -41.929  -43.408  77.941 0.0000000000
85592  -42.748  -41.955  78.732 0.0000000000
85601  -42.633  -42.285  78.829 0.0000000000
85602  -43.016  -42.237  78.563 0.0000000000
92968  -42.323  -39.558  77.020 0.0000000000
92987  -42.269  -39.407  76.618 0.0000000000
94615  -44.318  -38.936  76.876 0.0000000000
92950  -43.672  -39.036  77.048 0.0000000000
92934  -44.108  -39.341  77.138 0.0000000000
89924  -44.356  -40.030  77.328 0.0000000000
91389  -44.472  -39.653  77.145 0.0000000000
94635  -45.935  -38.171  76.300 0.0000000000
94634  -45.454  -38.253  76.435 0.0000000000
92953  -45.685  -38.672  76.458 0.0000000000
89944  -45.551  -39.920  75.384 0.0000000000
89934  -45.240  -40.055  76.090 0.0000000000
87128  -44.867  -41.294  75.836 0.0000000000
87159  -45.703  -41.143  73.708 0.0000000000
85712  -45.350  -41.725  74.001 0.0000000000
85723  -45.326  -42.276  73.551 0.0000000000
87199  -46.842  -41.480  71.787 0.0000000000
85750  -47.636  -41.768  71.360 0.0000000000
89982  -47.413  -39.131  73.007 0.0000000000
89990  -47.746  -39.545  72.284 0.0000000000
87183  -48.814  -40.587  71.562 0.0000000000
88602  -48.389  -40.504  71.676 0.0000000000
87202  -48.596  -40.916  71.472 0.0000000000
85752  -48.824  -41.632  71.071 0.0000000000
84310  -49.357  -42.170  70.642 0.0000000000
85753  -49.356  -41.649  70.950 0.0000000000
87239  -50.399  -41.088  69.879 0.0000000000
68392  -24.045  -51.393  83.758 0.0000000000
68391  -23.747  -51.806  84.087 0.0000000000
68401  -23.771  -51.751  83.593 0.0000000000
68420  -23.734  -51.759  82.390 0.0000000000
94808  -53.645  -36.742  69.242 0.0000000000
94820  -53.221  -37.558  69.223 0.0000000000
93220  -53.355  -37.372  68.337 0.0000000000
101674  -53.570  -33.436  69.188 0.0000000000
103135  -54.872  -33.008  68.366 0.0000000000
103122  -54.819  -33.379  68.713 0.0000000000
101699  -55.486  -33.380  68.474 0.0000000000
100262  -55.478  -34.258  68.146 0.0000000000
100263  -55.884  -33.979  67.771 0.0000000000
107259  -53.871  -30.879  67.268 0.0000000000
106010  -54.494  -31.745  67.456 0.0000000000
106011  -54.863  -31.916  67.311 0.0000000000
103177  -55.470  -32.689  66.604 0.0000000000
100309  -55.125  -33.636  66.262 0.0000000000
98971  -55.064  -33.975  66.473 0.0000000000
98993  -54.621  -34.090  65.859 0.0000000000
112667  -50.103  -26.959  67.540 0.0000000000
114092  -50.044  -26.094  67.606 0.0000000000
122431  -52.722  -21.209  66.275 0.0000000000
122449  -51.912  -21.297  65.404 0.0000000000
122430  -51.987  -21.334  66.164 0.0000000000
121002  -51.047  -22.247  67.404 0.0000000000
121022  -50.498  -22.074  66.584 0.0000000000
119672  -50.518  -22.542  67.203 0.0000000000
121021  -49.986  -22.566  66.396 0.0000000000
119671  -50.098  -23.016  66.943 0.0000000000
118408  -49.690  -23.496  66.681 0.0000000000
119651  -50.215  -23.482  67.424 0.0000000000
116989  -51.408  -24.766  69.575 0.0000000000
117019  -50.778  -24.619  68.785 0.0000000000
115578  -51.001  -25.154  69.231 0.0000000000
114066  -50.853  -25.873  68.978 0.0000000000
114052  -51.709  -25.891  69.986 0.0000000000
112631  -51.958  -26.465  69.777 0.0000000000
112624  -52.362  -26.141  70.005 0.0000000000
94708  -49.168  -37.200  73.944 0.0000000000
97573  -49.043  -36.252  73.897 0.0000000000
98814  -49.025  -35.642  73.484 0.0000000000
89904  -41.090  -40.738  78.600 0.0000000000
91320  -41.976  -40.095  79.093 0.0000000000
91340  -41.582  -40.349  78.623 0.0000000000
91365  -41.949  -39.958  78.031 0.0000000000
92931  -42.828  -39.648  78.158 0.0000000000
97537  -46.476  -36.311  75.615 0.0000000000
97522  -46.745  -36.461  76.042 0.0000000000
96195  -47.678  -37.005  75.594 0.0000000000
94672  -47.826  -37.189  75.390 0.0000000000
94691  -48.169  -37.325  74.955 0.0000000000
94707  -48.670  -37.255  74.392 0.0000000000
100205  -53.154  -34.219  70.798 0.0000000000
98864  -53.507  -34.692  70.641 0.0000000000
100221  -53.897  -33.926  70.479 0.0000000000
100222  -54.416  -33.951  69.853 0.0000000000
108558  -51.679  -29.056  67.701 0.0000000000
108559  -52.194  -29.037  67.778 0.0000000000
108560  -52.730  -28.790  67.905 0.0000000000
108561  -52.906  -28.742  67.469 0.0000000000
109927  -53.088  -28.218  68.020 0.0000000000
109919  -53.161  -27.750  68.683 0.0000000000
123808  -55.851  -22.004  65.429 0.0000000000
122454  -55.856  -22.227  65.683 0.0000000000
121024  -55.880  -22.952  66.295 0.0000000000
123868  -56.087  -20.829  61.998 0.0000000000
123859  -56.187  -20.995  62.562 0.0000000000
123845  -56.126  -21.230  63.228 0.0000000000
123848  -57.283  -22.228  62.632 0.0000000000
122511  -57.649  -22.491  62.636 0.0000000000
122532  -57.987  -22.188  62.214 0.0000000000
122533  -58.401  -22.348  61.966 0.0000000000
121094  -58.957  -22.764  61.547 0.0000000000
121119  -60.376  -22.322  59.460 0.0000000000
121105  -60.338  -22.665  59.893 0.0000000000
119763  -60.196  -22.906  59.510 0.0000000000
118512  -59.925  -23.322  58.948 0.0000000000
114287  -60.331  -25.667  58.545 0.0000000000
88613  -51.021  -39.924  70.474 0.0000000000
88603  -50.631  -39.951  70.840 0.0000000000
96241  -50.762  -36.413  72.591 0.0000000000
94746  -50.922  -36.790  72.544 0.0000000000
97591  -51.503  -35.771  72.256 0.0000000000
97598  -51.912  -35.664  72.066 0.0000000000
98835  -51.613  -35.311  72.068 0.0000000000
100182  -51.564  -34.899  71.738 0.0000000000
101632  -51.219  -34.249  71.003 0.0000000000
69851  -24.415  -50.959  83.685 0.0000000000
69862  -24.405  -50.931  83.102 0.0000000000
69863  -24.897  -50.625  83.258 0.0000000000
69864  -25.749  -50.504  83.178 0.0000000000
69865  -26.590  -50.585  83.149 0.0000000000
71252  -30.436  -49.471  80.440 0.0000000000
75243  -31.530  -47.897  80.982 0.0000000000
75262  -32.248  -47.804  80.592 0.0000000000
75279  -32.895  -47.777  80.300 0.0000000000
73954  -33.131  -47.884  79.998 0.0000000000
75264  -33.606  -47.377  80.604 0.0000000000
76644  -33.936  -47.171  80.584 0.0000000000
78043  -36.798  -45.326  80.202 0.0000000000
79462  -37.345  -45.143  80.238 0.0000000000
80942  -38.250  -45.023  80.455 0.0000000000
80943  -38.329  -44.868  80.541 0.0000000000
88462  -39.450  -41.930  80.328 0.0000000000
88461  -38.811  -41.925  80.228 0.0000000000
87040  -39.688  -42.079  80.588 0.0000000000
87026  -39.600  -42.456  81.086 0.0000000000
84072  -40.105  -43.070  81.102 0.0000000000
82511  -39.666  -43.461  81.229 0.0000000000
82553  -41.662  -43.147  79.008 0.0000000000
82554  -42.194  -42.924  78.756 0.0000000000
87089  -43.300  -41.543  78.214 0.0000000000
85603  -43.404  -42.008  78.215 0.0000000000
87096  -43.623  -41.862  77.872 0.0000000000
85630  -43.963  -42.250  77.481 0.0000000000
84163  -44.845  -42.571  75.704 0.0000000000
92988  -42.843  -39.101  76.241 0.0000000000
92970  -43.267  -38.978  76.624 0.0000000000
92989  -43.540  -38.875  75.952 0.0000000000
94632  -44.112  -38.797  76.647 0.0000000000
91428  -46.397  -38.811  75.791 0.0000000000
91410  -45.873  -39.072  76.316 0.0000000000
88554  -45.438  -40.515  74.882 0.0000000000
87168  -46.038  -41.171  72.925 0.0000000000
87181  -46.515  -41.096  72.204 0.0000000000
87182  -46.993  -40.724  71.916 0.0000000000
91494  -48.637  -38.588  72.688 0.0000000000
89991  -48.498  -39.561  72.056 0.0000000000
87185  -49.550  -40.490  71.277 0.0000000000
87204  -49.813  -41.012  71.008 0.0000000000
87186  -49.950  -40.359  71.083 0.0000000000
87205  -50.272  -40.496  70.859 0.0000000000
68365  -23.877  -51.148  85.708 0.0000000000
66915  -24.082  -51.592  85.880 0.0000000000
66925  -24.079  -51.779  85.311 0.0000000000
68380  -24.091  -51.354  84.281 0.0000000000
94832  -53.667  -36.875  68.252 0.0000000000
94847  -53.531  -36.754  67.712 0.0000000000
101716  -53.063  -32.955  67.835 0.0000000000
101697  -53.343  -33.178  68.344 0.0000000000
103133  -53.729  -32.752  67.948 0.0000000000
107275  -54.636  -31.354  66.662 0.0000000000
106041  -54.927  -31.739  66.510 0.0000000000
122391  -52.875  -21.378  67.807 0.0000000000
122406  -52.100  -21.406  66.907 0.0000000000
120987  -52.308  -21.708  68.289 0.0000000000
120986  -51.638  -22.248  68.158 0.0000000000
119637  -51.593  -22.754  68.514 0.0000000000
118374  -50.804  -23.471  68.080 0.0000000000
119625  -51.821  -23.162  68.847 0.0000000000
118328  -52.012  -23.714  69.591 0.0000000000
116970  -52.065  -24.725  70.331 0.0000000000
114040  -52.700  -25.704  70.236 0.0000000000
125100  -57.625  -20.784  61.293 0.0000000000
123881  -58.625  -21.288  60.896 0.0000000000
125114  -58.508  -20.946  60.929 0.0000000000
125128  -58.928  -20.864  60.376 0.0000000000
123891  -59.372  -21.175  59.953 0.0000000000
125139  -59.177  -20.465  59.739 0.0000000000
122587  -59.905  -21.561  59.529 0.0000000000
122603  -60.288  -21.731  58.992 0.0000000000
93114  -49.790  -38.163  72.248 0.0000000000
93059  -50.282  -37.069  72.884 0.0000000000
94727  -50.104  -36.907  73.082 0.0000000000
96232  -50.262  -36.490  72.895 0.0000000000
98816  -50.131  -35.634  72.695 0.0000000000
100157  -50.252  -35.104  72.414 0.0000000000
69831  -25.008  -50.356  84.346 0.0000000000
69842  -25.903  -50.398  83.930 0.0000000000
69832  -25.895  -50.168  84.030 0.0000000000
69833  -26.759  -50.269  84.378 0.0000000000
71198  -28.196  -50.031  84.624 0.0000000000
72529  -28.768  -49.501  84.132 0.0000000000
73889  -28.933  -48.844  83.765 0.0000000000
73902  -29.038  -48.862  83.431 0.0000000000
82506  -36.690  -44.378  81.824 0.0000000000
88477  -40.184  -41.439  79.966 0.0000000000
88478  -40.624  -41.580  80.003 0.0000000000
87059  -41.427  -41.813  79.836 0.0000000000
85576  -41.470  -42.005  79.989 0.0000000000
87060  -41.979  -41.762  79.594 0.0000000000
87075  -42.319  -41.657  79.085 0.0000000000
88494  -42.660  -41.105  78.869 0.0000000000
91321  -42.073  -40.064  78.656 0.0000000000
89892  -42.467  -40.892  78.613 0.0000000000
88495  -43.124  -40.991  78.593 0.0000000000
88508  -43.570  -40.989  78.316 0.0000000000
88509  -44.007  -40.894  77.953 0.0000000000
88518  -44.270  -40.873  77.563 0.0000000000
96177  -44.957  -37.782  75.668 0.0000000000
94651  -45.182  -38.033  76.286 0.0000000000
96178  -45.275  -37.736  76.263 0.0000000000
96179  -45.676  -37.693  76.144 0.0000000000
94653  -46.308  -37.919  76.007 0.0000000000
92990  -46.582  -38.210  75.902 0.0000000000
91464  -47.085  -38.828  74.303 0.0000000000
89972  -46.724  -39.407  73.487 0.0000000000
91480  -47.372  -38.904  73.825 0.0000000000
91481  -47.845  -38.738  73.534 0.0000000000
93113  -49.433  -38.278  72.339 0.0000000000
71177  -24.021  -50.076  85.142 0.0000000000
71178  -24.168  -50.164  85.002 0.0000000000
94790  -52.914  -37.061  70.305 0.0000000000
93170  -52.915  -37.501  69.987 0.0000000000
96274  -53.272  -36.699  70.030 0.0000000000
96275  -53.662  -36.304  69.669 0.0000000000
97621  -54.002  -35.513  69.789 0.0000000000
96283  -54.406  -35.811  68.455 0.0000000000
97633  -54.723  -35.461  68.197 0.0000000000
97634  -54.994  -35.043  67.888 0.0000000000
106026  -52.778  -31.122  66.913 0.0000000000
106008  -53.313  -31.484  67.138 0.0000000000
106027  -53.082  -30.888  67.025 0.0000000000
107273  -53.606  -30.817  67.209 0.0000000000
107274  -54.169  -31.116  66.972 0.0000000000
107289  -54.333  -30.952  66.420 0.0000000000
122487  -53.239  -21.334  64.105 0.0000000000
122468  -52.587  -21.344  64.769 0.0000000000
122469  -53.315  -21.280  64.836 0.0000000000
122451  -53.405  -21.216  65.588 0.0000000000
122432  -53.433  -21.209  66.360 0.0000000000
123796  -55.296  -21.604  66.400 0.0000000000
123778  -54.905  -21.574  66.886 0.0000000000
122408  -53.497  -21.303  67.138 0.0000000000
122393  -54.418  -21.588  68.068 0.0000000000
122379  -54.233  -22.074  68.584 0.0000000000
97555  -47.282  -35.852  74.577 0.0000000000
97572  -47.361  -35.755  73.841 0.0000000000
97587  -46.888  -35.944  73.538 0.0000000000
94704  -44.189  -38.066  74.621 0.0000000000
94688  -44.906  -37.528  74.678 0.0000000000
96204  -45.247  -37.130  74.861 0.0000000000
96217  -46.402  -36.074  74.427 0.0000000000
101694  -51.574  -33.470  69.148 0.0000000000
101673  -52.863  -33.494  69.472 0.0000000000
101714  -52.201  -33.323  68.108 0.0000000000
103161  -52.634  -32.311  66.958 0.0000000000
104633  -52.451  -31.854  66.712 0.0000000000
104615  -52.415  -31.344  66.678 0.0000000000
106025  -52.324  -30.864  66.715 0.0000000000
107269  -51.741  -29.894  66.795 0.0000000000
108572  -51.589  -29.440  66.993 0.0000000000
108571  -50.978  -29.139  67.139 0.0000000000
108557  -51.125  -29.006  67.698 0.0000000000
109925  -50.716  -28.661  68.269 0.0000000000
111299  -50.531  -27.759  68.467 0.0000000000
122528  -53.144  -21.371  62.667 0.0000000000
122506  -53.185  -21.352  63.385 0.0000000000
122488  -53.936  -21.265  64.128 0.0000000000
122489  -54.595  -21.207  64.076 0.0000000000
123818  -55.306  -21.222  64.914 0.0000000000
123829  -56.006  -21.456  63.999 0.0000000000
123819  -55.884  -21.725  64.826 0.0000000000
122473  -56.074  -22.200  64.268 0.0000000000
122474  -56.255  -22.661  64.537 0.0000000000
117108  -57.002  -24.011  63.863 0.0000000000
118454  -58.344  -23.654  62.711 0.0000000000
123873  -58.885  -21.886  60.971 0.0000000000
121095  -59.438  -22.608  60.964 0.0000000000
119742  -59.369  -23.130  61.214 0.0000000000
119754  -60.189  -22.994  60.127 0.0000000000
118498  -59.863  -23.401  60.351 0.0000000000
90019  -51.612  -39.394  69.699 0.0000000000
90020  -51.955  -38.959  69.981 0.0000000000
93141  -50.799  -38.126  71.601 0.0000000000
93142  -51.237  -37.706  71.536 0.0000000000
94747  -51.282  -36.848  72.332 0.0000000000
94760  -51.587  -36.953  71.941 0.0000000000
94789  -52.471  -37.226  70.752 0.0000000000
94775  -52.728  -36.759  70.848 0.0000000000
98852  -52.343  -35.034  71.312 0.0000000000
98863  -52.860  -34.815  70.939 0.0000000000
101653  -52.094  -33.622  70.420 0.0000000000
98812  -47.900  -35.561  73.381 0.0000000000
98831  -48.486  -35.420  72.863 0.0000000000
98850  -48.393  -35.293  72.288 0.0000000000
100155  -49.010  -35.370  72.783 0.0000000000
100179  -49.247  -34.909  72.214 0.0000000000
101611  -49.514  -34.538  71.954 0.0000000000
101612  -49.851  -34.390  71.907 0.0000000000
101630  -49.895  -34.034  71.425 0.0000000000
68446  -23.723  -51.783  80.973 0.0000000000
68433  -24.127  -51.250  81.182 0.0000000000
69909  -24.533  -50.741  80.662 0.0000000000
69854  -26.584  -50.529  83.651 0.0000000000
73900  -28.517  -48.416  82.954 0.0000000000
73901  -28.921  -48.730  83.178 0.0000000000
72562  -30.783  -49.122  80.460 0.0000000000
73938  -31.395  -48.120  80.692 0.0000000000
72563  -31.152  -49.145  80.090 0.0000000000
71262  -31.607  -49.325  79.391 0.0000000000
73970  -33.817  -48.067  79.378 0.0000000000
78040  -35.005  -46.277  80.513 0.0000000000
78051  -35.360  -46.331  80.150 0.0000000000
76654  -35.511  -46.480  79.736 0.0000000000
78055  -37.772  -45.219  79.446 0.0000000000
85507  -36.420  -43.049  82.008 0.0000000000
84058  -37.106  -43.703  81.787 0.0000000000
87023  -37.994  -42.385  80.615 0.0000000000
85524  -37.527  -43.079  81.125 0.0000000000
84059  -37.451  -43.505  81.425 0.0000000000
80921  -38.139  -44.259  81.352 0.0000000000
80930  -38.509  -44.457  81.011 0.0000000000
80944  -39.128  -44.632  80.382 0.0000000000
80932  -39.637  -43.860  80.837 0.0000000000
80961  -39.336  -44.744  79.929 0.0000000000
84089  -42.099  -42.421  79.373 0.0000000000
84100  -42.299  -42.767  78.873 0.0000000000
82562  -42.696  -43.096  78.379 0.0000000000
84123  -43.506  -42.772  78.310 0.0000000000
82563  -43.347  -43.143  78.200 0.0000000000
82575  -43.100  -43.416  77.923 0.0000000000
91408  -42.064  -39.963  76.988 0.0000000000
91409  -42.337  -39.698  77.328 0.0000000000
92948  -42.950  -39.502  77.901 0.0000000000
92949  -43.220  -39.116  77.324 0.0000000000
91368  -43.453  -39.697  77.859 0.0000000000
91369  -43.817  -39.930  77.599 0.0000000000
89915  -44.220  -40.415  77.532 0.0000000000
89916  -44.443  -40.563  77.322 0.0000000000
91391  -45.376  -39.199  76.573 0.0000000000
91390  -44.956  -39.426  76.832 0.0000000000
88528  -44.510  -40.854  76.776 0.0000000000
85681  -45.009  -41.938  75.439 0.0000000000
85697  -45.159  -41.911  74.630 0.0000000000
89981  -46.983  -39.677  72.571 0.0000000000
88589  -47.474  -40.399  71.859 0.0000000000
88590  -48.147  -40.146  71.843 0.0000000000
88601  -48.032  -40.669  71.659 0.0000000000
87201  -47.902  -41.167  71.480 0.0000000000
84341  -49.309  -42.442  69.481 0.0000000000
85768  -49.798  -41.672  70.660 0.0000000000
85785  -49.605  -42.003  69.721 0.0000000000
66972  -23.314  -52.392  82.914 0.0000000000
68432  -23.688  -51.712  81.693 0.0000000000
101656  -54.016  -33.531  69.842 0.0000000000
100234  -54.658  -34.013  69.343 0.0000000000
103120  -53.983  -33.256  68.602 0.0000000000
101676  -54.782  -33.585  69.028 0.0000000000
100235  -54.920  -34.036  68.947 0.0000000000
98905  -55.097  -34.529  68.508 0.0000000000
98918  -55.194  -34.728  67.932 0.0000000000
98934  -55.077  -34.663  67.363 0.0000000000
106009  -53.950  -31.812  67.468 0.0000000000
104580  -54.921  -32.369  67.763 0.0000000000
104581  -55.399  -32.523  67.763 0.0000000000
103163  -55.716  -32.701  67.118 0.0000000000
101733  -56.100  -33.288  67.411 0.0000000000
100276  -55.851  -33.914  67.083 0.0000000000
98952  -55.187  -34.232  66.913 0.0000000000
98951  -54.771  -34.768  66.893 0.0000000000
111327  -49.691  -27.506  66.531 0.0000000000
112683  -49.853  -27.024  67.004 0.0000000000
111312  -50.382  -27.263  68.001 0.0000000000
111289  -51.111  -27.591  69.174 0.0000000000
122467  -51.861  -21.341  64.654 0.0000000000
122448  -51.193  -21.429  65.248 0.0000000000
122447  -50.472  -21.575  65.080 0.0000000000
122405  -51.358  -21.604  66.793 0.0000000000
121037  -50.596  -21.673  65.752 0.0000000000
121047  -49.842  -21.700  64.828 0.0000000000
118393  -49.437  -24.386  66.691 0.0000000000
117058  -49.647  -25.015  67.315 0.0000000000
118356  -50.578  -24.087  68.233 0.0000000000
117036  -49.995  -24.638  67.801 0.0000000000
115604  -49.948  -25.385  67.727 0.0000000000
114079  -50.594  -26.168  68.467 0.0000000000
112642  -50.967  -26.748  68.879 0.0000000000
111281  -51.482  -27.473  69.293 0.0000000000
111282  -51.815  -27.330  69.293 0.0000000000
111284  -52.784  -27.184  69.199 0.0000000000
111291  -53.225  -27.282  68.855 0.0000000000
112633  -52.928  -26.434  69.356 0.0000000000
112643  -53.172  -26.684  68.868 0.0000000000
111300  -53.120  -26.984  68.070 0.0000000000
66997  -23.310  -52.243  81.492 0.0000000000
68383  -28.171  -50.922  84.067 0.0000000000
68411  -23.757  -51.754  83.020 0.0000000000
68491  -30.045  -51.193  79.135 0.0000000000
68493  -30.987  -51.032  78.337 0.0000000000
69825  -24.678  -50.123  84.703 0.0000000000
69876  -26.456  -50.577  82.815 0.0000000000
69883  -24.531  -50.826  81.812 0.0000000000
69950  -31.507  -50.064  78.850 0.0000000000
69959  -31.459  -50.848  78.049 0.0000000000
71179  -24.739  -49.961  84.720 0.0000000000
71180  -25.166  -50.095  84.341 0.0000000000
71187  -25.348  -50.058  84.221 0.0000000000
71188  -26.228  -50.149  84.041 0.0000000000
71212  -28.792  -50.201  84.078 0.0000000000
71220  -29.102  -50.153  83.299 0.0000000000
71221  -29.107  -49.742  83.634 0.0000000000
71227  -29.374  -50.021  82.875 0.0000000000
71242  -30.135  -49.318  80.970 0.0000000000
71253  -30.832  -49.445  80.107 0.0000000000
71261  -31.127  -49.644  79.626 0.0000000000
71268  -31.379  -49.926  79.071 0.0000000000
71269  -31.858  -49.621  78.925 0.0000000000
71270  -32.324  -49.336  78.834 0.0000000000
72488  -24.052  -49.634  85.193 0.0000000000
72490  -24.578  -49.864  84.778 0.0000000000
72491  -24.878  -49.944  84.526 0.0000000000
72496  -23.841  -49.458  85.230 0.0000000000
72498  -24.813  -49.576  84.822 0.0000000000
72507  -24.072  -49.016  85.264 0.0000000000
72512  -28.121  -49.593  84.755 0.0000000000
72522  -28.519  -49.723  84.456 0.0000000000
72530  -28.967  -49.452  83.817 0.0000000000
72570  -31.503  -49.091  79.725 0.0000000000
72571  -32.188  -48.960  79.227 0.0000000000
72572  -32.330  -48.776  79.442 0.0000000000
72590  -33.259  -48.832  78.642 0.0000000000
73842  -24.777  -48.915  85.171 0.0000000000
73872  -27.772  -48.586  83.648 0.0000000000
73886  -28.030  -48.452  83.268 0.0000000000
73888  -28.668  -49.093  83.765 0.0000000000
73899  -28.035  -48.331  83.078 0.0000000000
73912  -28.885  -48.309  82.647 0.0000000000
73950  -30.942  -49.107  80.274 0.0000000000
73968  -32.618  -48.472  79.637 0.0000000000
73969  -33.296  -48.120  79.651 0.0000000000
75207  -28.186  -48.262  82.895 0.0000000000
75211  -32.332  -46.995  81.494 0.0000000000
75212  -33.014  -46.963  81.628 0.0000000000
75222  -29.088  -48.259  82.473 0.0000000000
75261  -31.734  -47.858  80.751 0.0000000000
75296  -33.776  -47.845  79.669 0.0000000000
75298  -34.777  -47.327  79.317 0.0000000000
76586  -29.118  -47.094  82.657 0.0000000000
76643  -33.646  -47.274  80.803 0.0000000000
76652  -34.129  -47.295  80.224 0.0000000000
79453  -37.623  -45.080  80.581 0.0000000000
80946  -40.395  -43.630  80.423 0.0000000000
80978  -41.327  -43.398  79.111 0.0000000000
82502  -36.779  -43.924  81.969 0.0000000000
82517  -39.020  -44.053  81.219 0.0000000000
82518  -39.466  -43.806  81.098 0.0000000000
82519  -39.917  -43.548  80.887 0.0000000000
82533  -41.321  -42.984  80.010 0.0000000000
82739  -49.225  -42.636  70.580 0.0000000000
84045  -36.823  -43.384  81.836 0.0000000000
84061  -38.873  -43.273  81.497 0.0000000000
84099  -41.914  -42.730  79.356 0.0000000000
84111  -43.135  -42.566  78.521 0.0000000000
84122  -43.078  -42.899  78.469 0.0000000000
84145  -44.283  -42.193  76.701 0.0000000000
84204  -45.174  -42.349  73.983 0.0000000000
84292  -48.987  -42.217  70.854 0.0000000000
84309  -49.423  -42.434  70.384 0.0000000000
84326  -49.453  -42.339  70.000 0.0000000000
85542  -37.977  -43.229  81.164 0.0000000000
85545  -39.845  -42.652  81.191 0.0000000000
85591  -42.406  -42.081  79.022 0.0000000000
85615  -43.380  -42.341  78.382 0.0000000000
85616  -43.707  -42.337  78.083 0.0000000000
85631  -44.057  -41.952  77.064 0.0000000000
85711  -45.281  -42.144  73.796 0.0000000000
85786  -49.898  -41.720  70.121 0.0000000000
87011  -37.874  -43.075  80.961 0.0000000000
87041  -39.976  -42.175  80.811 0.0000000000
87076  -42.816  -41.536  78.662 0.0000000000
87077  -43.201  -41.253  78.451 0.0000000000
87090  -43.684  -41.183  78.042 0.0000000000
87106  -43.807  -42.144  77.747 0.0000000000
87169  -46.318  -40.807  72.722 0.0000000000
87184  -49.064  -40.567  71.489 0.0000000000
88449  -38.894  -42.124  80.392 0.0000000000
88450  -39.020  -42.263  80.517 0.0000000000
88463  -40.041  -41.850  80.363 0.0000000000
88480  -41.681  -41.427  79.449 0.0000000000
88493  -42.133  -41.307  79.066 0.0000000000
88507  -40.456  -41.140  78.601 0.0000000000
88588  -46.865  -40.310  72.162 0.0000000000
88600  -47.665  -40.853  71.671 0.0000000000
89876  -40.792  -41.065  79.479 0.0000000000
89905  -43.427  -40.523  78.395 0.0000000000
89922  -40.770  -41.130  77.579 0.0000000000
89926  -45.143  -39.587  76.701 0.0000000000
89933  -41.344  -40.706  76.959 0.0000000000
89971  -46.287  -39.887  73.507 0.0000000000
89995  -50.607  -39.625  71.139 0.0000000000
90001  -50.766  -38.897  71.393 0.0000000000
90009  -51.938  -38.870  70.324 0.0000000000
91319  -41.656  -40.206  78.809 0.0000000000
91322  -42.785  -40.496  78.668 0.0000000000
91341  -41.842  -39.824  78.662 0.0000000000
91364  -41.509  -40.386  77.780 0.0000000000
91366  -42.458  -39.808  78.215 0.0000000000
91367  -42.639  -39.735  78.281 0.0000000000
91388  -42.442  -39.733  77.764 0.0000000000
91495  -49.109  -38.403  72.462 0.0000000000
91502  -48.351  -39.064  72.403 0.0000000000
91514  -52.096  -38.261  70.696 0.0000000000
92912  -43.266  -39.573  78.027 0.0000000000
92932  -43.046  -39.430  78.097 0.0000000000
94614  -43.945  -39.060  77.046 0.0000000000
94669  -44.570  -38.043  75.461 0.0000000000
94689  -47.251  -37.722  75.355 0.0000000000
94690  -47.704  -37.577  75.244 0.0000000000
94821  -53.509  -37.155  68.884 0.0000000000
96162  -45.626  -37.947  76.304 0.0000000000
96163  -45.812  -37.965  76.242 0.0000000000
96180  -46.002  -37.800  76.088 0.0000000000
96192  -45.896  -36.903  76.139 0.0000000000
96203  -45.067  -37.407  74.808 0.0000000000
96229  -46.390  -36.164  73.942 0.0000000000
96290  -54.072  -36.299  68.095 0.0000000000
96313  -53.855  -36.003  67.051 0.0000000000
97521  -46.174  -36.593  76.065 0.0000000000
97536  -46.000  -36.557  75.743 0.0000000000
97553  -46.122  -36.379  75.270 0.0000000000
97554  -46.597  -36.084  74.908 0.0000000000
97599  -52.259  -35.571  71.701 0.0000000000
97626  -54.125  -35.808  69.275 0.0000000000
97641  -54.629  -35.421  67.571 0.0000000000
97642  -54.981  -34.943  67.635 0.0000000000
97648  -53.862  -35.677  66.738 0.0000000000
98790  -48.151  -35.904  74.877 0.0000000000
98797  -47.859  -35.625  74.120 0.0000000000
98832  -48.716  -35.464  73.179 0.0000000000
98893  -54.981  -34.324  68.782 0.0000000000
98917  -54.959  -35.102  68.117 0.0000000000
98919  -55.707  -34.168  67.982 0.0000000000
98933  -54.826  -34.975  67.214 0.0000000000
100154  -48.763  -35.370  72.665 0.0000000000
100156  -49.617  -35.028  72.497 0.0000000000
100159  -51.300  -35.103  72.036 0.0000000000
100180  -49.655  -34.668  72.162 0.0000000000
100250  -55.702  -33.817  68.256 0.0000000000
100291  -55.467  -33.729  66.622 0.0000000000
100308  -54.881  -33.929  66.121 0.0000000000
100332  -54.967  -33.663  66.000 0.0000000000
101598  -51.030  -34.916  72.008 0.0000000000
101613  -50.357  -34.343  71.838 0.0000000000
101698  -55.088  -33.534  68.774 0.0000000000
101717  -55.946  -33.304  68.061 0.0000000000
101758  -55.369  -33.202  66.398 0.0000000000
103121  -54.518  -33.336  68.687 0.0000000000
103147  -53.057  -32.560  67.409 0.0000000000
103148  -55.738  -32.772  67.669 0.0000000000
103162  -52.969  -32.274  67.131 0.0000000000
103176  -52.289  -32.114  66.680 0.0000000000
103188  -55.165  -32.650  66.174 0.0000000000
104596  -54.020  -32.147  67.640 0.0000000000
104597  -55.056  -32.078  67.433 0.0000000000
104616  -52.813  -31.830  66.905 0.0000000000
104632  -52.119  -31.627  66.475 0.0000000000
105992  -54.049  -32.142  67.694 0.0000000000
105993  -54.325  -32.101  67.649 0.0000000000
106007  -53.066  -31.478  67.006 0.0000000000
106028  -54.546  -31.542  67.255 0.0000000000
106029  -55.011  -31.928  66.964 0.0000000000
106040  -51.930  -30.812  66.499 0.0000000000
106061  -54.666  -31.208  65.616 0.0000000000
107287  -51.843  -30.371  66.670 0.0000000000
107290  -54.692  -31.262  66.247 0.0000000000
107300  -54.476  -30.999  65.911 0.0000000000
107301  -54.696  -31.216  66.020 0.0000000000
108556  -50.553  -28.858  67.677 0.0000000000
108590  -51.221  -29.510  66.834 0.0000000000
108592  -53.415  -30.230  66.302 0.0000000000
109908  -51.586  -27.951  69.331 0.0000000000
109911  -52.978  -27.678  68.982 0.0000000000
109912  -53.177  -27.577  69.012 0.0000000000
109917  -52.534  -28.447  69.020 0.0000000000
109918  -52.923  -28.269  68.635 0.0000000000
109924  -50.371  -28.271  68.002 0.0000000000
109926  -52.957  -28.447  68.220 0.0000000000
109960  -49.599  -28.506  66.151 0.0000000000
109961  -49.942  -28.721  66.485 0.0000000000
111283  -52.306  -27.205  69.252 0.0000000000
111285  -53.044  -27.381  69.032 0.0000000000
111290  -53.009  -27.017  69.050 0.0000000000
111298  -50.363  -27.957  68.109 0.0000000000
111301  -53.246  -27.317  68.288 0.0000000000
111313  -53.060  -27.097  67.824 0.0000000000
112623  -52.120  -26.136  70.065 0.0000000000
112625  -52.778  -26.125  69.855 0.0000000000
112644  -53.306  -27.096  68.688 0.0000000000
112654  -50.524  -26.884  68.297 0.0000000000
112656  -53.244  -26.938  68.543 0.0000000000
112668  -50.307  -26.891  67.972 0.0000000000
112848  -60.359  -26.086  58.302 0.0000000000
114039  -52.055  -25.832  70.348 0.0000000000
114051  -51.287  -25.969  69.578 0.0000000000
114078  -50.239  -25.756  68.109 0.0000000000
114252  -59.898  -24.946  58.980 0.0000000000
114268  -60.316  -25.116  58.580 0.0000000000
115550  -51.985  -25.235  70.427 0.0000000000
115551  -52.425  -25.156  70.368 0.0000000000
115564  -51.305  -25.279  69.641 0.0000000000
115589  -50.172  -25.111  68.152 0.0000000000
115658  -56.957  -24.138  63.898 0.0000000000
116971  -52.662  -24.382  70.259 0.0000000000
116990  -51.836  -24.320  69.843 0.0000000000
116991  -52.226  -24.288  70.154 0.0000000000
117005  -51.222  -24.325  69.121 0.0000000000
117006  -51.542  -24.321  69.458 0.0000000000
117018  -50.437  -24.488  68.315 0.0000000000
117057  -49.440  -24.761  66.897 0.0000000000
117065  -56.454  -24.091  65.917 0.0000000000
117080  -56.457  -24.488  65.641 0.0000000000
117095  -56.865  -24.114  64.057 0.0000000000
117126  -58.043  -23.867  63.069 0.0000000000
118316  -53.067  -23.820  70.091 0.0000000000
118329  -52.415  -23.835  69.953 0.0000000000
118330  -52.773  -23.695  70.053 0.0000000000
118343  -51.692  -23.872  69.286 0.0000000000
118357  -50.908  -23.904  68.471 0.0000000000
118373  -50.395  -23.878  67.910 0.0000000000
118409  -56.463  -23.649  65.481 0.0000000000
118421  -56.614  -23.595  64.892 0.0000000000
118422  -56.777  -23.401  64.483 0.0000000000
118434  -56.957  -23.914  64.161 0.0000000000
118435  -57.004  -23.514  63.898 0.0000000000
118436  -57.416  -23.273  63.413 0.0000000000
118452  -57.438  -23.660  63.404 0.0000000000
119610  -51.978  -23.506  69.265 0.0000000000
119624  -51.326  -23.459  68.636 0.0000000000
119636  -51.227  -23.073  68.294 0.0000000000
119673  -56.103  -23.300  66.171 0.0000000000
119686  -56.393  -23.055  65.178 0.0000000000
119695  -56.468  -23.297  65.221 0.0000000000
119705  -56.759  -23.152  64.326 0.0000000000
119718  -57.697  -22.947  63.184 0.0000000000
119719  -57.877  -23.084  62.952 0.0000000000
119729  -58.579  -23.374  62.365 0.0000000000
120957  -52.370  -22.758  69.232 0.0000000000
120970  -51.743  -22.581  68.686 0.0000000000
120971  -52.197  -22.307  68.970 0.0000000000
120985  -51.134  -22.637  67.890 0.0000000000
121004  -54.800  -22.532  67.795 0.0000000000
121038  -56.047  -22.843  65.857 0.0000000000
121039  -56.220  -22.854  65.360 0.0000000000
121048  -56.339  -22.988  64.997 0.0000000000
121071  -58.176  -22.921  62.578 0.0000000000
122377  -52.917  -21.549  68.605 0.0000000000
122380  -54.499  -22.290  68.500 0.0000000000
122390  -52.182  -21.525  67.646 0.0000000000
122392  -53.617  -21.492  67.929 0.0000000000
122409  -54.347  -21.299  67.216 0.0000000000
122433  -53.853  -21.176  66.354 0.0000000000
122435  -55.139  -22.012  66.287 0.0000000000
122437  -55.927  -22.617  65.923 0.0000000000
122453  -54.759  -21.214  65.309 0.0000000000
122456  -56.200  -22.752  65.103 0.0000000000
122471  -54.801  -21.215  64.765 0.0000000000
122472  -54.999  -21.206  64.305 0.0000000000
122490  -55.112  -21.206  63.909 0.0000000000
122491  -56.026  -21.930  63.790 0.0000000000
122492  -56.614  -22.584  63.426 0.0000000000
122493  -57.237  -22.787  63.060 0.0000000000
122509  -55.085  -21.107  63.353 0.0000000000
122512  -58.228  -22.664  62.338 0.0000000000
122531  -55.032  -20.977  62.767 0.0000000000
122551  -55.010  -20.915  62.154 0.0000000000
122588  -60.174  -21.920  59.451 0.0000000000
123795  -54.653  -21.317  66.430 0.0000000000
123797  -55.643  -21.980  65.957 0.0000000000
123798  -55.758  -22.150  65.798 0.0000000000
123809  -55.912  -22.074  65.059 0.0000000000
123820  -56.021  -21.891  64.890 0.0000000000
123878  -55.384  -20.829  61.798 0.0000000000
123879  -55.806  -20.824  61.526 0.0000000000
123903  -59.744  -21.140  59.343 0.0000000000
125102  -58.179  -21.215  61.362 0.0000000000
125113  -58.217  -20.503  60.870 0.0000000000
125115  -58.722  -21.123  60.683 0.0000000000
