#!ascii label  , from subject sub-36 vox2ras=TkReg
660
138339  -27.101  -11.488  6.981 0.0000000000
131919  -22.943  -15.768  7.383 0.0000000000
129581  -30.438  -17.203  7.139 0.0000000000
123393  -25.028  -20.832  6.934 0.0000000000
158824  -29.228  1.938  7.948 0.0000000000
152597  -30.344  -2.474  9.690 0.0000000000
147067  -23.556  -6.600  7.112 0.0000000000
117954  -22.916  -24.459  8.814 0.0000000000
128424  -23.773  -18.007  7.382 0.0000000000
125838  -22.298  -19.625  8.507 0.0000000000
155044  -30.038  -0.580  9.104 0.0000000000
152636  -26.602  -2.125  7.490 0.0000000000
139629  -22.812  -10.773  7.429 0.0000000000
143223  -21.821  -8.507  8.346 0.0000000000
143248  -25.859  -8.729  6.413 0.0000000000
144454  -28.980  -7.561  8.339 0.0000000000
140840  -29.390  -9.798  8.566 0.0000000000
136988  -31.030  -12.381  8.734 0.0000000000
135640  -21.294  -13.251  8.395 0.0000000000
135693  -24.651  -13.270  6.530 0.0000000000
133158  -28.627  -14.262  7.128 0.0000000000
131936  -25.742  -15.958  6.369 0.0000000000
127191  -27.250  -18.542  6.942 0.0000000000
122042  -27.865  -21.578  7.309 0.0000000000
149361  -22.747  -4.623  7.609 0.0000000000
149366  -27.581  -4.537  7.927 0.0000000000
147019  -31.902  -5.643  10.595 0.0000000000
121986  -21.689  -21.866  9.018 0.0000000000
120613  -23.966  -22.633  8.061 0.0000000000
127151  -21.895  -18.882  8.584 0.0000000000
125831  -21.610  -19.690  9.210 0.0000000000
153804  -26.287  -1.380  7.405 0.0000000000
152633  -24.424  -2.089  7.440 0.0000000000
139649  -24.936  -11.001  6.285 0.0000000000
140859  -24.172  -10.059  6.811 0.0000000000
142053  -26.302  -9.807  6.159 0.0000000000
142032  -27.984  -9.234  7.296 0.0000000000
139631  -28.412  -10.600  7.681 0.0000000000
138301  -30.756  -11.522  8.975 0.0000000000
137003  -28.792  -12.074  7.635 0.0000000000
134414  -21.915  -14.489  7.972 0.0000000000
135676  -22.683  -13.441  7.604 0.0000000000
134431  -23.357  -14.436  7.098 0.0000000000
133189  -25.349  -14.677  6.309 0.0000000000
131934  -24.426  -15.649  6.896 0.0000000000
125853  -24.352  -19.484  7.412 0.0000000000
128436  -25.600  -17.939  6.997 0.0000000000
125868  -26.148  -19.380  6.986 0.0000000000
124659  -27.763  -20.314  6.701 0.0000000000
123417  -26.348  -21.066  6.746 0.0000000000
157644  -27.379  1.162  7.505 0.0000000000
158846  -27.126  1.728  8.016 0.0000000000
159963  -28.618  2.590  7.860 0.0000000000
162020  -29.411  4.305  8.023 0.0000000000
158807  -30.901  1.938  9.100 0.0000000000
153773  -30.329  -1.250  9.282 0.0000000000
144464  -22.509  -7.695  7.681 0.0000000000
147051  -21.974  -6.616  7.845 0.0000000000
148247  -23.358  -5.452  7.069 0.0000000000
150517  -25.183  -4.486  7.000 0.0000000000
148250  -25.579  -5.396  6.582 0.0000000000
144441  -30.435  -7.451  9.460 0.0000000000
145756  -29.666  -6.463  8.792 0.0000000000
144400  -32.628  -6.531  10.688 0.0000000000
133179  -29.515  -15.273  6.832 0.0000000000
133161  -30.519  -14.676  7.725 0.0000000000
119219  -21.988  -23.494  9.112 0.0000000000
120596  -22.077  -22.716  8.649 0.0000000000
120611  -22.495  -22.428  8.175 0.0000000000
119240  -23.612  -23.439  8.069 0.0000000000
130771  -22.231  -16.500  8.037 0.0000000000
130773  -23.255  -16.525  7.390 0.0000000000
128422  -22.717  -18.033  7.945 0.0000000000
127162  -23.048  -18.702  7.956 0.0000000000
125840  -23.280  -20.001  7.983 0.0000000000
156381  -27.562  0.310  7.533 0.0000000000
156364  -29.351  0.765  8.443 0.0000000000
155059  -27.814  -0.626  8.046 0.0000000000
153807  -28.165  -1.601  7.979 0.0000000000
151553  -28.615  -2.888  8.207 0.0000000000
139610  -21.589  -10.821  8.201 0.0000000000
140848  -22.351  -9.918  7.647 0.0000000000
142030  -23.000  -8.902  7.366 0.0000000000
144476  -24.783  -7.693  6.607 0.0000000000
145796  -26.473  -6.883  6.837 0.0000000000
144479  -26.829  -7.697  6.889 0.0000000000
143224  -28.621  -8.329  8.252 0.0000000000
140804  -31.612  -9.522  9.900 0.0000000000
139593  -32.265  -10.737  9.812 0.0000000000
115163  -23.969  -25.814  8.561 0.0000000000
116602  -24.470  -24.863  8.065 0.0000000000
136986  -21.975  -12.025  7.778 0.0000000000
138335  -23.379  -11.830  7.123 0.0000000000
137018  -25.484  -12.499  6.059 0.0000000000
135696  -27.840  -13.088  6.839 0.0000000000
134462  -26.635  -13.805  6.310 0.0000000000
133192  -27.083  -15.144  6.419 0.0000000000
130790  -28.310  -16.442  6.380 0.0000000000
130787  -24.917  -16.466  6.694 0.0000000000
129607  -26.841  -17.028  7.044 0.0000000000
128440  -28.725  -17.760  6.916 0.0000000000
125871  -28.980  -19.315  7.256 0.0000000000
123421  -29.167  -20.766  7.395 0.0000000000
157599  -31.593  1.007  9.796 0.0000000000
150500  -24.319  -3.619  7.214 0.0000000000
150503  -26.555  -3.731  7.517 0.0000000000
150474  -29.300  -3.610  8.987 0.0000000000
147069  -28.268  -6.040  7.914 0.0000000000
148202  -29.263  -5.139  9.155 0.0000000000
150466  -31.415  -3.561  10.334 0.0000000000
135679  -29.703  -13.166  7.635 0.0000000000
134416  -31.744  -14.025  8.677 0.0000000000
123345  -21.489  -20.972  9.430 0.0000000000
123368  -22.194  -21.102  8.731 0.0000000000
123381  -23.305  -21.142  8.092 0.0000000000
122000  -24.424  -21.763  7.714 0.0000000000
117993  -24.574  -23.896  7.771 0.0000000000
120627  -25.068  -22.996  7.584 0.0000000000
122015  -25.661  -22.011  7.426 0.0000000000
152631  -23.306  -2.275  7.759 0.0000000000
139667  -26.125  -11.147  6.322 0.0000000000
140870  -25.350  -10.352  6.354 0.0000000000
140872  -26.433  -10.579  6.103 0.0000000000
140862  -27.384  -10.276  6.865 0.0000000000
139651  -27.516  -10.946  7.050 0.0000000000
138318  -28.617  -11.290  7.595 0.0000000000
138341  -28.270  -11.818  7.379 0.0000000000
131904  -21.960  -15.819  8.116 0.0000000000
133142  -21.760  -15.062  8.264 0.0000000000
133155  -22.128  -15.068  7.837 0.0000000000
134430  -22.953  -14.226  7.387 0.0000000000
133157  -23.221  -15.005  7.287 0.0000000000
133172  -23.667  -14.893  6.987 0.0000000000
131920  -23.674  -15.724  7.150 0.0000000000
124639  -24.630  -20.163  7.144 0.0000000000
125867  -25.552  -19.372  7.067 0.0000000000
124655  -25.208  -20.030  6.976 0.0000000000
124657  -26.255  -20.085  6.675 0.0000000000
123416  -25.706  -20.628  6.765 0.0000000000
157646  -28.466  1.442  7.750 0.0000000000
158847  -27.735  1.750  7.674 0.0000000000
158849  -28.658  1.832  7.765 0.0000000000
159964  -29.495  2.772  8.087 0.0000000000
159950  -30.829  2.609  8.814 0.0000000000
158825  -29.961  1.978  8.364 0.0000000000
152598  -30.747  -2.067  9.825 0.0000000000
153760  -31.269  -1.325  9.999 0.0000000000
152599  -31.445  -2.090  10.295 0.0000000000
151533  -31.691  -2.842  10.517 0.0000000000
145782  -23.293  -7.023  7.173 0.0000000000
145780  -22.203  -7.040  7.765 0.0000000000
145781  -22.753  -6.969  7.474 0.0000000000
147065  -22.332  -6.191  7.608 0.0000000000
147079  -23.922  -6.166  6.998 0.0000000000
148249  -24.336  -5.382  6.846 0.0000000000
147080  -24.609  -6.040  6.828 0.0000000000
143194  -31.696  -7.960  10.470 0.0000000000
144420  -31.589  -7.027  10.199 0.0000000000
130793  -30.171  -16.494  7.030 0.0000000000
131941  -30.485  -15.914  7.194 0.0000000000
130775  -30.742  -16.500  7.411 0.0000000000
116589  -22.249  -24.644  9.294 0.0000000000
117953  -22.379  -24.202  8.970 0.0000000000
119220  -22.424  -23.495  8.626 0.0000000000
119239  -22.963  -23.480  8.320 0.0000000000
117971  -23.376  -24.206  8.431 0.0000000000
129565  -21.792  -17.330  8.617 0.0000000000
129578  -22.381  -17.294  7.979 0.0000000000
129566  -22.044  -17.565  8.317 0.0000000000
127152  -22.497  -18.828  8.194 0.0000000000
125839  -22.966  -19.579  8.145 0.0000000000
125852  -23.633  -19.538  7.763 0.0000000000
156395  -27.139  0.209  6.910 0.0000000000
156362  -28.063  0.030  8.048 0.0000000000
155086  -26.707  -0.331  6.834 0.0000000000
152635  -25.866  -2.115  7.508 0.0000000000
153805  -27.001  -1.295  7.409 0.0000000000
152637  -27.334  -2.124  7.549 0.0000000000
152620  -28.433  -2.114  8.056 0.0000000000
151572  -28.135  -2.618  8.070 0.0000000000
139628  -22.076  -10.772  7.780 0.0000000000
142041  -24.780  -9.352  6.777 0.0000000000
142040  -24.072  -9.200  7.029 0.0000000000
143246  -24.457  -8.472  6.820 0.0000000000
143245  -23.840  -8.402  7.081 0.0000000000
143247  -25.128  -8.523  6.633 0.0000000000
144478  -26.182  -7.734  6.674 0.0000000000
143249  -26.676  -8.617  6.517 0.0000000000
140839  -28.815  -9.818  8.203 0.0000000000
142019  -28.521  -9.118  7.934 0.0000000000
142020  -28.848  -9.094  8.611 0.0000000000
142006  -30.189  -9.197  9.190 0.0000000000
140825  -30.594  -9.795  9.195 0.0000000000
140826  -31.331  -9.836  9.649 0.0000000000
139591  -30.870  -10.627  9.255 0.0000000000
138302  -31.462  -11.866  9.129 0.0000000000
135647  -32.357  -12.774  9.243 0.0000000000
115162  -23.074  -25.721  9.139 0.0000000000
113717  -24.485  -26.359  9.341 0.0000000000
136964  -21.119  -12.375  8.570 0.0000000000
136985  -21.617  -12.452  7.989 0.0000000000
135691  -23.501  -13.369  7.066 0.0000000000
137002  -23.065  -12.728  7.296 0.0000000000
137016  -24.325  -12.525  6.670 0.0000000000
137017  -24.928  -12.505  6.395 0.0000000000
135708  -26.472  -13.252  5.919 0.0000000000
135694  -25.230  -13.242  6.247 0.0000000000
131948  -25.653  -15.106  6.293 0.0000000000
133190  -25.914  -14.634  6.273 0.0000000000
131950  -26.804  -15.618  6.449 0.0000000000
131951  -27.434  -15.639  6.485 0.0000000000
130801  -27.122  -16.369  6.620 0.0000000000
129580  -23.519  -17.275  7.406 0.0000000000
130774  -23.812  -16.581  7.181 0.0000000000
129592  -24.620  -17.270  6.830 0.0000000000
127177  -26.629  -18.638  7.124 0.0000000000
128437  -26.179  -17.915  7.211 0.0000000000
128448  -27.244  -17.712  7.238 0.0000000000
129608  -27.471  -17.060  6.796 0.0000000000
127192  -27.900  -18.505  6.954 0.0000000000
127180  -28.783  -18.478  7.263 0.0000000000
127193  -28.306  -18.734  7.101 0.0000000000
123419  -28.047  -21.018  7.128 0.0000000000
124660  -28.502  -20.051  6.873 0.0000000000
123397  -28.920  -21.186  7.484 0.0000000000
123398  -29.654  -20.939  7.581 0.0000000000
156346  -29.573  0.114  8.850 0.0000000000
157609  -30.653  1.181  9.143 0.0000000000
156347  -30.463  0.248  9.310 0.0000000000
142017  -21.013  -9.530  8.629 0.0000000000
149345  -22.190  -4.534  7.881 0.0000000000
150497  -22.724  -3.921  7.798 0.0000000000
151564  -22.955  -3.528  7.659 0.0000000000
150499  -23.667  -3.787  7.227 0.0000000000
150518  -25.659  -4.533  7.098 0.0000000000
150502  -25.762  -3.973  7.470 0.0000000000
149365  -26.859  -4.513  7.582 0.0000000000
150483  -27.785  -3.696  8.180 0.0000000000
149346  -28.103  -4.214  8.102 0.0000000000
145783  -27.611  -6.870  7.310 0.0000000000
147084  -27.327  -6.174  7.066 0.0000000000
145770  -28.580  -6.706  7.867 0.0000000000
147018  -31.273  -5.740  10.108 0.0000000000
147038  -29.701  -5.858  9.192 0.0000000000
148186  -30.431  -5.038  9.688 0.0000000000
149337  -30.072  -4.343  9.589 0.0000000000
148188  -31.435  -4.985  10.443 0.0000000000
148170  -32.566  -4.843  10.792 0.0000000000
134450  -28.205  -13.677  6.887 0.0000000000
135678  -28.977  -12.972  7.415 0.0000000000
134433  -29.337  -13.854  7.373 0.0000000000
133144  -31.560  -14.798  8.411 0.0000000000
121985  -21.251  -22.255  9.229 0.0000000000
121964  -21.080  -21.777  9.560 0.0000000000
121965  -21.504  -21.410  9.282 0.0000000000
123367  -21.806  -21.015  9.118 0.0000000000
120612  -23.124  -22.681  8.060 0.0000000000
121998  -22.842  -21.831  8.026 0.0000000000
121999  -23.553  -21.868  7.862 0.0000000000
123382  -23.813  -21.081  7.641 0.0000000000
117973  -24.665  -24.390  7.814 0.0000000000
122002  -25.427  -22.422  7.727 0.0000000000
128410  -21.806  -18.063  8.506 0.0000000000
127143  -21.446  -18.886  9.051 0.0000000000
127144  -21.724  -19.282  8.950 0.0000000000
125832  -21.909  -19.691  8.905 0.0000000000
153818  -26.110  -0.820  6.971 0.0000000000
153802  -24.736  -1.078  7.176 0.0000000000
152634  -25.116  -2.050  7.471 0.0000000000
139647  -23.564  -10.844  7.021 0.0000000000
139630  -23.282  -10.295  7.315 0.0000000000
140860  -24.814  -10.246  6.601 0.0000000000
142051  -25.169  -9.745  6.429 0.0000000000
143256  -26.046  -9.328  6.230 0.0000000000
143257  -26.337  -9.157  6.245 0.0000000000
142043  -26.648  -9.430  6.490 0.0000000000
140850  -28.097  -10.174  7.323 0.0000000000
139611  -28.643  -10.371  8.033 0.0000000000
139613  -29.812  -10.584  8.717 0.0000000000
138299  -29.537  -11.210  8.443 0.0000000000
138320  -29.780  -11.849  8.211 0.0000000000
137005  -30.041  -12.611  8.037 0.0000000000
134413  -21.522  -14.161  8.221 0.0000000000
134428  -21.899  -13.928  7.907 0.0000000000
135675  -22.138  -13.403  7.803 0.0000000000
135677  -23.104  -13.539  7.302 0.0000000000
134446  -24.362  -14.047  6.593 0.0000000000
134447  -24.971  -13.995  6.367 0.0000000000
133174  -24.740  -14.798  6.513 0.0000000000
131935  -25.304  -15.585  6.456 0.0000000000
127164  -24.072  -18.735  7.475 0.0000000000
128435  -24.965  -17.994  6.915 0.0000000000
127175  -25.285  -18.685  7.072 0.0000000000
127176  -25.914  -18.658  7.152 0.0000000000
127190  -26.960  -19.012  6.940 0.0000000000
125882  -27.543  -19.175  6.784 0.0000000000
124658  -27.040  -20.070  6.544 0.0000000000
123418  -27.262  -20.975  6.814 0.0000000000
157642  -25.764  1.249  7.437 0.0000000000
159983  -28.095  2.229  7.801 0.0000000000
161007  -28.964  3.571  7.826 0.0000000000
159951  -31.304  2.674  9.305 0.0000000000
155045  -30.596  -0.609  9.414 0.0000000000
156333  -30.822  -0.210  9.575 0.0000000000
155033  -31.037  -0.633  9.764 0.0000000000
145749  -20.852  -6.698  8.794 0.0000000000
147050  -21.722  -6.206  8.050 0.0000000000
148233  -22.259  -5.303  7.743 0.0000000000
149379  -23.585  -5.087  6.960 0.0000000000
149363  -23.684  -4.305  6.941 0.0000000000
149380  -23.926  -4.752  6.772 0.0000000000
149393  -25.178  -5.085  6.768 0.0000000000
148235  -26.792  -5.023  7.342 0.0000000000
144440  -30.149  -7.621  8.899 0.0000000000
145771  -29.185  -6.786  8.822 0.0000000000
144419  -30.971  -7.215  9.870 0.0000000000
145735  -31.178  -6.509  9.982 0.0000000000
145737  -32.329  -6.244  10.604 0.0000000000
133178  -29.048  -15.053  6.915 0.0000000000
133160  -29.702  -14.778  7.233 0.0000000000
131922  -30.311  -15.338  7.357 0.0000000000
131923  -30.910  -15.641  7.745 0.0000000000
120595  -21.485  -22.814  9.189 0.0000000000
121987  -22.264  -21.835  8.425 0.0000000000
131918  -22.414  -15.783  7.740 0.0000000000
130772  -22.694  -16.521  7.699 0.0000000000
129579  -22.971  -17.269  7.688 0.0000000000
128423  -23.263  -17.990  7.696 0.0000000000
128411  -22.198  -18.113  8.222 0.0000000000
127163  -23.533  -18.676  7.738 0.0000000000
124638  -23.994  -20.271  7.427 0.0000000000
157641  -25.109  1.166  7.599 0.0000000000
157657  -25.986  0.990  7.081 0.0000000000
157623  -28.812  1.148  8.041 0.0000000000
157624  -29.500  1.361  8.263 0.0000000000
157622  -28.344  0.595  8.053 0.0000000000
156363  -28.858  0.132  8.316 0.0000000000
156345  -29.215  -0.276  8.612 0.0000000000
153819  -26.612  -0.877  7.177 0.0000000000
153788  -28.099  -1.119  8.133 0.0000000000
155043  -29.482  -0.684  8.751 0.0000000000
153790  -29.231  -1.377  8.591 0.0000000000
152606  -29.526  -2.102  8.790 0.0000000000
151540  -29.691  -2.864  9.090 0.0000000000
142028  -22.033  -9.205  7.951 0.0000000000
140849  -23.021  -9.695  7.414 0.0000000000
142029  -22.567  -9.077  7.613 0.0000000000
143234  -22.310  -8.424  7.894 0.0000000000
143235  -22.783  -8.350  7.543 0.0000000000
144474  -23.558  -7.686  7.118 0.0000000000
145793  -24.486  -6.847  6.833 0.0000000000
145804  -24.947  -6.430  6.819 0.0000000000
145794  -25.140  -6.945  6.631 0.0000000000
144467  -27.919  -7.603  7.504 0.0000000000
143250  -27.240  -8.410  6.959 0.0000000000
143238  -28.204  -8.369  7.691 0.0000000000
144453  -28.463  -7.580  7.857 0.0000000000
143226  -29.660  -8.162  8.950 0.0000000000
143213  -30.734  -8.121  9.900 0.0000000000
141986  -32.180  -9.134  10.259 0.0000000000
140806  -33.196  -9.741  10.254 0.0000000000
139562  -32.957  -10.285  9.907 0.0000000000
138278  -31.314  -11.208  9.242 0.0000000000
128425  -30.662  -17.879  7.287 0.0000000000
116591  -23.334  -25.004  8.775 0.0000000000
138298  -21.807  -11.540  7.951 0.0000000000
138316  -22.269  -11.571  7.620 0.0000000000
137001  -22.297  -12.544  7.649 0.0000000000
138317  -22.819  -11.791  7.386 0.0000000000
139646  -23.107  -11.307  7.174 0.0000000000
138337  -24.600  -11.745  6.468 0.0000000000
138338  -25.210  -11.768  6.248 0.0000000000
138358  -26.377  -11.864  6.263 0.0000000000
138359  -26.752  -12.051  6.679 0.0000000000
137032  -26.668  -12.570  6.192 0.0000000000
135695  -27.315  -13.202  6.616 0.0000000000
134449  -27.683  -13.866  6.748 0.0000000000
134460  -25.573  -13.950  6.219 0.0000000000
133175  -27.011  -14.445  6.637 0.0000000000
133177  -28.307  -14.541  6.969 0.0000000000
131937  -27.936  -15.276  6.615 0.0000000000
131938  -28.547  -15.619  6.633 0.0000000000
130791  -28.921  -16.424  6.577 0.0000000000
131921  -24.105  -16.121  7.171 0.0000000000
130788  -25.605  -16.482  6.540 0.0000000000
129593  -25.281  -17.235  6.744 0.0000000000
129594  -25.921  -17.198  6.881 0.0000000000
130800  -26.454  -16.330  6.632 0.0000000000
129597  -28.552  -17.119  6.616 0.0000000000
129598  -29.160  -17.144  6.765 0.0000000000
128441  -29.346  -17.857  7.016 0.0000000000
127181  -29.527  -18.545  7.428 0.0000000000
125870  -28.537  -19.444  7.004 0.0000000000
124661  -29.349  -20.185  7.301 0.0000000000
158806  -30.397  1.681  8.818 0.0000000000
158808  -31.460  1.838  9.556 0.0000000000
156335  -31.955  0.229  10.217 0.0000000000
151565  -23.299  -3.040  7.571 0.0000000000
151566  -24.036  -2.924  7.467 0.0000000000
151568  -25.443  -2.932  7.361 0.0000000000
150501  -24.996  -3.676  7.180 0.0000000000
151570  -26.925  -2.922  7.594 0.0000000000
151552  -28.074  -3.116  8.305 0.0000000000
151554  -29.215  -2.877  8.585 0.0000000000
151541  -30.103  -2.914  9.556 0.0000000000
147093  -25.805  -6.118  6.740 0.0000000000
148253  -27.000  -5.766  7.071 0.0000000000
148237  -27.946  -5.327  7.743 0.0000000000
147052  -28.627  -6.000  8.511 0.0000000000
148217  -28.427  -5.283  8.153 0.0000000000
149367  -28.173  -4.742  7.951 0.0000000000
149348  -28.985  -4.387  8.864 0.0000000000
150464  -30.309  -3.612  9.752 0.0000000000
150465  -30.853  -3.587  10.029 0.0000000000
150446  -31.981  -3.554  10.654 0.0000000000
137021  -28.481  -12.471  7.335 0.0000000000
137004  -29.408  -12.358  7.816 0.0000000000
135661  -30.650  -12.857  8.269 0.0000000000
134434  -30.034  -13.948  7.586 0.0000000000
135681  -30.746  -13.513  8.184 0.0000000000
135663  -31.981  -13.321  8.932 0.0000000000
124589  -21.457  -20.319  9.532 0.0000000000
124614  -21.752  -20.341  9.205 0.0000000000
124615  -22.100  -20.358  8.853 0.0000000000
123380  -22.726  -21.131  8.377 0.0000000000
124626  -22.572  -20.373  8.504 0.0000000000
124628  -23.512  -20.416  7.859 0.0000000000
123392  -24.391  -20.927  7.290 0.0000000000
117972  -24.090  -24.179  7.983 0.0000000000
119241  -24.286  -23.385  7.887 0.0000000000
119259  -24.818  -23.423  7.669 0.0000000000
120614  -24.728  -22.730  7.912 0.0000000000
122001  -25.105  -22.158  7.778 0.0000000000
122014  -25.100  -21.536  7.423 0.0000000000
123394  -25.597  -21.329  6.984 0.0000000000
123395  -25.948  -21.585  7.057 0.0000000000
116601  -23.932  -24.893  8.376 0.0000000000
117970  -22.806  -23.970  8.635 0.0000000000
120597  -22.568  -22.988  8.295 0.0000000000
120615  -25.175  -22.639  7.733 0.0000000000
120628  -25.489  -22.772  7.420 0.0000000000
122013  -24.728  -21.269  7.351 0.0000000000
122017  -28.328  -21.721  7.518 0.0000000000
123396  -28.494  -21.161  7.376 0.0000000000
123415  -25.403  -20.376  6.852 0.0000000000
123420  -28.747  -20.739  7.243 0.0000000000
124627  -23.133  -20.433  8.282 0.0000000000
124656  -25.710  -19.982  6.853 0.0000000000
124671  -27.336  -19.556  6.560 0.0000000000
124672  -27.647  -19.718  6.602 0.0000000000
124673  -28.027  -19.858  6.674 0.0000000000
125851  -23.314  -19.119  7.948 0.0000000000
125866  -24.951  -19.417  7.132 0.0000000000
125869  -26.691  -19.414  6.793 0.0000000000
125881  -27.113  -19.274  6.654 0.0000000000
125883  -28.106  -19.337  6.911 0.0000000000
125884  -28.517  -19.083  7.156 0.0000000000
127150  -21.570  -18.477  8.657 0.0000000000
127174  -24.662  -18.728  7.173 0.0000000000
127178  -26.968  -18.190  7.143 0.0000000000
127179  -28.352  -18.229  7.050 0.0000000000
128434  -24.337  -18.018  7.094 0.0000000000
128438  -26.717  -17.804  7.307 0.0000000000
128439  -28.185  -17.736  6.834 0.0000000000
128442  -30.032  -17.904  7.113 0.0000000000
128449  -27.703  -17.753  6.952 0.0000000000
129577  -22.085  -17.043  8.293 0.0000000000
129591  -24.026  -17.293  7.068 0.0000000000
129595  -26.376  -17.335  7.166 0.0000000000
129596  -27.971  -17.160  6.435 0.0000000000
129599  -29.805  -17.187  6.905 0.0000000000
129606  -26.315  -16.880  6.933 0.0000000000
130757  -21.876  -16.552  8.413 0.0000000000
130786  -24.315  -16.561  6.962 0.0000000000
130789  -26.053  -16.609  6.702 0.0000000000
130792  -29.552  -16.452  6.787 0.0000000000
130799  -25.993  -16.192  6.480 0.0000000000
130802  -27.704  -16.441  6.425 0.0000000000
131924  -31.411  -15.856  8.126 0.0000000000
131933  -23.967  -15.269  6.927 0.0000000000
131939  -29.265  -15.744  6.714 0.0000000000
131940  -29.895  -15.699  6.948 0.0000000000
131949  -26.071  -15.519  6.337 0.0000000000
131952  -27.995  -15.877  6.429 0.0000000000
133132  -32.535  -14.207  9.264 0.0000000000
133143  -31.025  -14.953  8.129 0.0000000000
133156  -22.639  -15.012  7.512 0.0000000000
133159  -28.918  -14.415  7.241 0.0000000000
133173  -24.123  -14.804  6.732 0.0000000000
133176  -27.388  -14.698  6.636 0.0000000000
133191  -26.669  -14.640  6.454 0.0000000000
134415  -30.999  -14.180  8.307 0.0000000000
134417  -32.293  -13.901  9.069 0.0000000000
134429  -22.327  -14.223  7.706 0.0000000000
134432  -28.695  -13.828  7.120 0.0000000000
134435  -30.542  -13.923  7.903 0.0000000000
134444  -23.319  -13.935  7.129 0.0000000000
134445  -23.738  -14.113  6.859 0.0000000000
134448  -27.059  -13.983  6.576 0.0000000000
134461  -26.180  -13.925  6.171 0.0000000000
135660  -21.671  -13.360  7.942 0.0000000000
135662  -31.294  -13.259  8.519 0.0000000000
135664  -32.478  -13.363  9.216 0.0000000000
135680  -30.310  -13.325  7.888 0.0000000000
135692  -24.040  -13.316  6.766 0.0000000000
135697  -28.381  -13.068  7.089 0.0000000000
135707  -25.814  -13.246  5.973 0.0000000000
135709  -26.867  -13.248  6.340 0.0000000000
136987  -30.375  -12.115  8.496 0.0000000000
136989  -31.706  -12.612  8.973 0.0000000000
137000  -21.924  -12.939  7.848 0.0000000000
137015  -23.725  -12.584  6.980 0.0000000000
137019  -27.346  -12.389  6.929 0.0000000000
137020  -28.005  -12.410  7.116 0.0000000000
137031  -26.118  -12.509  5.947 0.0000000000
137033  -27.005  -12.678  6.527 0.0000000000
138297  -21.366  -11.606  8.351 0.0000000000
138300  -30.051  -11.402  8.711 0.0000000000
138319  -29.159  -11.464  7.975 0.0000000000
138336  -23.964  -11.743  6.775 0.0000000000
138340  -27.676  -11.678  7.236 0.0000000000
138357  -25.808  -11.806  6.164 0.0000000000
139590  -30.324  -10.342  9.000 0.0000000000
139592  -31.550  -10.701  9.577 0.0000000000
139609  -21.140  -10.870  8.590 0.0000000000
139612  -29.146  -10.597  8.285 0.0000000000
139614  -30.331  -10.911  8.991 0.0000000000
139632  -28.797  -10.865  7.908 0.0000000000
139648  -24.327  -10.933  6.629 0.0000000000
139650  -27.174  -10.829  6.691 0.0000000000
139652  -28.052  -10.991  7.337 0.0000000000
139666  -25.558  -11.084  6.344 0.0000000000
139668  -26.712  -11.169  6.466 0.0000000000
140805  -32.080  -9.787  9.863 0.0000000000
140824  -29.998  -9.776  8.896 0.0000000000
140827  -31.751  -10.333  9.900 0.0000000000
140838  -28.482  -9.883  7.683 0.0000000000
140847  -21.745  -10.022  7.973 0.0000000000
140858  -23.587  -9.855  7.115 0.0000000000
140861  -26.876  -10.197  6.469 0.0000000000
140863  -27.761  -10.454  7.111 0.0000000000
140871  -25.899  -10.434  6.196 0.0000000000
142007  -30.683  -9.056  9.558 0.0000000000
142008  -31.184  -9.089  9.966 0.0000000000
142018  -21.489  -9.326  8.320 0.0000000000
142021  -29.567  -8.973  8.988 0.0000000000
142031  -27.507  -8.838  7.158 0.0000000000
142039  -23.460  -9.063  7.196 0.0000000000
142042  -25.319  -9.188  6.460 0.0000000000
142044  -27.146  -9.374  7.003 0.0000000000
142045  -27.680  -9.897  7.105 0.0000000000
142052  -25.669  -9.632  6.149 0.0000000000
143193  -31.238  -7.624  10.098 0.0000000000
143212  -30.147  -8.366  9.327 0.0000000000
143214  -31.103  -8.221  10.019 0.0000000000
143225  -29.143  -8.280  8.707 0.0000000000
143236  -23.278  -8.344  7.282 0.0000000000
143237  -27.699  -8.347  7.311 0.0000000000
144401  -32.997  -6.726  10.750 0.0000000000
144455  -29.445  -7.593  8.781 0.0000000000
144465  -23.031  -7.675  7.389 0.0000000000
144466  -27.395  -7.635  7.167 0.0000000000
144475  -24.137  -7.681  6.856 0.0000000000
144477  -25.486  -7.724  6.584 0.0000000000
145736  -31.802  -6.354  10.306 0.0000000000
145757  -30.149  -6.850  9.048 0.0000000000
145758  -30.649  -6.652  9.594 0.0000000000
145772  -29.650  -7.173  8.963 0.0000000000
145784  -28.139  -6.822  7.647 0.0000000000
145792  -23.821  -6.999  7.008 0.0000000000
145795  -25.793  -6.746  6.655 0.0000000000
145797  -27.079  -6.904  7.014 0.0000000000
145805  -25.370  -6.371  6.832 0.0000000000
145806  -25.639  -6.268  6.794 0.0000000000
147001  -32.323  -5.326  10.769 0.0000000000
147017  -30.742  -5.560  9.841 0.0000000000
147020  -32.424  -5.763  10.740 0.0000000000
147039  -30.314  -5.871  9.532 0.0000000000
147040  -30.831  -6.080  9.801 0.0000000000
147053  -29.130  -5.907  8.982 0.0000000000
147064  -22.044  -5.809  7.851 0.0000000000
147066  -23.195  -6.207  7.230 0.0000000000
147068  -27.776  -6.092  7.487 0.0000000000
147078  -23.562  -5.824  7.062 0.0000000000
147081  -25.823  -5.758  6.676 0.0000000000
147082  -26.186  -6.055  6.786 0.0000000000
147083  -26.800  -6.184  6.881 0.0000000000
147091  -25.081  -5.966  6.743 0.0000000000
147092  -25.508  -5.915  6.668 0.0000000000
148169  -32.005  -4.889  10.724 0.0000000000
148171  -33.137  -4.902  10.805 0.0000000000
148187  -30.913  -5.001  10.054 0.0000000000
148203  -29.872  -5.105  9.408 0.0000000000
148218  -28.749  -5.185  8.718 0.0000000000
148234  -22.847  -5.409  7.376 0.0000000000
148236  -27.245  -5.346  7.384 0.0000000000
148248  -23.785  -5.444  6.969 0.0000000000
148251  -26.007  -5.350  6.798 0.0000000000
148252  -26.581  -5.405  7.072 0.0000000000
148261  -24.863  -5.497  6.723 0.0000000000
148262  -25.234  -5.560  6.627 0.0000000000
149320  -30.638  -4.314  9.845 0.0000000000
149321  -31.164  -4.289  10.186 0.0000000000
149322  -31.697  -4.255  10.534 0.0000000000
149336  -29.464  -4.360  9.348 0.0000000000
149347  -28.559  -4.446  8.314 0.0000000000
149362  -23.329  -4.666  7.139 0.0000000000
149364  -26.362  -4.343  7.368 0.0000000000
149381  -24.467  -4.805  6.809 0.0000000000
149382  -25.628  -4.893  6.812 0.0000000000
149383  -26.097  -4.725  7.059 0.0000000000
149384  -26.549  -4.791  7.252 0.0000000000
149392  -24.768  -5.029  6.821 0.0000000000
150447  -32.602  -3.561  10.832 0.0000000000
150475  -29.788  -3.608  9.424 0.0000000000
150484  -28.346  -3.667  8.253 0.0000000000
150485  -28.893  -3.656  8.458 0.0000000000
150498  -23.093  -3.921  7.477 0.0000000000
150504  -27.150  -3.710  7.918 0.0000000000
150515  -23.988  -4.072  6.847 0.0000000000
150516  -24.533  -4.262  6.854 0.0000000000
150527  -24.776  -4.666  6.883 0.0000000000
150528  -24.976  -4.813  6.890 0.0000000000
151515  -32.314  -2.867  10.746 0.0000000000
151531  -30.533  -2.907  9.896 0.0000000000
151532  -31.079  -2.836  10.202 0.0000000000
151567  -24.719  -2.887  7.432 0.0000000000
151569  -26.201  -2.959  7.417 0.0000000000
151571  -27.594  -2.879  7.975 0.0000000000
152583  -32.061  -2.167  10.619 0.0000000000
152607  -30.126  -2.076  9.336 0.0000000000
152608  -30.524  -1.665  9.466 0.0000000000
152621  -28.994  -2.114  8.326 0.0000000000
152638  -27.918  -2.115  7.842 0.0000000000
153772  -29.792  -1.338  8.971 0.0000000000
153774  -30.783  -1.257  9.582 0.0000000000
153789  -28.616  -1.367  8.249 0.0000000000
153803  -25.584  -1.298  7.333 0.0000000000
153806  -27.679  -1.343  7.785 0.0000000000
153817  -25.454  -0.704  6.855 0.0000000000
155034  -31.603  -0.570  10.175 0.0000000000
155060  -28.375  -0.600  8.290 0.0000000000
155061  -28.958  -0.690  8.484 0.0000000000
155073  -26.976  -0.638  7.247 0.0000000000
155074  -27.394  -0.562  7.596 0.0000000000
155087  -27.237  -0.230  7.144 0.0000000000
156334  -31.208  0.130  9.767 0.0000000000
156348  -31.054  0.771  9.416 0.0000000000
156361  -27.712  -0.210  7.804 0.0000000000
156379  -25.693  0.918  7.125 0.0000000000
156382  -27.964  0.524  7.923 0.0000000000
157608  -29.967  1.063  8.776 0.0000000000
157610  -31.147  1.348  9.382 0.0000000000
157640  -24.658  1.156  7.758 0.0000000000
157643  -26.562  1.198  7.269 0.0000000000
157645  -28.058  1.092  7.787 0.0000000000
157658  -26.202  0.871  6.893 0.0000000000
158826  -30.507  2.215  8.674 0.0000000000
158848  -28.248  1.751  7.646 0.0000000000
159984  -28.411  2.112  7.749 0.0000000000
