#!ascii label  , from subject sub-36 vox2ras=TkReg
1788
123368  -22.194  -21.102  8.731 0.5555555820
124626  -22.572  -20.373  8.504 0.6666666865
125852  -23.633  -19.538  7.763 0.7777777910
128424  -23.773  -18.007  7.382 0.8888888955
127177  -26.629  -18.638  7.124 0.8888888955
121965  -21.504  -21.410  9.282 0.5555555820
124614  -21.752  -20.341  9.205 0.5555555820
125838  -22.298  -19.625  8.507 0.6666666865
127152  -22.497  -18.828  8.194 0.8888888955
125853  -24.352  -19.484  7.412 0.8888888955
128435  -24.965  -17.994  6.915 0.8888888955
129594  -25.921  -17.198  6.881 1.0000000000
128448  -27.244  -17.712  7.238 0.8888888955
129608  -27.471  -17.060  6.796 1.0000000000
127143  -21.446  -18.886  9.051 0.7777777910
129578  -22.381  -17.294  7.979 1.0000000000
131918  -22.414  -15.783  7.740 1.0000000000
130773  -23.255  -16.525  7.390 1.0000000000
131934  -24.426  -15.649  6.896 1.0000000000
131919  -22.943  -15.768  7.383 1.0000000000
131935  -25.304  -15.585  6.456 1.0000000000
133172  -23.667  -14.893  6.987 1.0000000000
133174  -24.740  -14.798  6.513 1.0000000000
131948  -25.653  -15.106  6.293 1.0000000000
131951  -27.434  -15.639  6.485 1.0000000000
133189  -25.349  -14.677  6.309 1.0000000000
133190  -25.914  -14.634  6.273 1.0000000000
131937  -27.936  -15.276  6.615 1.0000000000
134449  -27.683  -13.866  6.748 1.0000000000
133158  -28.627  -14.262  7.128 0.7777777910
133142  -21.760  -15.062  8.264 0.8888888955
134446  -24.362  -14.047  6.593 1.0000000000
134430  -22.953  -14.226  7.387 1.0000000000
135694  -25.230  -13.242  6.247 1.0000000000
134462  -26.635  -13.805  6.310 1.0000000000
135695  -27.315  -13.202  6.616 1.0000000000
134450  -28.205  -13.677  6.887 1.0000000000
134433  -29.337  -13.854  7.373 0.8888888955
135678  -28.977  -12.972  7.415 1.0000000000
135679  -29.703  -13.166  7.635 0.7777777910
135681  -30.746  -13.513  8.184 0.7777777910
135640  -21.294  -13.251  8.395 0.5555555820
138316  -22.269  -11.571  7.620 0.7777777910
137001  -22.297  -12.544  7.649 0.8888888955
137016  -24.325  -12.525  6.670 1.0000000000
135693  -24.651  -13.270  6.530 1.0000000000
138335  -23.379  -11.830  7.123 0.8888888955
137017  -24.928  -12.505  6.395 1.0000000000
137018  -25.484  -12.499  6.059 1.0000000000
138359  -26.752  -12.051  6.679 1.0000000000
137021  -28.481  -12.471  7.335 0.8888888955
138341  -28.270  -11.818  7.379 1.0000000000
137003  -28.792  -12.074  7.635 0.8888888955
136988  -31.030  -12.381  8.734 0.7777777910
135647  -32.357  -12.774  9.243 0.6666666865
136971  -32.150  -12.050  9.288 0.6666666865
139582  -20.702  -10.870  8.950 0.4444444478
138298  -21.807  -11.540  7.951 0.7777777910
139610  -21.589  -10.821  8.201 0.6666666865
139630  -23.282  -10.295  7.315 0.7777777910
139647  -23.564  -10.844  7.021 0.8888888955
139649  -24.936  -11.001  6.285 0.8888888955
138358  -26.377  -11.864  6.263 1.0000000000
140870  -25.350  -10.352  6.354 1.0000000000
140872  -26.433  -10.579  6.103 1.0000000000
139651  -27.516  -10.946  7.050 1.0000000000
139631  -28.412  -10.600  7.681 0.8888888955
138299  -29.537  -11.210  8.443 0.7777777910
138301  -30.756  -11.522  8.975 0.7777777910
136972  -32.888  -12.206  9.389 0.5555555820
138278  -31.314  -11.208  9.242 0.7777777910
138280  -32.623  -11.473  9.550 0.6666666865
142028  -22.033  -9.205  7.951 0.6666666865
140837  -21.280  -10.131  8.379 0.6666666865
140849  -23.021  -9.695  7.414 0.7777777910
142029  -22.567  -9.077  7.613 0.7777777910
140859  -24.172  -10.059  6.811 0.8888888955
142051  -25.169  -9.745  6.429 0.8888888955
142041  -24.780  -9.352  6.777 1.0000000000
143256  -26.046  -9.328  6.230 1.0000000000
142043  -26.648  -9.430  6.490 1.0000000000
140862  -27.384  -10.276  6.865 0.8888888955
140839  -28.815  -9.818  8.203 0.8888888955
140840  -29.390  -9.798  8.566 0.8888888955
139613  -29.812  -10.584  8.717 0.7777777910
142019  -28.521  -9.118  7.934 0.8888888955
142020  -28.848  -9.094  8.611 0.7777777910
140825  -30.594  -9.795  9.195 0.7777777910
139593  -32.265  -10.737  9.812 0.7777777910
139594  -33.131  -10.902  9.795 0.6666666865
143223  -21.821  -8.507  8.346 0.6666666865
142017  -21.013  -9.530  8.629 0.5555555820
143234  -22.310  -8.424  7.894 0.7777777910
142030  -23.000  -8.902  7.366 0.8888888955
143246  -24.457  -8.472  6.820 0.8888888955
143247  -25.128  -8.523  6.633 1.0000000000
143248  -25.859  -8.729  6.413 1.0000000000
143250  -27.240  -8.410  6.959 1.0000000000
142032  -27.984  -9.234  7.296 0.8888888955
142006  -30.189  -9.197  9.190 0.7777777910
143213  -30.734  -8.121  9.900 0.7777777910
140806  -33.196  -9.741  10.254 0.6666666865
140807  -33.940  -9.719  10.235 0.5555555820
139564  -34.306  -10.266  10.045 0.5555555820
144452  -21.476  -7.754  8.386 0.6666666865
143235  -22.783  -8.350  7.543 0.8888888955
144476  -24.783  -7.693  6.607 1.0000000000
144478  -26.182  -7.734  6.674 1.0000000000
144467  -27.919  -7.603  7.504 0.8888888955
143238  -28.204  -8.369  7.691 0.8888888955
144454  -28.980  -7.561  8.339 0.8888888955
143224  -28.621  -8.329  8.252 0.8888888955
144441  -30.435  -7.451  9.460 0.7777777910
144420  -31.589  -7.027  10.199 0.7777777910
143194  -31.696  -7.960  10.470 0.7777777910
141988  -33.659  -9.040  10.472 0.5555555820
145756  -29.666  -6.463  8.792 0.7777777910
144422  -33.153  -7.442  10.728 0.5555555820
143197  -34.085  -8.354  10.466 0.5555555820
144400  -32.628  -6.531  10.688 0.6666666865
145749  -20.852  -6.698  8.794 0.4444444478
145768  -21.208  -6.966  8.421 0.5555555820
145781  -22.753  -6.969  7.474 0.7777777910
145793  -24.486  -6.847  6.833 1.0000000000
145782  -23.293  -7.023  7.173 0.8888888955
145804  -24.947  -6.430  6.819 1.0000000000
145796  -26.473  -6.883  6.837 0.8888888955
147084  -27.327  -6.174  7.066 0.8888888955
145783  -27.611  -6.870  7.310 0.8888888955
145770  -28.580  -6.706  7.867 0.8888888955
145771  -29.185  -6.786  8.822 0.8888888955
145735  -31.178  -6.509  9.982 0.6666666865
144402  -33.544  -6.924  10.722 0.5555555820
149361  -22.747  -4.623  7.609 0.6666666865
148233  -22.259  -5.303  7.743 0.6666666865
149380  -23.926  -4.752  6.772 0.7777777910
148250  -25.579  -5.396  6.582 0.8888888955
149393  -25.178  -5.085  6.768 0.7777777910
148235  -26.792  -5.023  7.342 0.7777777910
148253  -27.000  -5.766  7.071 0.8888888955
149366  -27.581  -4.537  7.927 0.7777777910
147069  -28.268  -6.040  7.914 0.8888888955
149367  -28.173  -4.742  7.951 0.7777777910
148217  -28.427  -5.283  8.153 0.7777777910
147038  -29.701  -5.858  9.192 0.6666666865
150474  -29.300  -3.610  8.987 0.6666666865
149337  -30.072  -4.343  9.589 0.6666666865
148186  -30.431  -5.038  9.688 0.6666666865
147018  -31.273  -5.740  10.108 0.5555555820
150465  -30.853  -3.587  10.029 0.6666666865
150466  -31.415  -3.561  10.334 0.5555555820
148170  -32.566  -4.843  10.792 0.5555555820
145719  -33.482  -6.291  10.793 0.4444444478
149302  -32.286  -4.228  10.735 0.5555555820
151539  -22.960  -2.359  7.877 0.3333333433
151551  -22.913  -2.609  7.881 0.3333333433
151564  -22.955  -3.528  7.659 0.5555555820
150499  -23.667  -3.787  7.227 0.6666666865
151566  -24.036  -2.924  7.467 0.5555555820
150501  -24.996  -3.676  7.180 0.7777777910
150502  -25.762  -3.973  7.470 0.7777777910
151570  -26.925  -2.922  7.594 0.6666666865
149365  -26.859  -4.513  7.582 0.6666666865
150503  -26.555  -3.731  7.517 0.6666666865
150483  -27.785  -3.696  8.180 0.6666666865
151554  -29.215  -2.877  8.585 0.6666666865
151540  -29.691  -2.864  9.090 0.6666666865
152597  -30.344  -2.474  9.690 0.6666666865
150446  -31.981  -3.554  10.654 0.5555555820
151516  -32.954  -2.882  10.881 0.5555555820
151533  -31.691  -2.842  10.517 0.6666666865
152619  -23.542  -1.739  7.843 0.4444444478
152605  -22.625  -2.157  8.417 0.4444444478
152631  -23.306  -2.275  7.759 0.4444444478
153786  -24.068  -1.163  7.690 0.5555555820
152633  -24.424  -2.089  7.440 0.5555555820
152634  -25.116  -2.050  7.471 0.6666666865
151568  -25.443  -2.932  7.361 0.6666666865
152636  -26.602  -2.125  7.490 0.6666666865
151552  -28.074  -3.116  8.305 0.6666666865
151553  -28.615  -2.888  8.207 0.6666666865
152606  -29.526  -2.102  8.790 0.6666666865
153760  -31.269  -1.325  9.999 0.6666666865
153762  -32.500  -1.186  10.725 0.5555555820
152584  -32.658  -2.205  10.829 0.6666666865
153804  -26.287  -1.380  7.405 0.6666666865
152635  -25.866  -2.115  7.508 0.6666666865
153805  -27.001  -1.295  7.409 0.6666666865
151572  -28.135  -2.618  8.070 0.6666666865
152637  -27.334  -2.124  7.549 0.6666666865
153773  -30.329  -1.250  9.282 0.6666666865
128423  -23.263  -17.990  7.696 0.8888888955
128411  -22.198  -18.113  8.222 1.0000000000
129579  -22.971  -17.269  7.688 1.0000000000
130774  -23.812  -16.581  7.181 1.0000000000
130800  -26.454  -16.330  6.632 1.0000000000
139609  -21.140  -10.870  8.590 0.5555555820
140850  -28.097  -10.174  7.323 0.8888888955
143222  -21.092  -8.595  8.676 0.5555555820
147030  -21.208  -6.137  8.560 0.5555555820
144464  -22.509  -7.695  7.681 0.7777777910
145794  -25.140  -6.945  6.631 1.0000000000
144440  -30.149  -7.621  8.899 0.8888888955
147029  -20.744  -6.171  9.046 0.2222222239
145737  -32.329  -6.244  10.604 0.6666666865
150518  -25.659  -4.533  7.098 0.7777777910
147002  -32.768  -5.429  10.813 0.4444444478
153818  -26.110  -0.820  6.971 0.6666666865
140818  -20.477  -10.197  9.014 0.4444444478
143206  -20.733  -9.193  8.878 0.4444444478
152586  -34.001  -2.228  10.825 0.5555555820
151518  -34.219  -2.946  10.660 0.5555555820
153771  -22.935  -1.383  8.627 0.2222222239
153785  -23.505  -1.232  8.184 0.3333333433
153748  -33.701  -1.335  10.881 0.5555555820
120596  -22.077  -22.716  8.649 0.5555555820
120611  -22.495  -22.428  8.175 0.5555555820
123380  -22.726  -21.131  8.377 0.6666666865
124628  -23.512  -20.416  7.859 0.5555555820
123382  -23.813  -21.081  7.641 0.5555555820
125868  -26.148  -19.380  6.986 0.7777777910
127190  -26.960  -19.012  6.940 0.8888888955
121985  -21.251  -22.255  9.229 0.5555555820
124638  -23.994  -20.271  7.427 0.6666666865
124639  -24.630  -20.163  7.144 0.6666666865
125867  -25.552  -19.372  7.067 0.8888888955
127191  -27.250  -18.542  6.942 0.7777777910
127192  -27.900  -18.505  6.954 0.7777777910
129597  -28.552  -17.119  6.616 0.8888888955
121964  -21.080  -21.777  9.560 0.4444444478
125815  -21.335  -19.631  9.567 0.5555555820
130790  -28.310  -16.442  6.380 1.0000000000
128403  -21.223  -18.102  9.267 0.2222222239
129565  -21.792  -17.330  8.617 0.6666666865
133179  -29.515  -15.273  6.832 0.8888888955
131922  -30.311  -15.338  7.357 0.6666666865
134434  -30.034  -13.948  7.586 0.7777777910
133144  -31.560  -14.798  8.411 0.6666666865
131903  -21.467  -15.932  8.521 0.5555555820
134416  -31.744  -14.025  8.677 0.6666666865
134395  -21.065  -14.045  8.709 0.4444444478
134402  -32.765  -13.773  9.373 0.5555555820
135650  -34.656  -13.191  9.214 0.5555555820
136949  -20.438  -12.202  9.307 0.2222222239
136974  -34.520  -12.488  9.587 0.5555555820
139595  -33.962  -10.922  9.885 0.5555555820
141978  -19.649  -9.255  9.577 0.3333333433
139597  -35.521  -10.266  9.410 0.5555555820
145767  -20.738  -7.226  8.734 0.4444444478
142010  -35.414  -9.162  9.308 0.4444444478
145727  -19.950  -6.834  9.451 0.3333333433
144442  -34.958  -7.770  9.952 0.5555555820
145721  -34.658  -6.366  10.415 0.4444444478
151538  -22.521  -2.902  8.273 0.3333333433
150473  -22.243  -3.735  8.472 0.3333333433
149329  -22.244  -4.227  8.079 0.4444444478
148172  -33.740  -4.996  10.756 0.4444444478
150450  -34.493  -3.650  10.658 0.4444444478
152600  -35.022  -2.265  10.404 0.2222222239
155056  -23.412  -0.613  8.526 0.3333333433
153787  -24.403  -0.707  7.444 0.6666666865
153819  -26.612  -0.877  7.177 0.6666666865
153807  -28.165  -1.601  7.979 0.6666666865
155043  -29.482  -0.684  8.751 0.6666666865
155044  -30.038  -0.580  9.104 0.6666666865
156333  -30.822  -0.210  9.575 0.6666666865
155033  -31.037  -0.633  9.764 0.6666666865
155035  -32.402  -0.559  10.560 0.6666666865
155036  -33.306  -0.517  10.741 0.4444444478
153765  -35.021  -1.376  10.378 0.3333333433
153816  -25.078  -0.541  6.893 0.5555555820
123367  -21.806  -21.015  9.118 0.5555555820
124615  -22.100  -20.358  8.853 0.6666666865
123381  -23.305  -21.142  8.092 0.6666666865
125840  -23.280  -20.001  7.983 0.7777777910
125839  -22.966  -19.579  8.145 0.7777777910
127162  -23.048  -18.702  7.956 0.8888888955
127163  -23.533  -18.676  7.738 0.8888888955
129592  -24.620  -17.270  6.830 1.0000000000
129580  -23.519  -17.275  7.406 1.0000000000
127164  -24.072  -18.735  7.475 0.8888888955
128437  -26.179  -17.915  7.211 1.0000000000
128436  -25.600  -17.939  6.997 0.8888888955
127176  -25.914  -18.658  7.152 0.8888888955
121986  -21.689  -21.866  9.018 0.5555555820
123344  -21.235  -20.920  9.715 0.4444444478
123345  -21.489  -20.972  9.430 0.5555555820
124589  -21.457  -20.319  9.532 0.5555555820
125831  -21.610  -19.690  9.210 0.6666666865
125832  -21.909  -19.691  8.905 0.6666666865
127151  -21.895  -18.882  8.584 0.8888888955
127144  -21.724  -19.282  8.950 0.5555555820
128422  -22.717  -18.033  7.945 0.8888888955
127175  -25.285  -18.685  7.072 0.8888888955
129593  -25.281  -17.235  6.744 1.0000000000
129607  -26.841  -17.028  7.044 1.0000000000
130787  -24.917  -16.466  6.694 1.0000000000
130788  -25.605  -16.482  6.540 1.0000000000
130801  -27.122  -16.369  6.620 1.0000000000
127129  -21.165  -18.890  9.633 0.5555555820
128409  -21.501  -18.027  8.823 0.6666666865
128410  -21.806  -18.063  8.506 0.8888888955
130771  -22.231  -16.500  8.037 0.8888888955
129566  -22.044  -17.565  8.317 1.0000000000
130772  -22.694  -16.521  7.699 1.0000000000
131904  -21.960  -15.819  8.116 0.8888888955
131921  -24.105  -16.121  7.171 1.0000000000
131920  -23.674  -15.724  7.150 1.0000000000
131936  -25.742  -15.958  6.369 1.0000000000
133157  -23.221  -15.005  7.287 1.0000000000
134431  -23.357  -14.436  7.098 1.0000000000
131950  -26.804  -15.618  6.449 1.0000000000
131938  -28.547  -15.619  6.633 0.8888888955
133192  -27.083  -15.144  6.419 1.0000000000
134460  -25.573  -13.950  6.219 1.0000000000
134447  -24.971  -13.995  6.367 1.0000000000
133175  -27.011  -14.445  6.637 1.0000000000
133177  -28.307  -14.541  6.969 1.0000000000
133178  -29.048  -15.053  6.915 0.8888888955
133160  -29.702  -14.778  7.233 0.7777777910
134414  -21.915  -14.489  7.972 1.0000000000
134413  -21.522  -14.161  8.221 0.5555555820
133155  -22.128  -15.068  7.837 1.0000000000
133141  -21.284  -14.955  8.615 0.5555555820
135677  -23.104  -13.539  7.302 1.0000000000
135675  -22.138  -13.403  7.803 0.8888888955
135691  -23.501  -13.369  7.066 1.0000000000
135708  -26.472  -13.252  5.919 1.0000000000
137032  -26.668  -12.570  6.192 1.0000000000
135696  -27.840  -13.088  6.839 1.0000000000
137004  -29.408  -12.358  7.816 0.8888888955
135661  -30.650  -12.857  8.269 0.7777777910
135663  -31.981  -13.321  8.932 0.6666666865
135639  -20.890  -13.114  9.015 0.5555555820
136964  -21.119  -12.375  8.570 0.6666666865
136985  -21.617  -12.452  7.989 0.6666666865
134428  -21.899  -13.928  7.907 0.7777777910
136986  -21.975  -12.025  7.778 0.7777777910
139628  -22.076  -10.772  7.780 0.6666666865
139629  -22.812  -10.773  7.429 0.8888888955
138317  -22.819  -11.791  7.386 0.8888888955
139646  -23.107  -11.307  7.174 0.8888888955
135676  -22.683  -13.441  7.604 0.8888888955
137002  -23.065  -12.728  7.296 1.0000000000
138337  -24.600  -11.745  6.468 0.8888888955
138338  -25.210  -11.768  6.248 1.0000000000
138339  -27.101  -11.488  6.981 1.0000000000
138318  -28.617  -11.290  7.595 0.8888888955
138320  -29.780  -11.849  8.211 0.8888888955
137005  -30.041  -12.611  8.037 0.7777777910
138302  -31.462  -11.866  9.129 0.6666666865
135649  -33.917  -13.096  9.326 0.5555555820
138249  -20.214  -11.586  9.479 0.3333333433
138269  -20.527  -11.548  9.135 0.3333333433
138270  -20.927  -11.583  8.765 0.4444444478
140848  -22.351  -9.918  7.647 0.6666666865
140860  -24.814  -10.246  6.601 0.8888888955
139667  -26.125  -11.147  6.322 1.0000000000
142053  -26.302  -9.807  6.159 1.0000000000
139611  -28.643  -10.371  8.033 0.7777777910
139591  -30.870  -10.627  9.255 0.7777777910
138281  -33.438  -11.572  9.596 0.5555555820
142040  -24.072  -9.200  7.029 0.8888888955
143257  -26.337  -9.157  6.245 1.0000000000
140804  -31.612  -9.522  9.900 0.7777777910
140826  -31.331  -9.836  9.649 0.7777777910
139562  -32.957  -10.285  9.907 0.6666666865
141998  -20.407  -9.509  9.064 0.4444444478
143245  -23.840  -8.402  7.081 0.8888888955
143249  -26.676  -8.617  6.517 1.0000000000
144479  -26.829  -7.697  6.889 0.8888888955
143226  -29.660  -8.162  8.950 0.7777777910
141986  -32.180  -9.134  10.259 0.6666666865
141990  -34.810  -9.154  10.001 0.5555555820
140828  -34.985  -9.805  9.934 0.5555555820
144451  -20.906  -7.743  8.558 0.5555555820
145780  -22.203  -7.040  7.765 0.6666666865
144474  -23.558  -7.686  7.118 0.8888888955
144453  -28.463  -7.580  7.857 0.8888888955
144419  -30.971  -7.215  9.870 0.8888888955
143196  -33.422  -8.261  10.672 0.6666666865
147052  -28.627  -6.000  8.511 0.8888888955
144423  -33.890  -7.508  10.592 0.5555555820
147051  -21.974  -6.616  7.845 0.5555555820
147067  -23.556  -6.600  7.112 1.0000000000
147079  -23.922  -6.166  6.998 0.7777777910
147065  -22.332  -6.191  7.608 0.7777777910
147093  -25.805  -6.118  6.740 0.8888888955
147080  -24.609  -6.040  6.828 0.7777777910
145739  -34.761  -6.937  10.195 0.5555555820
149345  -22.190  -4.534  7.881 0.5555555820
148216  -21.955  -5.119  8.032 0.5555555820
150497  -22.724  -3.921  7.798 0.4444444478
149379  -23.585  -5.087  6.960 0.6666666865
149363  -23.684  -4.305  6.941 0.6666666865
148247  -23.358  -5.452  7.069 0.7777777910
147050  -21.722  -6.206  8.050 0.7777777910
148215  -21.633  -5.405  8.291 0.6666666865
150517  -25.183  -4.486  7.000 0.7777777910
148249  -24.336  -5.382  6.846 0.7777777910
148237  -27.946  -5.327  7.743 0.7777777910
149346  -28.103  -4.214  8.102 0.6666666865
148202  -29.263  -5.139  9.155 0.6666666865
149348  -28.985  -4.387  8.864 0.6666666865
151541  -30.103  -2.914  9.556 0.6666666865
150464  -30.309  -3.612  9.752 0.6666666865
148188  -31.435  -4.985  10.443 0.5555555820
147019  -31.902  -5.643  10.595 0.5555555820
149304  -33.519  -4.294  10.943 0.4444444478
147004  -33.945  -5.743  10.701 0.4444444478
150448  -33.244  -3.583  10.909 0.5555555820
151550  -22.771  -3.263  7.817 0.4444444478
151565  -23.299  -3.040  7.571 0.5555555820
150500  -24.319  -3.619  7.214 0.6666666865
152598  -30.747  -2.067  9.825 0.6666666865
152599  -31.445  -2.090  10.295 0.6666666865
152632  -23.795  -2.099  7.500 0.5555555820
153802  -24.736  -1.078  7.176 0.6666666865
152620  -28.433  -2.114  8.056 0.6666666865
153790  -29.231  -1.377  8.591 0.6666666865
155045  -30.596  -0.609  9.414 0.6666666865
143205  -20.402  -8.605  9.009 0.4444444478
148195  -21.166  -5.424  8.774 0.3333333433
140817  -20.140  -10.027  9.287 0.4444444478
141997  -20.015  -9.313  9.285 0.4444444478
151534  -35.294  -2.909  10.192 0.3333333433
155038  -34.737  -0.377  10.503 0.3333333433
121987  -22.264  -21.835  8.425 0.5555555820
124658  -27.040  -20.070  6.544 0.6666666865
120594  -21.034  -22.585  9.430 0.5555555820
130791  -28.921  -16.424  6.577 0.7777777910
121942  -20.697  -22.091  10.377 0.3333333433
124588  -21.167  -20.355  9.898 0.4444444478
133161  -30.519  -14.676  7.725 0.6666666865
130756  -21.590  -16.736  8.750 0.7777777910
136963  -20.727  -12.244  8.976 0.3333333433
135624  -20.501  -12.961  9.481 0.1111111119
136948  -20.168  -12.222  9.665 0.1111111119
140816  -19.831  -9.951  9.538 0.4444444478
143204  -19.835  -8.540  9.368 0.3333333433
144434  -19.994  -7.811  9.132 0.3333333433
149328  -21.775  -4.600  8.499 0.3333333433
156335  -31.955  0.229  10.217 0.6666666865
156336  -32.759  0.280  10.498 0.4444444478
117995  -25.607  -24.002  7.375 0.4444444478
116627  -27.221  -24.667  7.799 0.2222222239
119239  -22.963  -23.480  8.320 0.4444444478
119240  -23.612  -23.439  8.069 0.4444444478
120612  -23.124  -22.681  8.060 0.4444444478
120613  -23.966  -22.633  8.061 0.4444444478
120627  -25.068  -22.996  7.584 0.4444444478
120629  -26.070  -22.556  7.192 0.4444444478
119263  -27.439  -23.258  7.363 0.2222222239
122000  -24.424  -21.763  7.714 0.4444444478
122014  -25.100  -21.536  7.423 0.4444444478
122015  -25.661  -22.011  7.426 0.4444444478
120631  -28.652  -22.527  7.808 0.1111111119
119266  -29.817  -23.403  8.008 0.1111111119
123395  -25.948  -21.585  7.057 0.4444444478
120657  -27.724  -22.036  7.266 0.3333333433
123392  -24.391  -20.927  7.290 0.4444444478
123394  -25.597  -21.329  6.984 0.4444444478
122040  -26.866  -21.684  6.880 0.3333333433
122042  -27.865  -21.578  7.309 0.3333333433
120632  -29.468  -22.552  8.093 0.2222222239
123417  -26.348  -21.066  6.746 0.4444444478
123418  -27.262  -20.975  6.814 0.3333333433
123393  -25.028  -20.832  6.934 0.5555555820
123416  -25.706  -20.628  6.765 0.4444444478
123421  -29.167  -20.766  7.395 0.2222222239
123399  -30.536  -21.051  7.719 0.1111111119
123401  -32.190  -21.154  7.613 0.1111111119
124660  -28.502  -20.051  6.873 0.3333333433
124661  -29.349  -20.185  7.301 0.3333333433
127193  -28.306  -18.734  7.101 0.4444444478
127180  -28.783  -18.478  7.263 0.5555555820
128441  -29.346  -17.857  7.016 0.6666666865
127166  -31.345  -18.652  7.464 0.4444444478
129598  -29.160  -17.144  6.765 0.6666666865
127154  -33.360  -18.533  8.226 0.3333333433
129581  -30.438  -17.203  7.139 0.6666666865
129567  -31.975  -17.346  8.150 0.5555555820
130793  -30.171  -16.494  7.030 0.6666666865
130776  -31.409  -16.509  7.885 0.5555555820
130759  -32.069  -16.511  8.411 0.5555555820
128413  -33.005  -17.917  8.310 0.4444444478
130760  -32.987  -16.490  8.684 0.3333333433
131941  -30.485  -15.914  7.194 0.5555555820
133146  -33.174  -14.976  9.000 0.4444444478
133133  -32.964  -14.372  9.383 0.5555555820
131907  -32.646  -15.667  8.724 0.4444444478
133135  -34.280  -14.406  9.069 0.4444444478
153788  -28.099  -1.119  8.133 0.5555555820
155059  -27.814  -0.626  8.046 0.5555555820
156345  -29.215  -0.276  8.612 0.5555555820
156346  -29.573  0.114  8.850 0.5555555820
156347  -30.463  0.248  9.310 0.5555555820
157599  -31.593  1.007  9.796 0.5555555820
117993  -24.574  -23.896  7.771 0.4444444478
117997  -26.975  -24.042  7.444 0.2222222239
121998  -22.842  -21.831  8.026 0.4444444478
123398  -29.654  -20.939  7.581 0.2222222239
122020  -30.871  -21.862  7.851 0.1111111119
125872  -29.790  -19.334  7.437 0.4444444478
124642  -31.021  -20.303  7.430 0.3333333433
125871  -28.980  -19.315  7.256 0.4444444478
128425  -30.662  -17.879  7.287 0.6666666865
128426  -31.210  -17.909  7.503 0.4444444478
131908  -33.478  -15.726  8.869 0.3333333433
133148  -34.783  -14.864  8.931 0.4444444478
136975  -35.197  -12.597  9.294 0.4444444478
157622  -28.344  0.595  8.053 0.5555555820
157623  -28.812  1.148  8.041 0.5555555820
125856  -32.427  -19.507  7.848 0.2222222239
116591  -23.334  -25.004  8.775 0.4444444478
116602  -24.470  -24.863  8.065 0.4444444478
116605  -26.730  -25.237  8.101 0.2222222239
116606  -27.489  -25.289  8.163 0.2222222239
119219  -21.988  -23.494  9.112 0.4444444478
117954  -22.916  -24.459  8.814 0.4444444478
117999  -28.459  -24.014  7.848 0.1111111119
118000  -29.275  -24.101  7.929 0.1111111119
116607  -28.260  -25.272  8.285 0.1111111119
119267  -30.696  -23.506  7.771 0.1111111119
120633  -30.368  -22.637  8.052 0.1111111119
120635  -32.042  -22.707  7.618 0.1111111119
122022  -32.499  -21.945  7.660 0.1111111119
123402  -32.985  -21.194  7.668 0.1111111119
125857  -33.202  -19.746  7.965 0.2222222239
128414  -33.725  -17.831  8.228 0.1111111119
125841  -33.057  -19.130  8.117 0.2222222239
129571  -34.887  -17.172  8.460 0.2222222239
130763  -35.431  -16.462  8.475 0.2222222239
131910  -35.129  -15.682  8.751 0.3333333433
134405  -34.858  -13.949  9.005 0.4444444478
135652  -35.841  -13.311  8.630 0.3333333433
136990  -36.136  -12.622  8.121 0.3333333433
138283  -35.173  -11.725  9.362 0.4444444478
138304  -35.696  -11.717  8.623 0.3333333433
149344  -21.866  -4.888  8.191 0.4444444478
143215  -35.079  -8.571  9.621 0.4444444478
148189  -34.887  -5.167  10.349 0.3333333433
155072  -24.539  -0.295  7.251 0.4444444478
156395  -27.139  0.209  6.910 0.5555555820
156381  -27.562  0.310  7.533 0.5555555820
156364  -29.351  0.765  8.443 0.5555555820
158806  -30.397  1.681  8.818 0.5555555820
158808  -31.460  1.838  9.556 0.5555555820
157644  -27.379  1.162  7.505 0.5555555820
124655  -25.208  -20.030  6.976 0.5555555820
124657  -26.255  -20.085  6.675 0.5555555820
125882  -27.543  -19.175  6.784 0.6666666865
128440  -28.725  -17.760  6.916 0.6666666865
131923  -30.910  -15.641  7.745 0.5555555820
131906  -31.855  -15.580  8.438 0.5555555820
133145  -32.336  -14.698  8.885 0.4444444478
138303  -35.495  -11.319  9.084 0.4444444478
149306  -34.720  -4.392  10.537 0.3333333433
121999  -23.553  -21.868  7.862 0.4444444478
124659  -27.763  -20.314  6.701 0.3333333433
119259  -24.818  -23.423  7.669 0.4444444478
117996  -26.251  -24.091  7.226 0.4444444478
116625  -25.825  -24.523  7.631 0.3333333433
119261  -25.921  -23.340  7.051 0.4444444478
116624  -25.424  -24.366  7.629 0.4444444478
116626  -26.498  -24.657  7.657 0.3333333433
116628  -27.967  -24.677  7.914 0.1111111119
119220  -22.424  -23.495  8.626 0.4444444478
117971  -23.376  -24.206  8.431 0.4444444478
117972  -24.090  -24.179  7.983 0.4444444478
119241  -24.286  -23.385  7.887 0.4444444478
120614  -24.728  -22.730  7.912 0.4444444478
122001  -25.105  -22.158  7.778 0.4444444478
122002  -25.427  -22.422  7.727 0.4444444478
119262  -26.698  -23.455  7.068 0.4444444478
119288  -27.016  -22.815  6.989 0.4444444478
120655  -26.631  -22.345  6.968 0.4444444478
117998  -27.691  -23.984  7.708 0.2222222239
119289  -27.516  -22.588  7.152 0.4444444478
119264  -28.176  -23.270  7.735 0.1111111119
120630  -27.972  -22.569  7.481 0.2222222239
118001  -30.138  -24.255  7.802 0.1111111119
123397  -28.920  -21.186  7.484 0.3333333433
123419  -28.047  -21.018  7.128 0.3333333433
122018  -29.169  -21.789  7.727 0.2222222239
122019  -30.009  -21.800  7.859 0.2222222239
124641  -30.280  -20.408  7.541 0.2222222239
123400  -31.370  -21.100  7.656 0.1111111119
122021  -31.698  -21.914  7.716 0.1111111119
124643  -31.901  -20.331  7.469 0.1111111119
125870  -28.537  -19.444  7.004 0.3333333433
127181  -29.527  -18.545  7.428 0.4444444478
127182  -30.322  -18.613  7.345 0.4444444478
127167  -31.987  -18.726  7.853 0.3333333433
125874  -31.042  -19.212  7.341 0.4444444478
125855  -31.540  -19.488  7.484 0.3333333433
125843  -34.346  -19.076  8.034 0.1111111119
128412  -32.306  -17.997  8.173 0.4444444478
130775  -30.742  -16.500  7.411 0.5555555820
129582  -30.995  -17.225  7.514 0.5555555820
130758  -31.647  -16.132  8.271 0.5555555820
129569  -33.382  -17.174  8.421 0.3333333433
134418  -35.339  -14.338  8.832 0.4444444478
156363  -28.858  0.132  8.316 0.5555555820
156362  -28.063  0.030  8.048 0.5555555820
157609  -30.653  1.181  9.143 0.5555555820
117973  -24.665  -24.390  7.814 0.4444444478
116603  -25.203  -24.830  7.876 0.4444444478
157646  -28.466  1.442  7.750 0.5555555820
124644  -32.697  -20.402  7.714 0.2222222239
115182  -24.246  -25.297  8.235 0.4444444478
115184  -25.489  -25.506  8.460 0.4444444478
115185  -26.253  -25.505  8.687 0.2222222239
116604  -25.996  -25.085  8.046 0.4444444478
117953  -22.379  -24.202  8.970 0.4444444478
116629  -28.753  -24.755  7.922 0.1111111119
108161  -23.930  -29.995  12.411 0.1111111119
110933  -21.341  -28.192  11.102 0.3333333433
109522  -22.802  -28.950  11.523 0.2222222239
108184  -23.527  -29.658  12.095 0.2222222239
109502  -23.900  -29.430  12.127 0.1111111119
109524  -24.202  -29.023  11.970 0.1111111119
115127  -21.050  -26.156  10.924 0.3333333433
113682  -20.701  -26.917  11.134 0.3333333433
112303  -21.041  -27.543  11.075 0.3333333433
112305  -22.323  -27.505  10.574 0.3333333433
112306  -23.127  -27.719  10.597 0.3333333433
110917  -23.246  -28.613  11.372 0.2222222239
112307  -23.803  -27.692  10.591 0.2222222239
110918  -24.007  -28.476  11.498 0.2222222239
117918  -20.266  -24.793  11.105 0.2222222239
116565  -20.531  -25.511  10.918 0.2222222239
113683  -21.344  -26.935  10.919 0.3333333433
113684  -21.822  -27.040  10.666 0.3333333433
110937  -24.101  -27.966  10.978 0.1111111119
119200  -20.690  -23.808  10.416 0.2222222239
117919  -20.715  -24.920  10.712 0.3333333433
117936  -21.139  -24.509  10.327 0.3333333433
116580  -21.609  -25.233  10.224 0.3333333433
117937  -21.681  -24.634  9.942 0.3333333433
116581  -22.152  -25.130  9.654 0.3333333433
115144  -21.547  -25.800  10.597 0.3333333433
115146  -22.543  -25.891  9.605 0.3333333433
113702  -23.279  -26.887  9.774 0.3333333433
113703  -24.153  -26.958  9.958 0.3333333433
113716  -23.646  -26.419  9.309 0.3333333433
113685  -24.709  -27.023  10.276 0.1111111119
113704  -24.993  -26.642  9.971 0.2222222239
120574  -20.718  -22.907  9.950 0.2222222239
119201  -21.090  -23.678  9.937 0.3333333433
117952  -21.938  -24.244  9.509 0.3333333433
116589  -22.249  -24.644  9.294 0.3333333433
116582  -22.593  -25.432  9.379 0.3333333433
115162  -23.074  -25.721  9.139 0.3333333433
115163  -23.969  -25.814  8.561 0.3333333433
113717  -24.485  -26.359  9.341 0.3333333433
120595  -21.485  -22.814  9.189 0.3333333433
115183  -24.724  -25.501  8.182 0.3333333433
133149  -35.506  -14.910  8.597 0.2222222239
134419  -35.821  -14.110  8.392 0.2222222239
133163  -36.132  -14.824  7.713 0.2222222239
140841  -35.646  -9.787  9.068 0.3333333433
139633  -35.813  -10.802  7.907 0.2222222239
110934  -21.947  -28.168  10.912 0.3333333433
110935  -22.711  -28.369  11.070 0.3333333433
109523  -23.526  -29.099  11.794 0.2222222239
112289  -24.662  -27.976  11.293 0.1111111119
117935  -20.639  -24.421  10.695 0.3333333433
116566  -21.109  -25.347  10.638 0.3333333433
113700  -22.133  -26.779  10.368 0.3333333433
112322  -22.871  -27.218  10.187 0.3333333433
112323  -23.544  -27.344  10.200 0.3333333433
112324  -24.012  -27.395  10.303 0.3333333433
119218  -21.507  -23.578  9.533 0.3333333433
115164  -24.945  -25.959  8.837 0.3333333433
108159  -22.593  -30.127  12.091 0.1111111119
108160  -23.251  -30.166  12.289 0.1111111119
112288  -20.550  -27.564  11.453 0.3333333433
110932  -20.874  -28.009  11.350 0.3333333433
110915  -20.999  -28.443  11.477 0.3333333433
109520  -21.483  -28.847  11.492 0.3333333433
109521  -22.162  -29.046  11.506 0.3333333433
108183  -23.029  -29.615  11.876 0.3333333433
106815  -24.289  -31.019  13.124 0.1111111119
108162  -24.599  -29.942  12.573 0.1111111119
115126  -20.272  -26.236  11.259 0.3333333433
109525  -24.599  -29.114  12.105 0.1111111119
110919  -24.876  -28.680  11.898 0.1111111119
119185  -20.454  -24.070  10.942 0.2222222239
112309  -25.200  -27.483  11.098 0.1111111119
113705  -25.698  -26.587  10.364 0.1111111119
115147  -25.545  -26.293  9.811 0.1111111119
121931  -20.830  -22.291  11.144 0.1111111119
135666  -36.347  -13.492  7.702 0.2222222239
140851  -35.782  -9.734  8.227 0.2222222239
140864  -35.891  -9.910  7.242 0.2222222239
123322  -20.951  -21.155  10.096 0.2222222239
129564  -21.452  -17.340  9.037 0.5555555820
120575  -21.100  -23.138  9.555 0.4444444478
138322  -36.218  -12.243  7.344 0.2222222239
106837  -24.251  -30.454  12.782 0.1111111119
112304  -21.603  -27.578  10.787 0.3333333433
109533  -21.704  -28.480  11.157 0.3333333433
109535  -22.437  -28.735  11.351 0.3333333433
113663  -20.130  -26.994  11.549 0.2222222239
112321  -22.462  -27.042  10.255 0.3333333433
110936  -23.507  -28.167  10.987 0.2222222239
115128  -21.762  -26.409  10.764 0.3333333433
112308  -24.486  -27.450  10.619 0.1111111119
117951  -21.524  -24.091  9.918 0.3333333433
115145  -22.041  -25.982  10.168 0.3333333433
113701  -22.569  -26.632  9.922 0.3333333433
113715  -22.979  -26.362  9.477 0.3333333433
113686  -25.155  -27.009  10.597 0.1111111119
120556  -20.496  -23.185  10.865 0.2222222239
116590  -22.654  -24.951  9.133 0.3333333433
113718  -25.142  -26.222  9.457 0.3333333433
115165  -25.738  -25.942  9.225 0.1111111119
106835  -22.793  -30.732  12.509 0.1111111119
108182  -22.406  -29.592  11.688 0.2222222239
110914  -20.513  -28.254  11.729 0.3333333433
109519  -20.798  -28.901  11.720 0.3333333433
108181  -21.767  -29.542  11.749 0.3333333433
115108  -19.793  -26.496  11.650 0.2222222239
134437  -36.296  -14.144  7.529 0.1111111119
133180  -36.366  -14.804  7.178 0.1111111119
133210  -36.665  -14.882  4.976 0.1111111119
133193  -36.547  -14.656  6.410 0.1111111119
135710  -36.398  -13.314  6.095 0.1111111119
135729  -36.087  -13.365  4.631 0.1111111119
138321  -36.047  -11.786  7.544 0.1111111119
135718  -36.044  -12.808  5.131 0.1111111119
139654  -36.176  -11.487  6.776 0.1111111119
139684  -36.187  -11.488  5.550 0.1111111119
144456  -35.785  -7.589  8.913 0.2222222239
139653  -36.056  -10.948  6.876 0.1111111119
139669  -36.032  -10.726  5.874 0.1111111119
147041  -35.647  -5.972  8.978 0.1111111119
147022  -35.402  -5.975  9.597 0.2222222239
149324  -35.507  -4.403  9.604 0.1111111119
145773  -35.692  -6.755  8.593 0.1111111119
147070  -35.645  -5.834  7.498 0.1111111119
155086  -26.707  -0.331  6.834 0.4444444478
150468  -35.419  -3.632  9.891 0.1111111119
157641  -25.109  1.166  7.599 0.4444444478
156394  -26.527  0.494  6.740 0.4444444478
151555  -35.946  -3.052  8.581 0.1111111119
157624  -29.500  1.361  8.263 0.4444444478
156338  -34.329  0.407  10.539 0.3333333433
153766  -35.742  -1.247  9.899 0.1111111119
151542  -35.937  -2.713  8.984 0.1111111119
152622  -36.260  -1.761  8.469 0.1111111119
158824  -29.228  1.938  7.948 0.4444444478
158849  -28.658  1.832  7.765 0.4444444478
159964  -29.495  2.772  8.087 0.4444444478
158825  -29.961  1.978  8.364 0.4444444478
159950  -30.829  2.609  8.814 0.4444444478
158807  -30.901  1.938  9.100 0.4444444478
159935  -31.769  2.339  9.803 0.4444444478
159937  -32.895  2.762  10.464 0.4444444478
159922  -33.188  2.331  10.689 0.2222222239
158795  -34.198  1.974  10.526 0.2222222239
157603  -34.647  1.187  10.405 0.2222222239
157611  -36.035  1.214  9.686 0.2222222239
156350  -36.357  0.441  9.461 0.2222222239
165749  -35.057  7.290  9.784 0.1111111119
162972  -35.701  4.908  8.720 0.1111111119
156383  -36.912  0.579  8.082 0.1111111119
158845  -26.302  1.560  8.063 0.4444444478
158846  -27.126  1.728  8.016 0.4444444478
159983  -28.095  2.229  7.801 0.3333333433
159963  -28.618  2.590  7.860 0.4444444478
161008  -29.771  3.636  8.281 0.4444444478
162013  -30.645  4.265  9.022 0.4444444478
160998  -31.320  3.617  9.386 0.4444444478
159951  -31.304  2.674  9.305 0.4444444478
160986  -32.450  3.269  10.070 0.4444444478
163951  -30.509  5.686  9.059 0.3333333433
162003  -32.514  4.101  10.129 0.3333333433
162004  -33.242  4.257  10.177 0.1111111119
160988  -33.829  3.516  10.178 0.1111111119
160999  -35.147  3.886  9.658 0.1111111119
158797  -35.559  1.958  9.782 0.2222222239
159952  -35.653  2.693  9.484 0.1111111119
161000  -35.695  3.568  9.258 0.1111111119
159980  -25.995  1.787  8.275 0.2222222239
161007  -28.964  3.571  7.826 0.3333333433
162021  -30.060  4.446  8.644 0.3333333433
162014  -31.323  4.477  9.571 0.4444444478
163952  -31.178  5.912  9.629 0.2222222239
162970  -31.424  5.267  9.706 0.2222222239
162959  -32.601  4.978  10.148 0.2222222239
162961  -34.202  5.188  10.044 0.1111111119
164871  -31.185  6.773  9.706 0.1111111119
164859  -31.555  6.328  9.843 0.1111111119
164860  -32.109  6.735  9.996 0.1111111119
162962  -34.831  5.231  9.650 0.1111111119
165758  -31.616  7.358  9.865 0.1111111119
164861  -33.079  6.781  10.052 0.1111111119
163944  -34.501  5.996  10.079 0.1111111119
159982  -27.665  2.226  8.104 0.3333333433
159962  -27.902  2.813  7.980 0.3333333433
161005  -27.561  3.616  8.299 0.3333333433
161020  -27.691  4.121  7.647 0.3333333433
161022  -28.964  4.268  7.521 0.3333333433
162976  -29.502  5.076  8.216 0.3333333433
163959  -30.087  6.152  8.641 0.2222222239
164870  -30.528  6.701  9.109 0.2222222239
165756  -30.299  7.713  9.093 0.1111111119
167592  -31.724  8.505  9.792 0.1111111119
165747  -33.454  7.618  9.919 0.1111111119
168485  -33.425  9.683  9.792 0.1111111119
160984  -26.794  3.133  9.966 0.1111111119
162001  -27.328  4.513  9.457 0.1111111119
162011  -27.457  4.382  8.907 0.2222222239
162967  -27.683  5.160  8.763 0.2222222239
163000  -28.203  5.231  7.321 0.3333333433
163957  -27.787  6.050  7.929 0.2222222239
162990  -29.153  5.615  7.756 0.3333333433
163969  -28.186  6.073  7.435 0.3333333433
165777  -28.571  7.098  7.804 0.2222222239
165765  -28.758  7.582  8.124 0.1111111119
166685  -29.086  8.182  8.442 0.1111111119
166686  -29.688  7.978  8.728 0.1111111119
166675  -30.056  8.555  9.087 0.1111111119
166677  -31.347  8.124  9.716 0.1111111119
167591  -31.262  9.060  9.790 0.1111111119
168482  -31.694  9.336  9.852 0.1111111119
166668  -32.945  8.358  9.906 0.1111111119
165761  -35.165  7.688  9.261 0.1111111119
164873  -35.522  6.796  8.854 0.1111111119
162000  -27.053  4.133  9.859 0.1111111119
162950  -27.618  4.616  10.385 0.1111111119
162957  -27.564  5.058  9.333 0.1111111119
163938  -27.558  5.764  9.724 0.1111111119
165754  -27.482  7.693  9.241 0.1111111119
165755  -27.645  7.617  8.599 0.1111111119
165764  -28.145  7.434  8.091 0.2222222239
166683  -27.994  8.394  8.467 0.1111111119
168512  -27.972  9.837  8.264 0.1111111119
167608  -28.906  9.034  8.256 0.1111111119
169425  -28.596  10.656  8.329 0.1111111119
168496  -30.007  9.871  8.965 0.1111111119
163935  -27.995  5.916  10.758 0.1111111119
163926  -28.380  5.515  11.201 0.1111111119
164852  -28.067  6.811  10.594 0.1111111119
165743  -27.504  7.852  9.853 0.1111111119
166665  -27.483  8.636  9.997 0.1111111119
166673  -27.489  8.536  9.428 0.1111111119
167605  -27.217  10.027  8.774 0.1111111119
167626  -27.440  9.955  8.273 0.1111111119
165738  -28.470  7.353  10.838 0.1111111119
164843  -29.080  6.882  11.111 0.1111111119
166660  -27.851  8.370  10.740 0.1111111119
131953  -36.484  -15.520  6.075 0.1111111119
135698  -36.482  -13.389  6.758 0.1111111119
134472  -36.433  -13.990  5.810 0.1111111119
134483  -36.665  -14.341  4.419 0.1111111119
140873  -35.866  -9.920  6.283 0.1111111119
142054  -35.762  -9.055  6.659 0.1111111119
148238  -35.676  -5.059  7.928 0.1111111119
157657  -25.986  0.990  7.081 0.4444444478
157600  -32.298  1.012  10.276 0.4444444478
157593  -33.350  1.538  10.654 0.3333333433
156339  -35.071  0.389  10.269 0.2222222239
155039  -35.434  -0.438  10.134 0.1111111119
155047  -36.428  -0.317  9.120 0.1111111119
151556  -36.038  -2.608  8.275 0.1111111119
158809  -36.094  1.963  9.316 0.2222222239
162006  -34.664  4.451  9.761 0.1111111119
162015  -35.223  4.459  9.389 0.1111111119
159985  -36.602  2.618  7.988 0.1111111119
162020  -29.411  4.305  8.023 0.3333333433
164863  -34.807  6.778  9.956 0.1111111119
164869  -27.619  6.788  8.237 0.2222222239
166684  -28.512  8.286  8.290 0.1111111119
164858  -27.667  6.809  10.253 0.1111111119
167588  -27.518  9.190  9.047 0.1111111119
169424  -28.021  10.493  8.206 0.1111111119
167573  -27.461  9.234  10.284 0.1111111119
166646  -28.122  8.633  10.926 0.1111111119
133213  -38.436  -14.871  4.700 0.1111111119
133211  -37.110  -14.906  4.604 0.1111111119
142033  -35.850  -8.864  8.155 0.2222222239
145740  -35.160  -6.592  9.796 0.2222222239
150486  -35.807  -3.590  8.680 0.1111111119
156378  -25.333  0.776  7.246 0.4444444478
159965  -30.287  2.911  8.478 0.4444444478
162002  -31.847  3.872  9.893 0.4444444478
162958  -31.919  4.743  9.902 0.2222222239
163934  -27.742  5.427  10.309 0.1111111119
162943  -28.491  4.793  10.929 0.1111111119
163927  -29.004  5.898  11.316 0.1111111119
165744  -27.647  7.340  10.283 0.1111111119
166666  -27.619  8.093  10.364 0.1111111119
131967  -37.428  -15.629  4.645 0.1111111119
131926  -36.278  -15.599  7.658 0.1111111119
131942  -36.454  -15.544  6.832 0.1111111119
131966  -36.790  -15.610  4.792 0.1111111119
134473  -39.268  -14.237  5.218 0.1111111119
131969  -38.764  -15.569  4.755 0.1111111119
135730  -37.911  -13.416  4.198 0.1111111119
135741  -36.212  -13.186  3.949 0.1111111119
138388  -36.818  -11.672  3.639 0.1111111119
138370  -35.835  -11.767  4.863 0.1111111119
142061  -35.387  -9.120  5.878 0.1111111119
140882  -35.452  -9.908  5.332 0.1111111119
139683  -35.738  -10.848  5.024 0.1111111119
143259  -35.370  -8.226  6.186 0.1111111119
144486  -35.041  -7.357  6.036 0.1111111119
147085  -35.496  -5.789  6.746 0.1111111119
156392  -25.061  0.280  6.987 0.4444444478
148254  -35.728  -4.861  7.117 0.1111111119
149385  -35.753  -4.426  7.280 0.1111111119
152639  -36.242  -1.835  7.786 0.1111111119
150519  -35.758  -3.064  6.666 0.1111111119
158843  -24.906  1.456  7.827 0.4444444478
157642  -25.764  1.249  7.437 0.4444444478
153823  -35.711  -1.029  5.809 0.1111111119
157659  -37.204  1.104  7.586 0.1111111119
159959  -26.408  1.944  8.698 0.2222222239
158822  -26.824  1.885  8.449 0.3333333433
159960  -27.054  2.461  8.746 0.2222222239
161004  -27.312  3.168  8.757 0.2222222239
161023  -36.406  3.440  7.726 0.1111111119
159934  -26.699  2.392  9.682 0.1111111119
160996  -27.275  3.710  8.896 0.2222222239
163961  -36.298  5.820  7.930 0.1111111119
164880  -36.092  6.580  7.506 0.1111111119
160983  -26.781  2.525  10.138 0.1111111119
160968  -27.038  2.956  10.757 0.1111111119
160969  -27.874  3.491  10.900 0.1111111119
160970  -28.397  3.848  10.958 0.1111111119
166687  -35.361  8.432  8.672 0.1111111119
160953  -28.577  3.293  11.501 0.1111111119
160954  -29.096  3.939  11.760 0.1111111119
170330  -28.507  11.535  8.438 0.1111111119
170313  -29.850  11.505  9.119 0.1111111119
169411  -31.951  10.877  9.544 0.1111111119
169412  -32.727  10.952  9.505 0.1111111119
162944  -28.922  5.071  11.318 0.1111111119
168494  -27.207  10.283  9.237 0.1111111119
170360  -25.815  11.489  6.379 0.1111111119
167565  -27.834  9.074  10.758 0.1111111119
143227  -35.802  -8.279  8.490 0.1111111119
152609  -35.949  -1.991  9.543 0.1111111119
158792  -31.969  1.719  10.055 0.4444444478
137007  -36.372  -12.820  7.347 0.1111111119
148204  -35.576  -5.182  9.306 0.2222222239
158847  -27.735  1.750  7.674 0.4444444478
138360  -36.320  -12.085  6.069 0.1111111119
134495  -37.110  -13.588  3.906 0.1111111119
138379  -35.892  -11.873  4.263 0.1111111119
144468  -35.696  -7.509  8.183 0.1111111119
145798  -35.551  -6.639  7.090 0.1111111119
144487  -35.443  -7.422  6.682 0.1111111119
150506  -35.932  -3.395  7.768 0.1111111119
153776  -36.357  -1.048  8.778 0.1111111119
151580  -35.870  -2.668  6.854 0.1111111119
160987  -33.094  3.439  10.247 0.2222222239
159938  -33.617  2.714  10.544 0.2222222239
159940  -35.091  2.708  9.884 0.1111111119
157612  -36.503  1.248  9.122 0.2222222239
156365  -36.635  0.510  8.795 0.1111111119
163954  -35.563  6.056  9.148 0.1111111119
166669  -33.748  8.433  9.842 0.1111111119
161011  -36.274  3.477  8.361 0.1111111119
163945  -35.095  6.013  9.617 0.1111111119
162978  -35.797  5.455  8.857 0.1111111119
162024  -36.271  4.266  8.058 0.1111111119
155095  -36.153  -0.462  6.274 0.1111111119
155075  -36.519  -0.226  7.746 0.1111111119
157626  -37.072  1.581  8.129 0.2222222239
162969  -30.902  5.087  9.336 0.3333333433
159966  -36.409  2.647  8.522 0.2222222239
161021  -28.350  4.060  7.211 0.3333333433
163941  -31.825  5.725  9.915 0.2222222239
163943  -33.667  5.975  10.150 0.1111111119
165746  -32.462  7.606  9.997 0.1111111119
159961  -27.508  2.748  8.417 0.3333333433
162019  -27.637  4.574  8.258 0.3333333433
162034  -28.617  4.701  7.301 0.3333333433
164877  -29.714  6.640  8.254 0.2222222239
164878  -30.083  6.671  8.646 0.1111111119
166676  -30.691  8.353  9.460 0.1111111119
167576  -31.887  8.996  9.801 0.1111111119
167578  -33.234  9.062  9.885 0.1111111119
168484  -32.812  9.642  9.884 0.1111111119
166679  -34.399  8.588  9.556 0.1111111119
168500  -33.121  10.238  9.569 0.1111111119
160967  -26.856  2.320  10.435 0.1111111119
162010  -27.153  4.037  9.261 0.1111111119
162975  -27.782  5.337  8.167 0.3333333433
163939  -27.696  5.650  9.171 0.1111111119
163970  -28.830  6.148  7.333 0.3333333433
164888  -28.931  6.751  7.604 0.2222222239
165766  -29.319  7.348  8.321 0.1111111119
167609  -29.506  8.911  8.709 0.1111111119
167590  -30.444  9.167  9.289 0.1111111119
168498  -31.614  9.974  9.728 0.1111111119
168497  -30.841  9.915  9.333 0.1111111119
162956  -27.507  4.910  9.859 0.1111111119
161991  -27.233  3.861  10.637 0.1111111119
163949  -27.473  6.205  9.246 0.1111111119
164868  -27.396  6.851  8.926 0.1111111119
164857  -27.385  6.838  9.765 0.1111111119
166674  -27.699  8.478  8.910 0.1111111119
167606  -27.639  9.475  8.488 0.1111111119
167607  -28.242  9.131  8.286 0.1111111119
168513  -28.529  9.838  8.177 0.1111111119
168542  -27.296  10.522  7.183 0.1111111119
168514  -29.350  9.935  8.552 0.1111111119
169426  -29.191  11.005  8.682 0.1111111119
169408  -29.708  10.500  8.946 0.1111111119
162951  -28.015  5.091  10.786 0.1111111119
164842  -28.510  6.307  10.965 0.1111111119
165737  -27.947  7.663  10.673 0.1111111119
167587  -27.330  9.411  9.535 0.1111111119
167624  -26.826  10.148  8.199 0.1111111119
168552  -26.347  10.421  6.587 0.1111111119
130817  -36.506  -16.311  5.103 0.1111111119
134484  -37.364  -14.069  4.214 0.1111111119
143239  -35.772  -8.228  7.797 0.1111111119
153791  -36.340  -1.011  8.123 0.1111111119
158851  -37.032  1.921  7.757 0.1111111119
158863  -36.906  2.312  6.931 0.1111111119
170340  -27.527  11.472  7.416 0.1111111119
168481  -27.819  10.148  10.315 0.1111111119
135731  -38.468  -13.393  4.678 0.1111111119
161986  -28.744  4.238  11.111 0.1111111119
145808  -35.238  -6.599  6.402 0.1111111119
153820  -36.279  -1.087  6.702 0.1111111119
157680  -36.573  1.307  6.056 0.1111111119
161038  -36.365  3.489  7.050 0.1111111119
160995  -26.973  3.331  9.231 0.1111111119
159933  -26.734  1.809  9.760 0.1111111119
162980  -36.250  4.945  7.754 0.1111111119
170331  -29.133  11.928  8.763 0.1111111119
169410  -31.173  10.770  9.473 0.1111111119
169432  -26.166  10.773  7.851 0.1111111119
205784  -25.628  12.210  7.896 0.1111111119
170363  -27.012  11.613  6.014 0.1111111119
108179  -20.595  -29.281  11.944 0.2222222239
131891  -20.548  -15.561  9.399 0.2222222239
133125  -20.812  -14.814  9.017 0.2222222239
130745  -21.227  -16.576  9.018 0.3333333433
131892  -21.012  -15.716  8.968 0.4444444478
156360  -24.084  0.294  7.954 0.3333333433
156359  -23.647  0.160  8.422 0.2222222239
158804  -24.474  1.531  8.852 0.1111111119
158821  -25.201  1.760  8.618 0.1111111119
149327  -21.174  -4.840  9.076 0.1111111119
129557  -21.042  -17.309  9.457 0.2222222239
153769  -21.856  -2.291  9.078 0.1111111119
153753  -22.347  -2.224  9.026 0.1111111119
156329  -23.003  0.215  9.537 0.1111111119
158778  -23.831  1.167  9.767 0.1111111119
158805  -25.309  1.427  9.026 0.1111111119
159958  -25.868  1.846  8.951 0.1111111119
155057  -23.870  -0.483  8.126 0.2222222239
153755  -22.855  -1.044  8.986 0.1111111119
125814  -21.122  -19.649  10.048 0.2222222239
129541  -20.810  -17.583  9.904 0.2222222239
139554  -20.070  -11.173  9.646 0.2222222239
155042  -23.101  -0.622  8.890 0.1111111119
138248  -19.980  -11.563  9.788 0.1111111119
139553  -19.828  -10.754  9.863 0.3333333433
157621  -24.264  0.967  7.894 0.3333333433
158819  -24.073  1.228  8.153 0.3333333433
158820  -24.526  1.535  8.154 0.1111111119
130744  -20.780  -16.434  9.367 0.2222222239
156343  -23.085  0.168  9.022 0.1111111119
157607  -23.501  0.753  8.541 0.1111111119
158764  -22.994  1.806  10.004 0.1111111119
152590  -23.050  -2.269  9.644 0.1111111119
158787  -23.311  1.126  8.987 0.1111111119
155018  -22.942  -0.920  9.758 0.1111111119
155011  -23.622  -0.895  10.044 0.1111111119
156322  -23.092  0.501  10.010 0.1111111119
155028  -22.860  -1.161  9.513 0.1111111119
123403  -33.770  -21.205  7.708 0.1111111119
108157  -20.295  -29.706  12.200 0.1111111119
108180  -21.022  -29.577  11.949 0.1111111119
106854  -21.512  -30.115  12.071 0.1111111119
109500  -19.091  -29.101  12.562 0.1111111119
109501  -19.740  -29.031  12.260 0.1111111119
110913  -19.966  -28.321  12.151 0.1111111119
112287  -20.072  -27.640  11.906 0.1111111119
113662  -19.531  -27.029  12.037 0.1111111119
125800  -20.943  -19.679  10.577 0.1111111119
133124  -20.273  -14.623  9.397 0.1111111119
144433  -19.627  -7.771  9.574 0.2222222239
145747  -19.854  -7.246  9.392 0.2222222239
145726  -19.667  -6.900  9.848 0.2222222239
145712  -19.579  -6.617  10.728 0.2222222239
134393  -20.320  -13.762  9.397 0.1111111119
134394  -20.679  -13.971  9.144 0.1111111119
108156  -19.486  -29.779  12.471 0.1111111119
108158  -20.757  -29.983  12.269 0.1111111119
106855  -22.054  -30.013  11.953 0.1111111119
110898  -19.386  -28.393  12.407 0.1111111119
113643  -19.291  -27.397  12.346 0.1111111119
115107  -19.525  -26.165  12.093 0.1111111119
115125  -19.824  -25.987  11.574 0.1111111119
116564  -20.048  -25.519  11.303 0.1111111119
124547  -20.745  -20.531  11.044 0.1111111119
127115  -21.027  -18.881  10.723 0.1111111119
129556  -20.649  -17.017  9.735 0.1111111119
131879  -20.229  -15.347  10.055 0.1111111119
144411  -19.465  -7.678  10.153 0.2222222239
146995  -19.217  -5.865  11.228 0.2222222239
148176  -19.842  -5.461  10.511 0.1111111119
106831  -19.897  -30.444  12.537 0.1111111119
147007  -19.828  -6.106  10.258 0.2222222239
148194  -20.655  -5.507  9.308 0.1111111119
143186  -19.556  -8.504  9.750 0.2222222239
135638  -20.617  -13.459  9.283 0.1111111119
117917  -19.980  -25.078  11.494 0.1111111119
119175  -20.237  -24.143  11.625 0.1111111119
123306  -20.860  -21.340  10.736 0.1111111119
124565  -20.832  -20.443  10.358 0.1111111119
109518  -20.303  -28.916  11.975 0.1111111119
112275  -19.573  -27.754  12.256 0.1111111119
106853  -21.044  -30.155  12.277 0.1111111119
130728  -20.464  -16.349  9.876 0.1111111119
127128  -21.079  -18.892  10.177 0.1111111119
110897  -18.909  -28.410  12.811 0.1111111119
125788  -20.968  -19.698  11.169 0.1111111119
144393  -19.578  -7.490  10.781 0.1111111119
112274  -19.152  -27.774  12.593 0.1111111119
113642  -19.157  -27.009  12.673 0.1111111119
124533  -21.220  -20.539  11.529 0.1111111119
150434  -19.914  -4.833  11.587 0.1111111119
150453  -20.094  -4.639  10.394 0.1111111119
150472  -21.878  -4.136  9.033 0.1111111119
141977  -19.418  -9.276  9.910 0.1111111119
151537  -22.188  -3.097  8.759 0.1111111119
152604  -22.234  -2.474  8.670 0.1111111119
109503  -24.365  -29.467  12.240 0.1111111119
109534  -22.074  -28.608  11.251 0.3333333433
110916  -22.917  -28.629  11.346 0.2222222239
116601  -23.932  -24.893  8.376 0.4444444478
117907  -20.082  -24.724  11.518 0.1111111119
117970  -22.806  -23.970  8.635 0.4444444478
117994  -25.077  -24.059  7.640 0.4444444478
119260  -25.276  -23.445  7.364 0.4444444478
119265  -28.963  -23.309  7.921 0.1111111119
119287  -26.450  -22.911  6.988 0.4444444478
120597  -22.568  -22.988  8.295 0.4444444478
120615  -25.175  -22.639  7.733 0.4444444478
120628  -25.489  -22.772  7.420 0.4444444478
120656  -27.250  -22.184  6.922 0.4444444478
122013  -24.728  -21.269  7.351 0.4444444478
122016  -26.235  -21.885  7.038 0.4444444478
122017  -28.328  -21.721  7.518 0.3333333433
122023  -33.289  -21.976  7.663 0.1111111119
122041  -27.498  -21.582  7.064 0.3333333433
123396  -28.494  -21.161  7.376 0.3333333433
123415  -25.403  -20.376  6.852 0.5555555820
123420  -28.747  -20.739  7.243 0.3333333433
124627  -23.133  -20.433  8.282 0.6666666865
124640  -29.830  -20.355  7.487 0.2222222239
124645  -33.471  -20.462  7.797 0.1111111119
124656  -25.710  -19.982  6.853 0.5555555820
124662  -30.058  -19.937  7.390 0.2222222239
124663  -30.565  -19.945  7.374 0.3333333433
124671  -27.336  -19.556  6.560 0.6666666865
124672  -27.647  -19.718  6.602 0.3333333433
124673  -28.027  -19.858  6.674 0.3333333433
125842  -33.658  -19.126  8.092 0.2222222239
125851  -23.314  -19.119  7.948 0.8888888955
125854  -30.944  -19.673  7.323 0.3333333433
125866  -24.951  -19.417  7.132 0.8888888955
125869  -26.691  -19.414  6.793 0.8888888955
125873  -30.510  -19.372  7.350 0.4444444478
125881  -27.113  -19.274  6.654 0.6666666865
125883  -28.106  -19.337  6.911 0.3333333433
125884  -28.517  -19.083  7.156 0.4444444478
127150  -21.570  -18.477  8.657 0.8888888955
127153  -32.667  -18.657  8.179 0.3333333433
127155  -34.040  -18.466  8.118 0.1111111119
127165  -30.884  -18.386  7.344 0.4444444478
127174  -24.662  -18.728  7.173 0.8888888955
127178  -26.968  -18.190  7.143 0.8888888955
127179  -28.352  -18.229  7.050 0.5555555820
127183  -30.825  -18.853  7.341 0.4444444478
128427  -31.731  -17.995  7.815 0.4444444478
128434  -24.337  -18.018  7.094 0.8888888955
128438  -26.717  -17.804  7.307 0.8888888955
128439  -28.185  -17.736  6.834 0.6666666865
128442  -30.032  -17.904  7.113 0.6666666865
128449  -27.703  -17.753  6.952 0.7777777910
129568  -32.609  -17.253  8.404 0.4444444478
129570  -34.151  -17.149  8.447 0.2222222239
129577  -22.085  -17.043  8.293 0.8888888955
129583  -31.532  -17.318  7.795 0.5555555820
129591  -24.026  -17.293  7.068 1.0000000000
129595  -26.376  -17.335  7.166 1.0000000000
129596  -27.971  -17.160  6.435 0.8888888955
129599  -29.805  -17.187  6.905 0.6666666865
129606  -26.315  -16.880  6.933 1.0000000000
130757  -21.876  -16.552  8.413 0.8888888955
130761  -33.823  -16.458  8.689 0.2222222239
130762  -34.631  -16.452  8.675 0.3333333433
130777  -31.754  -16.924  8.053 0.5555555820
130786  -24.315  -16.561  6.962 1.0000000000
130789  -26.053  -16.609  6.702 1.0000000000
130792  -29.552  -16.452  6.787 0.6666666865
130799  -25.993  -16.192  6.480 1.0000000000
130802  -27.704  -16.441  6.425 1.0000000000
130810  -36.410  -16.271  5.756 0.1111111119
131905  -31.347  -15.370  8.175 0.5555555820
131909  -34.303  -15.702  8.843 0.3333333433
131924  -31.411  -15.856  8.126 0.5555555820
131925  -36.026  -15.220  7.934 0.1111111119
131933  -23.967  -15.269  6.927 1.0000000000
131939  -29.265  -15.744  6.714 0.8888888955
131940  -29.895  -15.699  6.948 0.8888888955
131949  -26.071  -15.519  6.337 1.0000000000
131952  -27.995  -15.877  6.429 1.0000000000
131960  -36.519  -15.559  5.375 0.1111111119
131968  -38.115  -15.602  4.654 0.1111111119
133110  -20.014  -14.626  9.848 0.1111111119
133132  -32.535  -14.207  9.264 0.6666666865
133134  -33.665  -14.403  9.221 0.5555555820
133143  -31.025  -14.953  8.129 0.6666666865
133147  -33.948  -15.010  8.980 0.4444444478
133156  -22.639  -15.012  7.512 1.0000000000
133159  -28.918  -14.415  7.241 0.7777777910
133162  -35.873  -14.836  8.122 0.2222222239
133173  -24.123  -14.804  6.732 1.0000000000
133176  -27.388  -14.698  6.636 1.0000000000
133191  -26.669  -14.640  6.454 1.0000000000
133201  -36.530  -14.781  5.612 0.1111111119
133212  -37.760  -14.867  4.598 0.1111111119
133214  -39.008  -14.884  5.006 0.1111111119
134403  -33.431  -13.754  9.401 0.5555555820
134404  -34.128  -13.794  9.167 0.4444444478
134406  -35.479  -13.803  8.835 0.2222222239
134415  -30.999  -14.180  8.307 0.6666666865
134417  -32.293  -13.901  9.069 0.6666666865
134420  -36.172  -13.909  7.958 0.2222222239
134429  -22.327  -14.223  7.706 1.0000000000
134432  -28.695  -13.828  7.120 0.8888888955
134435  -30.542  -13.923  7.903 0.7777777910
134436  -36.041  -14.355  7.929 0.2222222239
134444  -23.319  -13.935  7.129 1.0000000000
134445  -23.738  -14.113  6.859 1.0000000000
134448  -27.059  -13.983  6.576 1.0000000000
134451  -36.472  -14.072  6.929 0.1111111119
134461  -26.180  -13.925  6.171 1.0000000000
134463  -36.542  -13.877  6.399 0.1111111119
134482  -36.358  -14.079  5.016 0.1111111119
134485  -38.095  -14.130  4.585 0.1111111119
134486  -38.724  -14.178  4.883 0.1111111119
134493  -36.328  -13.795  4.353 0.1111111119
134494  -36.730  -13.755  3.984 0.1111111119
135625  -20.666  -12.623  9.218 0.2222222239
135648  -33.073  -13.043  9.344 0.5555555820
135651  -35.326  -13.259  9.044 0.3333333433
135660  -21.671  -13.360  7.942 0.7777777910
135662  -31.294  -13.259  8.519 0.6666666865
135664  -32.478  -13.363  9.216 0.6666666865
135665  -36.177  -13.425  8.151 0.2222222239
135680  -30.310  -13.325  7.888 0.7777777910
135682  -36.471  -13.581  7.270 0.2222222239
135692  -24.040  -13.316  6.766 1.0000000000
135697  -28.381  -13.068  7.089 1.0000000000
135707  -25.814  -13.246  5.973 1.0000000000
135709  -26.867  -13.248  6.340 1.0000000000
135719  -36.182  -13.231  5.334 0.1111111119
135728  -35.937  -12.866  4.842 0.1111111119
135740  -35.954  -12.861  4.371 0.1111111119
135742  -36.894  -13.162  3.698 0.1111111119
135743  -37.439  -13.306  3.853 0.1111111119
136973  -33.701  -12.331  9.429 0.5555555820
136976  -35.670  -12.613  8.849 0.4444444478
136987  -30.375  -12.115  8.496 0.7777777910
136989  -31.706  -12.612  8.973 0.7777777910
136991  -36.287  -13.085  7.844 0.2222222239
137000  -21.924  -12.939  7.848 0.7777777910
137006  -36.211  -12.362  7.598 0.2222222239
137015  -23.725  -12.584  6.980 1.0000000000
137019  -27.346  -12.389  6.929 1.0000000000
137020  -28.005  -12.410  7.116 0.8888888955
137022  -36.382  -12.713  6.488 0.1111111119
137031  -26.118  -12.509  5.947 1.0000000000
137033  -27.005  -12.678  6.527 1.0000000000
137034  -36.270  -12.700  5.789 0.1111111119
137043  -35.966  -12.452  5.024 0.1111111119
137044  -36.123  -12.676  5.338 0.1111111119
137052  -35.860  -12.382  4.546 0.1111111119
137065  -36.006  -12.424  4.027 0.1111111119
137066  -36.526  -12.453  3.636 0.1111111119
137068  -37.770  -12.952  3.907 0.1111111119
138279  -31.892  -11.344  9.428 0.6666666865
138282  -34.311  -11.662  9.793 0.4444444478
138284  -35.469  -12.164  9.066 0.4444444478
138297  -21.366  -11.606  8.351 0.7777777910
138300  -30.051  -11.402  8.711 0.7777777910
138319  -29.159  -11.464  7.975 0.8888888955
138336  -23.964  -11.743  6.775 0.8888888955
138340  -27.676  -11.678  7.236 1.0000000000
138342  -36.128  -11.557  7.017 0.1111111119
138343  -36.234  -12.015  6.867 0.1111111119
138357  -25.808  -11.806  6.164 1.0000000000
138371  -36.165  -12.193  5.416 0.1111111119
139563  -33.684  -10.273  9.781 0.5555555820
139565  -34.711  -10.112  9.966 0.5555555820
139580  -20.013  -10.378  9.531 0.4444444478
139581  -20.232  -10.815  9.361 0.2222222239
139590  -30.324  -10.342  9.000 0.7777777910
139592  -31.550  -10.701  9.577 0.7777777910
139596  -34.985  -10.661  9.707 0.5555555820
139612  -29.146  -10.597  8.285 0.7777777910
139614  -30.331  -10.911  8.991 0.7777777910
139615  -35.347  -11.105  9.297 0.4444444478
139616  -35.670  -10.691  8.974 0.5555555820
139632  -28.797  -10.865  7.908 0.8888888955
139648  -24.327  -10.933  6.629 0.8888888955
139650  -27.174  -10.829  6.691 1.0000000000
139652  -28.052  -10.991  7.337 1.0000000000
139666  -25.558  -11.084  6.344 1.0000000000
139668  -26.712  -11.169  6.466 1.0000000000
139670  -36.263  -11.439  6.339 0.1111111119
140805  -32.080  -9.787  9.863 0.6666666865
140808  -34.543  -9.706  10.166 0.5555555820
140824  -29.998  -9.776  8.896 0.8888888955
140827  -31.751  -10.333  9.900 0.7777777910
140829  -35.396  -9.833  9.620 0.5555555820
140836  -20.869  -10.222  8.726 0.4444444478
140838  -28.482  -9.883  7.683 0.8888888955
140847  -21.745  -10.022  7.973 0.6666666865
140858  -23.587  -9.855  7.115 0.7777777910
140861  -26.876  -10.197  6.469 0.8888888955
140863  -27.761  -10.454  7.111 0.8888888955
140871  -25.899  -10.434  6.196 1.0000000000
141964  -19.167  -9.360  10.308 0.1111111119
141987  -33.020  -8.983  10.532 0.5555555820
141989  -34.305  -9.082  10.302 0.5555555820
141999  -20.689  -9.729  8.856 0.4444444478
142007  -30.683  -9.056  9.558 0.7777777910
142008  -31.184  -9.089  9.966 0.7777777910
142009  -35.171  -9.301  9.728 0.4444444478
142018  -21.489  -9.326  8.320 0.6666666865
142021  -29.567  -8.973  8.988 0.7777777910
142022  -35.661  -9.043  8.720 0.4444444478
142031  -27.507  -8.838  7.158 1.0000000000
142039  -23.460  -9.063  7.196 0.8888888955
142042  -25.319  -9.188  6.460 1.0000000000
142044  -27.146  -9.374  7.003 1.0000000000
142045  -27.680  -9.897  7.105 0.8888888955
142046  -35.831  -9.006  7.512 0.1111111119
142052  -25.669  -9.632  6.149 1.0000000000
143193  -31.238  -7.624  10.098 0.7777777910
143195  -33.027  -8.191  10.603 0.6666666865
143198  -34.647  -8.446  10.139 0.5555555820
143212  -30.147  -8.366  9.327 0.7777777910
143214  -31.103  -8.221  10.019 0.7777777910
143216  -35.538  -8.403  9.096 0.4444444478
143221  -20.668  -8.185  8.689 0.4444444478
143225  -29.143  -8.280  8.707 0.8888888955
143236  -23.278  -8.344  7.282 0.8888888955
143237  -27.699  -8.347  7.311 0.8888888955
143251  -35.676  -8.231  7.031 0.1111111119
144401  -32.997  -6.726  10.750 0.6666666865
144421  -32.368  -7.033  10.577 0.5555555820
144424  -34.477  -7.709  10.339 0.5555555820
144443  -35.392  -7.734  9.483 0.5555555820
144450  -20.431  -7.751  8.779 0.5555555820
144455  -29.445  -7.593  8.781 0.8888888955
144463  -22.033  -7.731  8.062 0.6666666865
144465  -23.031  -7.675  7.389 0.7777777910
144466  -27.395  -7.635  7.167 0.8888888955
144475  -24.137  -7.681  6.856 1.0000000000
144477  -25.486  -7.724  6.584 1.0000000000
144480  -35.631  -7.459  7.436 0.1111111119
144493  -34.803  -7.317  5.348 0.1111111119
145694  -19.487  -5.866  12.615 0.2222222239
145695  -19.227  -6.224  12.090 0.2222222239
145703  -19.283  -6.205  11.384 0.2222222239
145711  -19.386  -6.143  11.078 0.2222222239
145718  -32.845  -6.094  10.778 0.4444444478
145720  -34.182  -6.616  10.631 0.4444444478
145736  -31.802  -6.354  10.306 0.6666666865
145738  -34.333  -7.197  10.435 0.5555555820
145748  -20.325  -6.994  9.109 0.4444444478
145757  -30.149  -6.850  9.048 0.8888888955
145758  -30.649  -6.652  9.594 0.7777777910
145759  -35.202  -7.178  9.786 0.5555555820
145760  -35.492  -6.832  9.322 0.2222222239
145769  -21.738  -7.051  8.053 0.5555555820
145772  -29.650  -7.173  8.963 0.8888888955
145784  -28.139  -6.822  7.647 0.8888888955
145785  -35.592  -6.692  7.851 0.1111111119
145792  -23.821  -6.999  7.008 1.0000000000
145795  -25.793  -6.746  6.655 0.8888888955
145797  -27.079  -6.904  7.014 0.8888888955
145805  -25.370  -6.371  6.832 1.0000000000
145806  -25.639  -6.268  6.794 0.8888888955
145807  -34.888  -6.579  5.739 0.1111111119
146983  -18.999  -5.471  12.427 0.2222222239
146989  -18.924  -5.713  11.761 0.2222222239
146996  -19.558  -5.930  10.840 0.2222222239
147001  -32.323  -5.326  10.769 0.5555555820
147003  -33.324  -5.584  10.784 0.4444444478
147005  -34.537  -5.842  10.528 0.4444444478
147008  -20.138  -6.266  9.539 0.2222222239
147017  -30.742  -5.560  9.841 0.5555555820
147020  -32.424  -5.763  10.740 0.6666666865
147021  -34.977  -6.018  10.120 0.2222222239
147039  -30.314  -5.871  9.532 0.6666666865
147040  -30.831  -6.080  9.801 0.5555555820
147053  -29.130  -5.907  8.982 0.8888888955
147054  -35.648  -5.914  8.258 0.1111111119
147064  -22.044  -5.809  7.851 0.7777777910
147066  -23.195  -6.207  7.230 0.7777777910
147068  -27.776  -6.092  7.487 0.8888888955
147078  -23.562  -5.824  7.062 0.7777777910
147081  -25.823  -5.758  6.676 0.8888888955
147082  -26.186  -6.055  6.786 0.8888888955
147083  -26.800  -6.184  6.881 0.8888888955
147091  -25.081  -5.966  6.743 0.7777777910
147092  -25.508  -5.915  6.668 0.8888888955
147095  -35.106  -5.775  6.083 0.1111111119
148157  -19.245  -5.160  11.940 0.2222222239
148158  -20.235  -5.341  11.775 0.1111111119
148163  -19.120  -5.320  11.394 0.2222222239
148164  -19.469  -5.420  10.978 0.2222222239
148169  -32.005  -4.889  10.724 0.5555555820
148171  -33.137  -4.902  10.805 0.5555555820
148173  -34.348  -5.088  10.638 0.4444444478
148177  -20.183  -5.515  9.930 0.1111111119
148187  -30.913  -5.001  10.054 0.6666666865
148190  -35.305  -5.200  9.886 0.3333333433
148203  -29.872  -5.105  9.408 0.6666666865
148218  -28.749  -5.185  8.718 0.7777777910
148219  -35.649  -5.145  8.648 0.2222222239
148232  -21.915  -5.562  8.000 0.6666666865
148234  -22.847  -5.409  7.376 0.6666666865
148236  -27.245  -5.346  7.384 0.7777777910
148248  -23.785  -5.444  6.969 0.7777777910
148251  -26.007  -5.350  6.798 0.8888888955
148252  -26.581  -5.405  7.072 0.8888888955
148255  -35.726  -4.501  6.860 0.1111111119
148261  -24.863  -5.497  6.723 0.7777777910
148262  -25.234  -5.560  6.627 0.8888888955
148265  -35.706  -4.670  6.704 0.1111111119
149282  -19.747  -4.939  11.845 0.1111111119
149283  -19.759  -5.274  12.359 0.1111111119
149289  -19.165  -4.867  11.692 0.1111111119
149290  -20.129  -5.207  11.961 0.1111111119
149291  -20.206  -5.257  11.496 0.1111111119
149295  -19.436  -4.998  11.149 0.1111111119
149296  -19.769  -4.998  10.675 0.1111111119
149303  -32.887  -4.242  10.878 0.5555555820
149305  -34.146  -4.347  10.795 0.4444444478
149308  -20.094  -4.953  10.113 0.1111111119
149320  -30.638  -4.314  9.845 0.6666666865
149321  -31.164  -4.289  10.186 0.5555555820
149322  -31.697  -4.255  10.534 0.5555555820
149323  -35.170  -4.411  10.119 0.3333333433
149336  -29.464  -4.360  9.348 0.6666666865
149338  -35.635  -4.376  8.988 0.1111111119
149347  -28.559  -4.446  8.314 0.6666666865
149349  -35.701  -4.357  8.353 0.1111111119
149362  -23.329  -4.666  7.139 0.6666666865
149364  -26.362  -4.343  7.368 0.7777777910
149368  -35.775  -4.231  7.643 0.1111111119
149369  -35.836  -3.800  7.390 0.1111111119
149381  -24.467  -4.805  6.809 0.7777777910
149382  -25.628  -4.893  6.812 0.7777777910
149383  -26.097  -4.725  7.059 0.7777777910
149384  -26.549  -4.791  7.252 0.7777777910
149386  -35.790  -4.173  7.078 0.1111111119
149392  -24.768  -5.029  6.821 0.7777777910
150425  -19.675  -4.929  12.082 0.1111111119
150426  -19.852  -4.957  11.983 0.1111111119
150433  -19.590  -4.739  11.854 0.1111111119
150439  -19.536  -4.776  11.440 0.1111111119
150440  -19.854  -4.703  10.966 0.1111111119
150441  -20.427  -4.788  10.502 0.1111111119
150447  -32.602  -3.561  10.832 0.5555555820
150449  -33.887  -3.618  10.842 0.5555555820
150467  -35.019  -3.658  10.347 0.4444444478
150475  -29.788  -3.608  9.424 0.6666666865
150476  -35.671  -3.589  9.309 0.1111111119
150482  -22.559  -3.792  7.901 0.4444444478
150484  -28.346  -3.667  8.253 0.6666666865
150485  -28.893  -3.656  8.458 0.6666666865
150487  -35.936  -3.288  8.315 0.1111111119
150498  -23.093  -3.921  7.477 0.4444444478
150504  -27.150  -3.710  7.918 0.6666666865
150505  -35.827  -3.770  8.168 0.1111111119
150515  -23.988  -4.072  6.847 0.6666666865
150516  -24.533  -4.262  6.854 0.7777777910
150520  -35.828  -3.385  7.041 0.1111111119
150527  -24.776  -4.666  6.883 0.7777777910
150528  -24.976  -4.813  6.890 0.7777777910
150530  -35.666  -3.481  6.333 0.1111111119
151515  -32.314  -2.867  10.746 0.5555555820
151517  -33.607  -2.904  10.831 0.5555555820
151519  -34.793  -2.956  10.501 0.5555555820
151522  -22.137  -3.167  9.192 0.1111111119
151531  -30.533  -2.907  9.896 0.6666666865
151532  -31.079  -2.836  10.202 0.6666666865
151535  -35.652  -2.824  9.670 0.3333333433
151543  -36.109  -2.222  8.704 0.1111111119
151567  -24.719  -2.887  7.432 0.5555555820
151569  -26.201  -2.959  7.417 0.6666666865
151571  -27.594  -2.879  7.975 0.6666666865
151573  -36.015  -2.634  7.450 0.1111111119
152583  -32.061  -2.167  10.619 0.6666666865
152585  -33.318  -2.171  10.937 0.5555555820
152587  -34.562  -2.330  10.611 0.5555555820
152601  -35.488  -2.106  10.040 0.2222222239
152603  -22.012  -2.699  9.215 0.1111111119
152607  -30.126  -2.076  9.336 0.6666666865
152608  -30.524  -1.665  9.466 0.6666666865
152610  -36.215  -1.827  9.009 0.1111111119
152618  -23.060  -1.945  8.085 0.4444444478
152621  -28.994  -2.114  8.326 0.6666666865
152638  -27.918  -2.115  7.842 0.6666666865
152652  -36.092  -1.556  6.472 0.1111111119
153729  -23.002  -1.051  9.954 0.1111111119
153731  -23.923  -0.818  10.015 0.1111111119
153746  -32.402  -1.672  10.750 0.6666666865
153747  -32.949  -1.491  10.888 0.6666666865
153749  -34.437  -1.685  10.703 0.5555555820
153750  -34.775  -1.914  10.519 0.2222222239
153754  -22.726  -1.623  9.221 0.1111111119
153761  -31.925  -1.353  10.490 0.5555555820
153763  -33.855  -0.761  10.748 0.4444444478
153764  -34.325  -0.960  10.689 0.3333333433
153770  -22.421  -1.988  8.816 0.1111111119
153772  -29.792  -1.338  8.971 0.6666666865
153774  -30.783  -1.257  9.582 0.6666666865
153775  -36.187  -1.142  9.373 0.1111111119
153789  -28.616  -1.367  8.249 0.6666666865
153801  -24.196  -1.588  7.333 0.5555555820
153803  -25.584  -1.298  7.333 0.6666666865
153806  -27.679  -1.343  7.785 0.6666666865
153808  -36.410  -1.064  7.388 0.1111111119
153817  -25.454  -0.704  6.855 0.6666666865
153824  -36.007  -1.218  6.266 0.1111111119
155010  -23.212  -1.002  10.043 0.1111111119
155012  -23.841  -0.813  10.000 0.1111111119
155019  -23.191  -0.412  9.875 0.1111111119
155025  -32.874  -0.936  10.792 0.5555555820
155026  -33.218  -1.052  10.833 0.5555555820
155029  -22.893  -0.662  9.342 0.1111111119
155034  -31.603  -0.570  10.175 0.6666666865
155037  -34.039  -0.296  10.715 0.2222222239
155046  -36.040  -0.389  9.683 0.1111111119
155058  -24.280  -0.314  7.673 0.4444444478
155060  -28.375  -0.600  8.290 0.5555555820
155061  -28.958  -0.690  8.484 0.5555555820
155062  -36.542  -0.242  8.455 0.1111111119
155073  -26.976  -0.638  7.247 0.4444444478
155074  -27.394  -0.562  7.596 0.5555555820
155083  -24.848  -0.276  6.927 0.4444444478
155084  -25.312  -0.129  6.696 0.5555555820
155085  -25.980  -0.170  6.617 0.5555555820
155087  -27.237  -0.230  7.144 0.4444444478
155088  -36.402  -0.290  7.005 0.1111111119
156310  -22.601  0.859  10.908 0.1111111119
156311  -22.872  0.854  10.667 0.1111111119
156320  -22.501  0.927  10.691 0.1111111119
156321  -22.697  0.896  10.277 0.1111111119
156334  -31.208  0.130  9.767 0.6666666865
156337  -33.555  0.366  10.621 0.4444444478
156344  -23.343  0.321  8.731 0.1111111119
156348  -31.054  0.771  9.416 0.5555555820
156349  -35.772  0.398  9.925 0.2222222239
156358  -23.333  -0.129  8.754 0.1111111119
156361  -27.712  -0.210  7.804 0.5555555820
156377  -24.639  0.474  7.472 0.3333333433
156379  -25.693  0.918  7.125 0.4444444478
156380  -27.113  0.740  7.072 0.4444444478
156382  -27.964  0.524  7.923 0.5555555820
156391  -24.699  0.078  7.084 0.4444444478
156393  -25.740  0.544  6.844 0.4444444478
156396  -36.751  0.516  7.306 0.1111111119
156404  -36.456  0.480  6.494 0.1111111119
157560  -22.340  1.274  11.153 0.1111111119
157574  -21.981  1.015  10.910 0.1111111119
157575  -22.101  1.022  10.372 0.1111111119
157586  -22.254  0.826  10.415 0.1111111119
157587  -22.535  0.880  9.922 0.1111111119
157588  -22.810  0.877  9.690 0.1111111119
157589  -23.267  1.257  10.207 0.1111111119
157590  -24.160  0.818  9.745 0.1111111119
157592  -33.116  1.537  10.640 0.3333333433
157595  -22.973  0.755  9.240 0.1111111119
157601  -33.037  1.149  10.569 0.3333333433
157602  -33.823  1.214  10.600 0.3333333433
157604  -35.389  1.191  10.104 0.2222222239
157606  -23.226  0.690  8.861 0.1111111119
157608  -29.967  1.063  8.776 0.5555555820
157610  -31.147  1.348  9.382 0.5555555820
157620  -23.908  0.895  8.130 0.3333333433
157625  -36.869  1.309  8.473 0.2222222239
157640  -24.658  1.156  7.758 0.4444444478
157643  -26.562  1.198  7.269 0.4444444478
157645  -28.058  1.092  7.787 0.5555555820
157647  -37.152  1.227  8.051 0.2222222239
157648  -37.235  1.560  7.849 0.2222222239
157658  -26.202  0.871  6.893 0.4444444478
157660  -37.387  1.631  7.388 0.1111111119
157669  -37.118  1.296  6.809 0.1111111119
157670  -37.314  1.723  6.826 0.1111111119
158750  -22.444  1.552  11.208 0.1111111119
158751  -22.077  1.603  11.099 0.1111111119
158752  -22.873  1.991  10.256 0.1111111119
158762  -22.198  1.611  10.763 0.1111111119
158763  -22.592  1.629  10.181 0.1111111119
158775  -22.687  1.264  9.863 0.1111111119
158776  -22.995  1.387  9.511 0.1111111119
158777  -23.559  1.458  9.684 0.1111111119
158780  -32.764  1.904  10.613 0.2222222239
158781  -33.094  1.878  10.671 0.2222222239
158782  -33.560  1.944  10.674 0.2222222239
158788  -23.730  1.455  9.151 0.1111111119
158789  -24.454  1.141  9.328 0.1111111119
158793  -32.525  1.694  10.463 0.4444444478
158794  -32.891  1.631  10.618 0.4444444478
158796  -34.907  1.967  10.174 0.2222222239
158802  -23.395  1.001  8.709 0.1111111119
158803  -23.772  1.312  8.536 0.3333333433
158810  -36.538  1.983  8.799 0.2222222239
158823  -27.110  2.030  8.452 0.3333333433
158826  -30.507  2.215  8.674 0.4444444478
158827  -36.812  1.975  8.195 0.2222222239
158828  -36.958  1.850  8.127 0.1111111119
158844  -25.429  1.729  7.966 0.4444444478
158848  -28.248  1.751  7.646 0.4444444478
158850  -36.797  2.108  7.942 0.1111111119
158864  -37.114  2.060  7.275 0.1111111119
158874  -36.841  2.103  6.397 0.1111111119
158875  -37.120  1.921  6.857 0.1111111119
159885  -23.098  1.357  11.108 0.1111111119
159886  -22.578  2.117  11.128 0.1111111119
159887  -23.054  2.180  10.632 0.1111111119
159900  -22.115  1.943  10.891 0.1111111119
159901  -22.531  1.881  10.624 0.1111111119
159919  -26.906  2.423  10.856 0.1111111119
159920  -32.587  2.067  10.509 0.2222222239
159921  -32.779  2.244  10.620 0.2222222239
159936  -32.337  2.401  10.245 0.4444444478
159939  -34.397  2.750  10.226 0.1111111119
159953  -36.113  2.682  9.035 0.2222222239
159979  -25.778  1.873  8.493 0.2222222239
159981  -27.335  2.210  8.398 0.3333333433
159984  -28.411  2.112  7.749 0.4444444478
159986  -36.792  2.239  7.739 0.1111111119
159997  -36.707  2.622  7.384 0.1111111119
159998  -36.909  2.166  7.546 0.1111111119
160985  -31.856  3.033  9.761 0.4444444478
160989  -34.646  3.574  9.943 0.1111111119
160990  -35.287  3.294  9.685 0.1111111119
160997  -30.842  3.328  8.878 0.4444444478
161001  -36.121  3.236  8.804 0.1111111119
161006  -28.141  3.418  7.708 0.3333333433
161009  -30.387  3.819  8.587 0.4444444478
161010  -36.016  3.818  8.824 0.1111111119
161036  -27.876  4.527  7.311 0.3333333433
161037  -28.217  4.662  7.197 0.3333333433
161985  -28.474  4.431  10.905 0.1111111119
161992  -28.148  4.274  10.804 0.1111111119
161993  -28.443  4.120  10.914 0.1111111119
162005  -33.997  4.355  10.043 0.1111111119
162012  -30.342  4.533  8.909 0.3333333433
162016  -35.661  4.385  8.967 0.1111111119
162022  -30.380  4.191  8.733 0.4444444478
162023  -35.986  4.330  8.544 0.1111111119
162033  -27.786  4.830  7.726 0.3333333433
162035  -29.092  4.884  7.649 0.3333333433
162036  -36.261  4.217  7.432 0.1111111119
162049  -27.993  4.976  7.345 0.3333333433
162050  -28.320  5.005  7.277 0.3333333433
162960  -33.418  5.114  10.201 0.1111111119
162968  -30.363  4.893  9.003 0.3333333433
162971  -35.393  5.224  9.169 0.1111111119
162977  -29.954  5.359  8.708 0.3333333433
162979  -36.022  5.110  8.353 0.1111111119
162988  -27.978  5.427  7.572 0.3333333433
162989  -28.553  5.378  7.340 0.3333333433
162991  -36.220  4.864  7.206 0.1111111119
163001  -28.365  5.205  7.306 0.3333333433
163940  -31.509  5.992  9.810 0.1111111119
163942  -32.772  5.896  10.167 0.1111111119
163950  -27.651  6.007  8.642 0.1111111119
163953  -31.470  5.639  9.758 0.2222222239
163958  -29.617  5.864  8.222 0.2222222239
163960  -35.937  6.010  8.614 0.1111111119
163971  -29.382  6.325  7.703 0.2222222239
164851  -27.718  6.261  10.252 0.1111111119
164853  -28.534  6.838  10.862 0.1111111119
164862  -34.005  6.821  10.054 0.1111111119
164864  -35.293  6.782  9.504 0.1111111119
164872  -31.601  6.804  9.877 0.1111111119
164876  -27.998  6.688  7.739 0.2222222239
164879  -35.911  6.713  8.214 0.1111111119
164887  -28.438  6.655  7.522 0.3333333433
164889  -29.267  6.848  7.937 0.2222222239
165745  -32.023  7.331  10.045 0.1111111119
165748  -34.473  7.710  9.854 0.1111111119
165757  -30.943  7.507  9.481 0.1111111119
165759  -31.983  7.578  9.988 0.1111111119
165760  -34.762  8.160  9.483 0.1111111119
165767  -29.951  7.181  8.665 0.1111111119
165776  -28.276  6.962  7.776 0.2222222239
165778  -28.970  7.141  7.921 0.2222222239
166647  -28.560  8.487  11.086 0.1111111119
166659  -27.592  8.730  10.475 0.1111111119
166661  -28.273  8.052  10.937 0.1111111119
166667  -32.243  8.400  9.831 0.1111111119
166678  -31.892  7.936  9.860 0.1111111119
166680  -34.902  8.619  9.164 0.1111111119
167549  -28.041  8.875  10.898 0.1111111119
167550  -28.265  8.929  10.984 0.1111111119
167564  -27.606  9.011  10.526 0.1111111119
167574  -27.610  9.701  10.480 0.1111111119
167575  -31.606  9.115  9.834 0.1111111119
167577  -32.541  9.001  9.850 0.1111111119
167589  -29.928  9.204  8.974 0.1111111119
167593  -33.919  9.224  9.721 0.1111111119
167604  -26.678  10.369  8.332 0.1111111119
167625  -27.211  10.054  8.260 0.1111111119
167644  -25.912  10.505  6.503 0.1111111119
167645  -26.115  10.425  6.598 0.1111111119
167653  -25.586  10.265  6.109 0.1111111119
167654  -26.059  10.257  6.098 0.1111111119
167655  -26.269  10.236  5.816 0.1111111119
167664  -25.391  10.305  5.688 0.1111111119
167665  -25.765  10.055  5.580 0.1111111119
167666  -26.097  10.124  5.675 0.1111111119
168480  -27.460  10.104  9.933 0.1111111119
168483  -32.144  9.537  9.935 0.1111111119
168495  -29.661  10.086  8.850 0.1111111119
168499  -32.392  10.217  9.730 0.1111111119
168510  -26.436  10.564  8.185 0.1111111119
168515  -29.685  9.484  8.806 0.1111111119
168523  -26.468  10.379  7.911 0.1111111119
168524  -26.806  10.256  7.743 0.1111111119
168525  -27.396  10.243  7.936 0.1111111119
168539  -25.922  10.763  6.863 0.1111111119
168540  -26.211  10.566  7.184 0.1111111119
168541  -26.811  10.415  7.059 0.1111111119
168551  -25.709  10.736  6.516 0.1111111119
168553  -26.592  10.456  6.199 0.1111111119
168554  -26.833  10.637  5.851 0.1111111119
168561  -25.507  10.654  5.967 0.1111111119
168562  -25.620  10.602  5.445 0.1111111119
168563  -26.328  10.449  5.456 0.1111111119
168564  -26.815  10.836  5.574 0.1111111119
169409  -30.378  10.681  9.225 0.1111111119
169433  -27.562  10.790  7.599 0.1111111119
169442  -25.814  11.276  7.382 0.1111111119
169443  -26.039  10.851  7.467 0.1111111119
169444  -27.149  10.664  6.708 0.1111111119
169445  -27.409  10.918  6.778 0.1111111119
169453  -25.632  11.153  6.404 0.1111111119
169454  -25.740  11.290  6.010 0.1111111119
169455  -27.090  10.815  6.273 0.1111111119
169456  -27.171  11.047  6.028 0.1111111119
169463  -25.588  10.978  5.820 0.1111111119
169464  -25.947  11.118  5.554 0.1111111119
169465  -26.524  11.110  5.385 0.1111111119
169466  -26.952  11.223  5.610 0.1111111119
170329  -27.936  11.154  8.081 0.1111111119
170350  -25.860  11.671  6.838 0.1111111119
170351  -25.971  11.718  6.607 0.1111111119
170352  -27.328  11.579  6.618 0.1111111119
170361  -25.798  11.583  6.055 0.1111111119
170362  -26.563  11.790  5.904 0.1111111119
170371  -26.306  11.527  5.571 0.1111111119
170372  -26.755  11.511  5.594 0.1111111119
170373  -26.953  11.440  5.723 0.1111111119
171321  -25.815  12.037  7.035 0.1111111119
171324  -27.020  11.951  6.515 0.1111111119
171333  -26.945  11.850  6.164 0.1111111119
171334  -27.272  11.876  6.369 0.1111111119
205635  -20.325  -5.651  11.752 0.1111111119
205755  -23.391  1.718  10.742 0.1111111119
205756  -23.282  1.007  10.654 0.1111111119
205757  -22.987  0.726  10.300 0.1111111119
205782  -26.037  11.196  8.155 0.1111111119
