#!ascii label  , from subject sub-36 vox2ras=TkReg
759
25476  -44.234  -76.804  9.422 0.0000000000
41474  -47.463  -67.632  8.041 0.0000000000
33239  -41.293  -72.287  9.672 0.0000000000
34574  -46.514  -71.665  8.331 0.0000000000
40054  -45.000  -68.492  12.292 0.0000000000
24033  -42.327  -77.475  14.122 0.0000000000
35861  -39.709  -71.093  15.195 0.0000000000
44049  -41.124  -65.909  19.539 0.0000000000
40089  -39.681  -68.717  10.790 0.0000000000
35891  -43.089  -70.229  10.427 0.0000000000
41368  -41.976  -67.195  12.071 0.0000000000
31869  -41.210  -73.639  14.316 0.0000000000
34470  -42.149  -71.956  16.813 0.0000000000
47988  -39.179  -64.149  21.709 0.0000000000
45426  -38.674  -65.386  19.130 0.0000000000
26844  -43.494  -76.083  6.804 0.0000000000
38819  -47.729  -69.198  8.311 0.0000000000
37436  -45.559  -69.896  6.014 0.0000000000
40209  -48.164  -68.564  4.789 0.0000000000
28046  -42.480  -75.246  9.842 0.0000000000
29349  -45.250  -74.546  8.538 0.0000000000
37340  -46.348  -70.095  10.709 0.0000000000
40093  -47.609  -68.506  10.492 0.0000000000
28027  -40.630  -75.448  11.204 0.0000000000
33206  -39.529  -72.424  12.232 0.0000000000
38732  -37.939  -69.075  13.291 0.0000000000
38647  -43.597  -69.337  18.262 0.0000000000
38643  -40.219  -69.469  17.984 0.0000000000
42720  -37.507  -67.355  16.565 0.0000000000
45491  -37.143  -64.993  15.138 0.0000000000
33322  -44.532  -72.679  6.654 0.0000000000
42840  -42.886  -66.463  9.846 0.0000000000
42896  -45.273  -67.103  7.655 0.0000000000
41521  -44.602  -67.380  4.813 0.0000000000
42804  -39.183  -67.313  11.590 0.0000000000
41408  -40.683  -68.076  10.876 0.0000000000
25508  -43.998  -76.883  8.120 0.0000000000
40143  -48.115  -68.468  8.491 0.0000000000
40163  -47.642  -68.640  6.747 0.0000000000
41501  -48.493  -67.732  6.169 0.0000000000
42973  -48.360  -66.808  4.610 0.0000000000
42937  -47.165  -66.795  6.187 0.0000000000
30613  -41.784  -73.738  9.719 0.0000000000
33241  -42.898  -72.268  9.386 0.0000000000
37319  -43.694  -69.447  11.367 0.0000000000
37338  -44.858  -70.263  10.849 0.0000000000
38754  -45.321  -69.332  11.559 0.0000000000
38768  -47.176  -69.429  10.847 0.0000000000
40056  -46.455  -68.672  12.013 0.0000000000
25436  -41.395  -76.927  11.711 0.0000000000
25390  -41.140  -76.471  13.007 0.0000000000
33178  -40.615  -72.572  14.696 0.0000000000
31884  -40.036  -73.555  13.247 0.0000000000
33194  -39.430  -71.758  13.743 0.0000000000
34521  -38.582  -70.893  12.772 0.0000000000
35867  -38.460  -70.298  13.995 0.0000000000
41246  -42.501  -67.699  18.829 0.0000000000
38645  -41.955  -69.428  18.296 0.0000000000
41244  -40.823  -67.833  18.890 0.0000000000
46727  -36.891  -64.218  19.081 0.0000000000
44063  -37.877  -66.330  18.298 0.0000000000
45453  -36.529  -65.058  17.407 0.0000000000
42742  -37.013  -66.517  15.512 0.0000000000
31933  -45.976  -73.364  8.825 0.0000000000
31962  -45.187  -73.496  7.371 0.0000000000
34594  -45.507  -71.866  7.453 0.0000000000
36024  -43.999  -70.475  4.890 0.0000000000
45593  -41.860  -65.142  10.011 0.0000000000
42867  -43.517  -66.635  8.872 0.0000000000
42933  -44.071  -66.978  5.993 0.0000000000
35905  -40.462  -70.836  10.107 0.0000000000
35907  -41.885  -70.775  9.795 0.0000000000
38781  -41.426  -69.660  10.074 0.0000000000
38750  -42.442  -68.799  10.962 0.0000000000
40051  -42.902  -68.156  12.053 0.0000000000
27989  -41.582  -75.700  13.948 0.0000000000
33179  -41.592  -72.764  15.321 0.0000000000
34489  -41.062  -71.808  16.045 0.0000000000
45407  -40.483  -65.079  20.148 0.0000000000
44048  -40.046  -66.022  19.254 0.0000000000
48043  -38.856  -63.943  20.168 0.0000000000
48041  -37.677  -63.522  19.761 0.0000000000
49393  -36.471  -62.527  19.114 0.0000000000
35938  -47.084  -70.399  8.530 0.0000000000
37404  -46.090  -70.421  7.571 0.0000000000
38832  -46.714  -69.443  7.398 0.0000000000
38880  -47.055  -68.977  5.223 0.0000000000
38906  -46.539  -69.282  3.419 0.0000000000
40248  -47.815  -68.259  3.078 0.0000000000
43016  -47.815  -67.222  2.400 0.0000000000
41589  -46.446  -67.381  1.878 0.0000000000
26782  -43.396  -75.891  9.711 0.0000000000
26806  -44.679  -75.772  8.862 0.0000000000
30618  -45.024  -73.754  9.141 0.0000000000
33245  -45.806  -72.432  9.566 0.0000000000
35910  -43.868  -71.255  9.956 0.0000000000
34538  -45.058  -71.165  10.169 0.0000000000
35911  -46.598  -70.984  10.145 0.0000000000
37355  -47.571  -70.121  9.868 0.0000000000
40094  -47.884  -68.846  10.112 0.0000000000
41422  -47.317  -68.150  9.597 0.0000000000
25459  -42.370  -76.861  10.605 0.0000000000
28036  -41.606  -75.462  10.284 0.0000000000
29316  -40.806  -74.266  10.462 0.0000000000
29281  -40.705  -74.815  13.229 0.0000000000
30592  -39.880  -73.781  12.053 0.0000000000
33228  -40.279  -72.299  10.521 0.0000000000
35889  -39.516  -70.603  10.921 0.0000000000
38747  -38.440  -69.099  11.990 0.0000000000
42782  -38.121  -67.065  12.558 0.0000000000
35789  -42.873  -70.561  17.923 0.0000000000
37242  -40.975  -70.616  17.575 0.0000000000
37262  -39.751  -70.488  16.698 0.0000000000
41242  -39.128  -67.332  18.544 0.0000000000
39958  -38.724  -68.178  17.602 0.0000000000
38708  -38.793  -69.628  15.949 0.0000000000
40027  -37.833  -68.562  14.989 0.0000000000
41337  -37.255  -67.006  14.367 0.0000000000
28101  -44.698  -74.961  7.662 0.0000000000
30710  -44.058  -74.296  6.587 0.0000000000
36002  -44.495  -70.964  6.357 0.0000000000
34637  -43.487  -71.637  5.513 0.0000000000
42792  -46.908  -67.295  11.989 0.0000000000
41411  -46.460  -67.562  10.742 0.0000000000
41443  -46.268  -67.850  9.351 0.0000000000
41458  -45.002  -67.497  8.803 0.0000000000
42897  -46.248  -67.347  7.447 0.0000000000
44302  -46.158  -66.569  5.657 0.0000000000
41539  -45.790  -66.981  4.290 0.0000000000
44159  -38.946  -66.453  12.238 0.0000000000
42784  -39.413  -66.778  11.857 0.0000000000
24164  -43.853  -77.389  8.399 0.0000000000
24165  -44.188  -77.066  8.639 0.0000000000
41475  -48.203  -67.779  7.920 0.0000000000
41484  -48.389  -67.886  7.016 0.0000000000
42899  -47.754  -67.443  7.474 0.0000000000
42938  -48.044  -67.133  6.305 0.0000000000
42917  -47.466  -67.189  6.884 0.0000000000
31917  -41.548  -73.052  9.603 0.0000000000
31918  -42.296  -73.012  9.475 0.0000000000
33240  -42.125  -72.268  9.426 0.0000000000
38741  -44.508  -68.829  11.952 0.0000000000
38753  -44.651  -69.272  11.612 0.0000000000
38742  -45.155  -68.908  11.939 0.0000000000
38743  -45.754  -68.966  11.873 0.0000000000
40055  -45.658  -68.552  12.307 0.0000000000
22691  -42.453  -78.144  13.805 0.0000000000
24042  -41.938  -77.832  13.447 0.0000000000
24041  -41.557  -77.415  13.032 0.0000000000
25391  -41.423  -76.816  13.380 0.0000000000
34505  -39.933  -71.655  14.809 0.0000000000
33195  -39.793  -72.178  13.962 0.0000000000
34504  -39.493  -71.328  14.673 0.0000000000
34511  -38.718  -70.871  13.979 0.0000000000
35860  -39.140  -70.755  14.886 0.0000000000
44030  -41.893  -65.865  20.277 0.0000000000
44031  -42.955  -66.303  19.890 0.0000000000
44050  -42.082  -66.407  19.474 0.0000000000
44051  -42.734  -66.725  19.333 0.0000000000
42671  -42.247  -67.079  19.069 0.0000000000
41245  -41.737  -67.675  18.935 0.0000000000
42670  -41.430  -66.917  19.076 0.0000000000
46726  -36.362  -63.785  18.685 0.0000000000
45441  -36.680  -65.225  17.882 0.0000000000
45452  -36.464  -64.721  17.008 0.0000000000
46762  -36.319  -63.962  17.286 0.0000000000
33254  -46.576  -72.342  8.701 0.0000000000
33287  -45.854  -72.522  7.883 0.0000000000
34595  -46.085  -71.830  7.871 0.0000000000
44269  -43.813  -66.274  7.613 0.0000000000
44285  -43.790  -66.409  6.917 0.0000000000
44300  -43.201  -66.641  6.658 0.0000000000
37332  -39.971  -69.991  10.357 0.0000000000
37352  -40.987  -70.133  10.018 0.0000000000
38763  -40.662  -69.258  10.334 0.0000000000
41391  -41.046  -67.488  11.302 0.0000000000
40068  -41.375  -68.090  10.969 0.0000000000
41392  -41.717  -67.687  11.463 0.0000000000
40070  -42.672  -68.483  11.532 0.0000000000
41369  -42.645  -67.553  12.337 0.0000000000
34507  -41.133  -72.231  15.466 0.0000000000
34469  -41.498  -71.842  16.630 0.0000000000
45393  -40.688  -65.103  20.778 0.0000000000
46692  -39.754  -64.427  20.757 0.0000000000
46712  -40.003  -64.687  20.238 0.0000000000
48023  -39.177  -63.995  20.658 0.0000000000
49383  -37.012  -62.672  19.657 0.0000000000
28131  -43.111  -75.296  6.103 0.0000000000
37388  -47.413  -69.878  8.440 0.0000000000
37405  -46.675  -70.110  7.878 0.0000000000
38833  -47.274  -69.395  7.837 0.0000000000
38863  -47.738  -68.588  5.820 0.0000000000
38862  -47.258  -68.837  6.087 0.0000000000
38881  -47.648  -68.712  5.351 0.0000000000
38908  -47.428  -69.027  4.203 0.0000000000
40247  -47.347  -68.740  3.185 0.0000000000
44342  -47.795  -66.642  4.053 0.0000000000
43005  -48.161  -67.316  3.004 0.0000000000
43004  -47.659  -66.937  3.061 0.0000000000
43015  -47.145  -67.067  2.485 0.0000000000
43014  -46.574  -67.020  2.732 0.0000000000
28047  -43.235  -75.228  9.518 0.0000000000
28048  -43.901  -75.264  9.261 0.0000000000
31922  -45.105  -73.042  9.335 0.0000000000
33244  -45.091  -72.375  9.568 0.0000000000
35908  -42.725  -70.707  9.979 0.0000000000
34549  -42.796  -71.524  9.538 0.0000000000
35892  -43.511  -70.467  10.424 0.0000000000
35894  -45.004  -70.740  10.513 0.0000000000
35895  -45.676  -70.701  10.425 0.0000000000
34540  -46.071  -71.277  10.114 0.0000000000
35896  -46.384  -70.733  10.277 0.0000000000
35912  -47.254  -70.905  9.609 0.0000000000
40073  -47.155  -68.663  11.442 0.0000000000
38769  -47.716  -69.161  10.372 0.0000000000
40109  -47.735  -68.530  9.655 0.0000000000
40108  -47.456  -68.223  9.946 0.0000000000
26756  -41.087  -76.199  11.435 0.0000000000
26766  -41.534  -76.258  10.908 0.0000000000
28028  -41.195  -75.876  10.935 0.0000000000
28035  -41.059  -75.096  10.516 0.0000000000
29309  -40.786  -74.786  10.643 0.0000000000
29259  -41.275  -74.799  13.973 0.0000000000
27988  -41.120  -75.558  13.427 0.0000000000
30555  -40.881  -74.154  13.848 0.0000000000
31883  -39.867  -73.012  13.001 0.0000000000
30575  -39.925  -73.645  12.859 0.0000000000
31894  -39.721  -72.931  11.960 0.0000000000
31903  -39.942  -73.020  11.206 0.0000000000
33216  -39.732  -72.276  11.339 0.0000000000
34527  -39.598  -71.640  11.257 0.0000000000
34526  -39.225  -71.264  11.628 0.0000000000
37311  -38.076  -69.632  13.331 0.0000000000
37317  -38.642  -69.727  11.898 0.0000000000
38738  -38.062  -68.996  12.683 0.0000000000
41366  -38.228  -67.715  12.243 0.0000000000
40048  -37.964  -68.266  12.660 0.0000000000
37223  -43.181  -70.004  18.143 0.0000000000
38644  -41.122  -69.423  18.314 0.0000000000
37221  -41.470  -70.049  18.038 0.0000000000
37220  -40.787  -69.989  17.930 0.0000000000
37263  -40.406  -70.766  17.046 0.0000000000
38663  -39.611  -69.873  17.309 0.0000000000
44047  -39.191  -66.010  18.941 0.0000000000
42668  -39.599  -66.744  18.918 0.0000000000
42667  -38.880  -66.673  18.604 0.0000000000
41269  -37.919  -67.318  17.431 0.0000000000
41270  -38.494  -67.684  17.796 0.0000000000
41294  -38.300  -68.120  17.034 0.0000000000
40005  -38.747  -69.276  16.630 0.0000000000
40003  -38.045  -68.362  16.144 0.0000000000
40021  -38.153  -68.824  15.493 0.0000000000
40020  -37.946  -68.400  15.791 0.0000000000
45479  -36.881  -64.771  15.795 0.0000000000
42748  -37.118  -66.464  14.716 0.0000000000
44119  -37.119  -65.761  14.980 0.0000000000
44124  -37.313  -65.854  14.320 0.0000000000
28050  -44.920  -75.090  8.864 0.0000000000
26821  -44.736  -75.603  8.346 0.0000000000
29363  -45.182  -74.626  8.094 0.0000000000
33308  -44.953  -72.969  7.003 0.0000000000
31984  -44.744  -73.781  7.064 0.0000000000
32001  -44.070  -73.388  6.521 0.0000000000
32000  -43.681  -73.176  5.945 0.0000000000
33321  -44.039  -72.543  6.241 0.0000000000
37420  -45.666  -70.229  6.923 0.0000000000
35975  -45.169  -70.953  6.751 0.0000000000
37419  -45.109  -70.363  6.426 0.0000000000
36023  -43.487  -70.999  4.490 0.0000000000
36000  -43.526  -71.069  5.134 0.0000000000
41359  -46.253  -67.398  12.740 0.0000000000
42777  -46.468  -67.116  12.383 0.0000000000
41410  -45.697  -67.394  10.685 0.0000000000
41420  -46.040  -67.652  10.037 0.0000000000
41442  -45.511  -67.758  9.426 0.0000000000
42885  -44.263  -66.879  8.334 0.0000000000
41457  -44.445  -67.366  9.105 0.0000000000
42886  -44.969  -67.263  8.263 0.0000000000
41471  -45.367  -67.497  8.299 0.0000000000
42915  -45.876  -66.880  6.820 0.0000000000
42952  -44.418  -67.234  5.451 0.0000000000
42953  -45.128  -66.979  5.205 0.0000000000
41538  -45.198  -67.310  4.316 0.0000000000
41389  -39.399  -67.904  11.205 0.0000000000
41407  -39.973  -68.185  10.858 0.0000000000
42805  -39.842  -67.165  11.489 0.0000000000
42806  -40.624  -67.034  11.578 0.0000000000
42807  -41.094  -67.042  11.692 0.0000000000
49337  -38.422  -63.320  21.606 0.0000000000
49336  -38.074  -63.029  22.131 0.0000000000
26831  -43.925  -76.110  7.309 0.0000000000
38834  -47.740  -68.947  7.685 0.0000000000
40154  -48.142  -68.521  7.759 0.0000000000
40177  -48.437  -68.112  5.770 0.0000000000
41522  -48.818  -67.689  4.828 0.0000000000
42939  -48.611  -67.165  5.780 0.0000000000
42956  -48.146  -66.825  5.350 0.0000000000
44304  -47.192  -66.557  5.574 0.0000000000
29326  -42.441  -74.467  9.680 0.0000000000
30614  -42.437  -73.702  9.585 0.0000000000
31919  -43.009  -72.993  9.388 0.0000000000
33242  -43.644  -72.251  9.419 0.0000000000
37336  -43.429  -69.816  10.912 0.0000000000
37320  -44.116  -69.628  11.309 0.0000000000
37321  -44.761  -69.753  11.252 0.0000000000
37323  -45.996  -69.785  11.033 0.0000000000
38767  -46.493  -69.563  11.076 0.0000000000
40072  -46.659  -68.985  11.587 0.0000000000
26755  -40.715  -76.130  11.997 0.0000000000
31846  -41.152  -73.151  14.621 0.0000000000
31868  -40.423  -73.348  13.899 0.0000000000
33196  -40.196  -72.762  14.107 0.0000000000
31867  -40.062  -72.842  13.754 0.0000000000
33200  -39.513  -72.282  12.977 0.0000000000
34522  -38.888  -71.398  12.533 0.0000000000
34518  -38.816  -71.341  13.232 0.0000000000
34517  -38.587  -70.913  13.527 0.0000000000
37310  -37.956  -69.243  13.680 0.0000000000
41247  -43.281  -67.816  18.663 0.0000000000
39964  -43.235  -68.639  18.461 0.0000000000
38646  -42.786  -69.389  18.292 0.0000000000
39944  -42.054  -68.251  18.756 0.0000000000
39943  -41.325  -68.261  18.859 0.0000000000
41273  -40.581  -68.222  18.784 0.0000000000
46728  -37.498  -64.733  19.363 0.0000000000
44046  -38.325  -66.092  18.643 0.0000000000
44044  -37.303  -65.720  18.409 0.0000000000
44062  -37.227  -66.009  18.003 0.0000000000
42705  -37.209  -66.460  17.385 0.0000000000
42719  -37.060  -66.615  16.503 0.0000000000
44074  -36.660  -65.617  17.026 0.0000000000
44096  -36.695  -65.157  16.353 0.0000000000
46787  -36.803  -64.033  15.911 0.0000000000
30633  -45.655  -73.959  8.651 0.0000000000
30646  -45.559  -73.991  8.176 0.0000000000
31963  -45.570  -73.324  7.795 0.0000000000
33286  -45.327  -72.594  7.432 0.0000000000
34619  -45.008  -71.892  7.034 0.0000000000
37435  -44.957  -70.137  5.769 0.0000000000
45594  -42.269  -65.495  9.419 0.0000000000
44234  -42.695  -66.028  9.415 0.0000000000
42884  -43.648  -66.467  8.444 0.0000000000
44257  -43.691  -66.258  8.156 0.0000000000
42895  -44.457  -66.589  7.295 0.0000000000
42914  -45.054  -66.745  6.704 0.0000000000
34546  -40.602  -71.500  10.046 0.0000000000
34547  -41.269  -71.470  9.743 0.0000000000
35906  -41.157  -70.774  9.865 0.0000000000
37353  -41.828  -69.997  10.022 0.0000000000
37334  -42.259  -69.527  10.311 0.0000000000
40091  -41.073  -68.593  10.634 0.0000000000
38749  -42.105  -68.724  10.787 0.0000000000
38765  -42.597  -69.290  10.707 0.0000000000
38751  -43.220  -69.077  11.504 0.0000000000
38739  -43.535  -68.786  11.862 0.0000000000
40053  -44.326  -68.353  12.327 0.0000000000
25380  -41.830  -76.480  13.948 0.0000000000
30543  -41.982  -73.934  15.026 0.0000000000
31848  -42.526  -73.609  15.469 0.0000000000
31847  -41.814  -73.492  14.956 0.0000000000
34506  -40.548  -71.842  15.281 0.0000000000
35862  -40.148  -71.354  15.424 0.0000000000
45409  -41.453  -65.672  20.604 0.0000000000
45429  -40.820  -65.395  19.841 0.0000000000
45428  -40.353  -65.389  19.613 0.0000000000
45427  -39.533  -65.232  19.365 0.0000000000
46730  -38.891  -64.808  19.482 0.0000000000
48022  -38.625  -63.635  20.639 0.0000000000
48042  -38.311  -63.626  20.020 0.0000000000
46709  -37.939  -64.178  19.647 0.0000000000
46708  -37.382  -64.033  19.516 0.0000000000
48059  -36.621  -63.521  19.145 0.0000000000
49409  -36.155  -62.516  18.651 0.0000000000
35937  -46.800  -70.833  8.462 0.0000000000
35954  -46.342  -70.989  7.927 0.0000000000
37421  -46.238  -69.835  7.352 0.0000000000
38845  -46.014  -69.598  6.201 0.0000000000
38860  -46.016  -69.505  5.558 0.0000000000
38890  -46.065  -69.451  3.687 0.0000000000
41560  -48.267  -67.794  3.646 0.0000000000
41592  -48.086  -67.857  2.474 0.0000000000
40283  -47.450  -68.275  1.271 0.0000000000
41604  -47.060  -67.856  1.176 0.0000000000
41603  -46.375  -67.917  0.891 0.0000000000
26770  -43.714  -76.685  9.868 0.0000000000
26805  -44.423  -76.337  9.119 0.0000000000
26783  -44.105  -76.082  9.444 0.0000000000
28049  -44.563  -75.049  9.060 0.0000000000
29330  -44.914  -74.304  9.018 0.0000000000
29347  -44.668  -74.227  9.084 0.0000000000
30619  -45.454  -73.852  8.999 0.0000000000
31923  -45.760  -73.130  9.230 0.0000000000
31924  -46.319  -72.873  9.186 0.0000000000
33246  -46.409  -72.381  9.259 0.0000000000
34550  -43.506  -71.614  9.620 0.0000000000
35893  -44.219  -70.829  10.358 0.0000000000
34551  -44.296  -71.524  9.892 0.0000000000
34553  -45.736  -71.796  9.830 0.0000000000
34554  -46.562  -71.643  9.640 0.0000000000
34561  -46.815  -71.580  8.923 0.0000000000
34555  -46.988  -71.227  9.234 0.0000000000
37368  -47.574  -70.182  9.143 0.0000000000
37356  -47.821  -69.664  9.339 0.0000000000
38782  -47.524  -69.647  10.291 0.0000000000
38783  -47.828  -69.291  9.827 0.0000000000
38800  -47.918  -69.022  9.066 0.0000000000
40130  -47.864  -68.383  9.015 0.0000000000
41462  -47.807  -67.912  8.616 0.0000000000
41461  -47.146  -67.862  8.622 0.0000000000
25461  -43.341  -77.153  10.126 0.0000000000
26768  -42.835  -76.392  10.110 0.0000000000
26781  -42.766  -75.784  9.920 0.0000000000
25458  -41.874  -76.728  10.928 0.0000000000
26767  -42.187  -76.137  10.332 0.0000000000
28045  -42.113  -74.993  9.939 0.0000000000
29318  -41.905  -74.754  9.958 0.0000000000
30608  -41.156  -73.749  10.055 0.0000000000
31913  -40.930  -73.088  10.055 0.0000000000
26707  -41.407  -76.167  13.595 0.0000000000
26736  -40.839  -76.095  12.785 0.0000000000
28015  -40.509  -75.479  12.484 0.0000000000
30576  -40.214  -74.084  13.044 0.0000000000
29301  -40.267  -74.755  12.516 0.0000000000
28026  -40.260  -74.922  11.526 0.0000000000
29308  -40.221  -74.455  11.072 0.0000000000
31912  -40.425  -73.064  10.571 0.0000000000
33229  -40.722  -72.567  10.127 0.0000000000
34536  -39.980  -71.517  10.621 0.0000000000
35890  -39.947  -70.752  10.471 0.0000000000
37331  -39.403  -69.906  10.879 0.0000000000
34525  -38.788  -70.789  12.042 0.0000000000
37318  -38.982  -69.800  11.370 0.0000000000
40067  -39.212  -68.639  11.080 0.0000000000
41388  -38.728  -67.810  11.732 0.0000000000
42783  -38.688  -67.088  12.013 0.0000000000
37222  -42.318  -70.155  18.063 0.0000000000
35808  -42.257  -70.965  17.688 0.0000000000
35827  -41.805  -71.492  17.160 0.0000000000
35826  -40.923  -71.350  16.873 0.0000000000
35825  -40.302  -70.969  16.492 0.0000000000
37285  -39.484  -70.443  16.004 0.0000000000
42669  -40.499  -66.814  19.056 0.0000000000
41243  -39.931  -67.509  18.801 0.0000000000
41271  -39.419  -68.002  18.325 0.0000000000
41241  -38.694  -67.118  18.323 0.0000000000
39959  -39.046  -68.453  17.712 0.0000000000
38642  -39.404  -69.196  17.595 0.0000000000
38662  -39.101  -69.531  16.989 0.0000000000
38686  -38.962  -69.723  16.354 0.0000000000
37284  -38.982  -70.049  15.596 0.0000000000
37293  -38.526  -69.789  14.892 0.0000000000
38727  -38.185  -69.338  14.613 0.0000000000
40034  -37.567  -68.290  14.113 0.0000000000
41330  -37.185  -67.184  15.096 0.0000000000
41338  -37.361  -67.753  14.622 0.0000000000
41344  -37.409  -67.342  13.731 0.0000000000
42757  -37.455  -66.542  13.632 0.0000000000
44134  -37.856  -66.040  13.311 0.0000000000
25510  -44.606  -75.997  8.476 0.0000000000
26820  -44.493  -75.789  7.973 0.0000000000
28113  -44.040  -75.457  6.998 0.0000000000
30658  -44.939  -74.178  7.410 0.0000000000
29402  -44.453  -74.766  7.198 0.0000000000
29430  -43.931  -74.961  6.631 0.0000000000
30709  -43.660  -73.981  6.134 0.0000000000
35953  -45.888  -71.109  7.450 0.0000000000
34620  -45.322  -71.678  7.214 0.0000000000
34639  -44.357  -71.947  6.534 0.0000000000
36025  -44.369  -70.409  5.566 0.0000000000
34638  -43.870  -71.708  6.118 0.0000000000
44148  -40.608  -65.731  12.720 0.0000000000
41370  -43.292  -67.783  12.493 0.0000000000
40041  -44.479  -67.909  12.728 0.0000000000
40042  -44.936  -68.081  12.646 0.0000000000
41373  -46.101  -68.129  12.548 0.0000000000
41374  -46.795  -67.922  12.334 0.0000000000
41395  -47.196  -67.922  11.736 0.0000000000
42791  -46.207  -66.950  11.990 0.0000000000
42828  -46.751  -67.540  11.113 0.0000000000
41412  -47.181  -67.862  10.987 0.0000000000
41421  -46.940  -67.936  10.038 0.0000000000
41444  -46.936  -67.972  9.229 0.0000000000
41460  -46.443  -67.929  8.655 0.0000000000
42868  -43.901  -67.158  9.254 0.0000000000
41440  -44.295  -67.471  9.670 0.0000000000
41441  -44.820  -67.650  9.533 0.0000000000
41459  -45.721  -67.820  8.750 0.0000000000
41472  -45.944  -67.623  8.109 0.0000000000
42898  -47.062  -67.413  7.442 0.0000000000
42916  -46.701  -67.023  6.842 0.0000000000
42936  -46.365  -66.660  6.217 0.0000000000
44315  -46.379  -66.569  5.190 0.0000000000
42954  -45.813  -66.681  5.230 0.0000000000
42987  -46.267  -66.873  4.063 0.0000000000
41576  -45.979  -67.350  2.873 0.0000000000
22823  -43.563  -77.652  8.108 0.0000000000
24032  -41.834  -77.156  13.776 0.0000000000
24118  -43.882  -77.391  9.654 0.0000000000
24180  -43.705  -77.225  7.940 0.0000000000
25413  -41.019  -76.553  12.332 0.0000000000
25414  -41.272  -76.975  12.629 0.0000000000
25435  -41.032  -76.480  11.859 0.0000000000
25462  -43.864  -76.946  9.833 0.0000000000
25496  -44.393  -76.721  8.942 0.0000000000
25497  -44.568  -76.281  8.780 0.0000000000
25509  -44.371  -76.456  8.390 0.0000000000
25537  -43.625  -76.482  7.144 0.0000000000
26691  -41.840  -75.968  14.049 0.0000000000
26706  -41.124  -76.079  13.207 0.0000000000
26769  -43.401  -76.543  9.938 0.0000000000
26780  -42.411  -75.722  10.048 0.0000000000
26784  -44.580  -75.493  9.088 0.0000000000
26819  -44.136  -76.329  7.806 0.0000000000
26832  -44.241  -75.859  7.578 0.0000000000
27967  -41.567  -75.275  14.111 0.0000000000
28014  -40.220  -75.112  11.931 0.0000000000
28037  -42.179  -75.656  10.124 0.0000000000
28068  -44.974  -75.161  8.458 0.0000000000
28083  -44.564  -75.445  7.803 0.0000000000
28084  -44.763  -75.202  7.943 0.0000000000
28099  -44.167  -75.694  7.347 0.0000000000
28100  -44.441  -75.306  7.508 0.0000000000
28114  -44.298  -75.098  7.146 0.0000000000
28132  -43.592  -75.396  6.525 0.0000000000
29300  -40.041  -74.602  11.917 0.0000000000
29317  -41.368  -74.535  10.138 0.0000000000
29325  -41.985  -74.252  9.794 0.0000000000
29331  -45.130  -74.458  8.856 0.0000000000
29346  -44.251  -74.284  9.121 0.0000000000
29348  -45.046  -74.099  9.076 0.0000000000
29379  -44.680  -74.697  7.459 0.0000000000
29380  -44.938  -74.631  7.713 0.0000000000
29401  -44.223  -74.825  6.901 0.0000000000
29429  -43.622  -74.757  6.268 0.0000000000
30556  -41.521  -74.171  14.490 0.0000000000
30593  -40.020  -74.339  12.410 0.0000000000
30601  -40.093  -73.635  11.017 0.0000000000
30607  -40.582  -73.725  10.511 0.0000000000
30615  -43.085  -73.736  9.428 0.0000000000
30631  -44.509  -73.983  9.135 0.0000000000
30632  -44.806  -74.004  9.113 0.0000000000
30659  -45.274  -74.059  7.742 0.0000000000
30682  -44.435  -74.311  6.945 0.0000000000
30683  -44.659  -74.349  7.211 0.0000000000
31934  -46.252  -72.858  8.555 0.0000000000
31947  -45.917  -73.207  8.280 0.0000000000
31948  -46.121  -72.799  8.308 0.0000000000
31983  -44.361  -73.817  6.804 0.0000000000
32002  -44.542  -73.326  6.806 0.0000000000
33177  -40.208  -72.085  14.708 0.0000000000
33199  -39.247  -71.772  13.269 0.0000000000
33205  -39.222  -71.904  12.387 0.0000000000
33215  -39.420  -71.930  11.749 0.0000000000
33238  -40.797  -72.036  9.966 0.0000000000
33267  -46.102  -72.817  8.053 0.0000000000
33268  -46.217  -72.380  8.202 0.0000000000
33288  -46.080  -72.250  7.974 0.0000000000
34490  -41.713  -72.268  16.114 0.0000000000
34491  -42.474  -72.374  16.506 0.0000000000
34512  -39.119  -71.387  14.022 0.0000000000
34513  -39.591  -71.647  14.373 0.0000000000
34535  -39.647  -71.165  10.971 0.0000000000
34537  -44.643  -71.070  10.241 0.0000000000
34539  -45.679  -71.219  10.069 0.0000000000
34548  -42.003  -71.470  9.546 0.0000000000
34562  -47.008  -71.237  8.961 0.0000000000
34593  -45.065  -71.944  7.189 0.0000000000
35807  -41.504  -71.063  17.486 0.0000000000
35809  -43.054  -71.035  17.641 0.0000000000
35849  -39.462  -70.643  15.518 0.0000000000
35850  -39.943  -70.875  15.887 0.0000000000
35851  -40.517  -71.339  15.980 0.0000000000
35859  -38.744  -70.389  14.635 0.0000000000
35868  -38.805  -70.772  14.325 0.0000000000
35874  -38.314  -70.339  13.068 0.0000000000
35877  -38.514  -70.305  12.323 0.0000000000
35880  -38.775  -70.229  11.786 0.0000000000
35881  -39.072  -70.452  11.401 0.0000000000
35897  -47.039  -70.628  10.102 0.0000000000
35909  -43.443  -71.060  9.968 0.0000000000
35922  -46.954  -71.087  8.808 0.0000000000
35923  -47.170  -70.729  8.889 0.0000000000
35976  -45.462  -71.298  7.108 0.0000000000
36001  -43.832  -70.940  5.692 0.0000000000
37241  -40.244  -70.250  17.483 0.0000000000
37243  -41.690  -70.607  17.840 0.0000000000
37261  -39.265  -70.161  16.297 0.0000000000
37283  -38.676  -69.753  15.380 0.0000000000
37294  -38.860  -70.244  15.006 0.0000000000
37302  -37.952  -69.132  13.976 0.0000000000
37303  -38.140  -69.499  14.131 0.0000000000
37315  -38.297  -69.703  12.527 0.0000000000
37322  -45.441  -69.779  11.164 0.0000000000
37333  -40.615  -69.848  10.172 0.0000000000
37335  -42.674  -69.915  10.379 0.0000000000
37337  -44.151  -70.133  10.861 0.0000000000
37351  -40.380  -70.313  10.179 0.0000000000
37354  -42.287  -70.346  10.034 0.0000000000
37369  -47.776  -69.610  8.781 0.0000000000
37387  -47.001  -70.210  8.288 0.0000000000
37389  -47.648  -69.556  8.511 0.0000000000
37406  -47.077  -69.881  8.117 0.0000000000
38685  -38.667  -69.353  16.198 0.0000000000
38687  -39.252  -70.019  16.776 0.0000000000
38707  -38.533  -69.401  15.621 0.0000000000
38717  -37.986  -68.864  14.800 0.0000000000
38718  -38.152  -69.075  15.001 0.0000000000
38726  -37.941  -68.955  14.415 0.0000000000
38731  -37.800  -68.795  13.687 0.0000000000
38737  -37.874  -68.651  13.109 0.0000000000
38740  -43.857  -68.793  11.918 0.0000000000
38748  -38.862  -69.177  11.444 0.0000000000
38752  -44.011  -69.193  11.640 0.0000000000
38755  -46.121  -69.286  11.454 0.0000000000
38756  -46.756  -69.212  11.314 0.0000000000
38761  -39.285  -69.254  10.961 0.0000000000
38762  -39.835  -69.277  10.543 0.0000000000
38764  -41.767  -69.066  10.437 0.0000000000
38766  -42.985  -69.528  10.881 0.0000000000
38780  -41.093  -69.575  10.161 0.0000000000
38818  -47.474  -69.481  8.196 0.0000000000
38846  -46.458  -69.354  6.695 0.0000000000
38848  -47.516  -68.926  7.430 0.0000000000
38861  -46.500  -69.198  5.791 0.0000000000
38893  -47.568  -68.931  4.670 0.0000000000
38907  -47.152  -69.087  3.756 0.0000000000
38923  -46.924  -69.095  3.104 0.0000000000
39942  -40.956  -68.254  18.861 0.0000000000
39945  -42.694  -68.227  18.617 0.0000000000
39960  -39.817  -68.685  18.201 0.0000000000
39961  -40.718  -68.627  18.690 0.0000000000
39962  -41.608  -68.833  18.660 0.0000000000
39963  -42.398  -68.797  18.536 0.0000000000
39965  -44.034  -68.719  18.313 0.0000000000
39980  -38.612  -68.367  17.292 0.0000000000
39981  -38.845  -68.947  17.125 0.0000000000
40004  -38.332  -68.673  16.395 0.0000000000
40028  -38.061  -68.819  15.159 0.0000000000
40040  -37.676  -68.078  13.269 0.0000000000
40043  -45.370  -68.233  12.560 0.0000000000
40049  -38.296  -68.404  12.084 0.0000000000
40050  -42.332  -67.908  11.754 0.0000000000
40052  -43.513  -68.456  12.117 0.0000000000
40057  -46.974  -68.328  11.930 0.0000000000
40066  -38.782  -68.503  11.542 0.0000000000
40069  -42.029  -68.376  11.048 0.0000000000
40071  -43.063  -68.571  11.838 0.0000000000
40090  -40.317  -68.665  10.623 0.0000000000
40092  -41.579  -68.507  10.740 0.0000000000
40164  -47.843  -68.623  7.127 0.0000000000
40175  -47.525  -68.693  6.534 0.0000000000
40176  -47.927  -68.372  6.310 0.0000000000
40193  -48.089  -68.422  5.540 0.0000000000
40194  -48.566  -68.157  5.196 0.0000000000
40210  -48.560  -68.115  4.637 0.0000000000
40228  -47.434  -68.847  3.613 0.0000000000
40264  -47.588  -68.497  2.293 0.0000000000
40265  -47.970  -68.101  2.537 0.0000000000
40282  -47.275  -68.086  0.944 0.0000000000
40295  -47.281  -68.422  0.903 0.0000000000
41272  -40.202  -68.171  18.665 0.0000000000
41293  -37.957  -67.676  16.985 0.0000000000
41312  -37.273  -67.307  15.911 0.0000000000
41313  -37.828  -67.991  16.245 0.0000000000
41314  -38.117  -68.119  16.663 0.0000000000
41331  -37.498  -67.914  15.458 0.0000000000
41343  -37.333  -66.831  13.955 0.0000000000
41352  -37.733  -67.386  13.055 0.0000000000
41360  -46.689  -67.413  12.419 0.0000000000
41365  -37.907  -67.702  12.730 0.0000000000
41367  -41.434  -67.166  11.725 0.0000000000
41371  -43.941  -67.902  12.605 0.0000000000
41372  -45.680  -68.188  12.591 0.0000000000
41390  -40.259  -67.579  11.121 0.0000000000
41394  -46.297  -67.440  11.055 0.0000000000
41406  -39.561  -68.354  10.961 0.0000000000
41445  -47.484  -68.107  9.134 0.0000000000
41473  -46.717  -67.674  8.036 0.0000000000
41502  -48.827  -67.684  5.529 0.0000000000
41540  -48.307  -68.204  4.223 0.0000000000
41541  -48.555  -67.738  4.223 0.0000000000
41559  -45.814  -67.244  3.721 0.0000000000
41561  -48.467  -67.672  3.939 0.0000000000
41577  -48.088  -67.831  2.877 0.0000000000
41590  -47.343  -67.470  1.872 0.0000000000
41591  -48.003  -67.823  1.963 0.0000000000
41605  -47.540  -67.765  1.480 0.0000000000
42672  -42.976  -67.191  18.993 0.0000000000
42673  -43.696  -67.237  18.965 0.0000000000
42693  -37.376  -66.428  17.728 0.0000000000
42694  -37.726  -66.775  17.772 0.0000000000
42695  -38.323  -66.716  18.248 0.0000000000
42706  -37.529  -67.066  17.127 0.0000000000
42756  -37.262  -66.431  14.108 0.0000000000
42768  -37.776  -66.755  13.130 0.0000000000
42812  -46.446  -67.336  11.383 0.0000000000
42813  -46.955  -67.562  11.435 0.0000000000
42827  -46.521  -67.482  11.071 0.0000000000
42900  -48.153  -67.574  7.377 0.0000000000
42918  -48.004  -67.400  7.025 0.0000000000
42955  -47.622  -66.750  5.709 0.0000000000
42957  -48.774  -67.093  5.102 0.0000000000
42970  -45.578  -66.857  4.717 0.0000000000
42971  -46.143  -66.737  4.668 0.0000000000
42972  -46.597  -66.718  4.404 0.0000000000
42974  -48.729  -67.211  4.371 0.0000000000
42989  -47.502  -66.680  3.662 0.0000000000
42990  -48.251  -66.867  3.786 0.0000000000
42991  -48.536  -67.442  3.956 0.0000000000
43002  -46.405  -66.953  3.401 0.0000000000
43003  -47.018  -66.793  3.177 0.0000000000
43017  -48.117  -67.591  2.523 0.0000000000
44029  -41.440  -65.656  19.964 0.0000000000
44045  -37.590  -65.846  18.550 0.0000000000
44064  -38.186  -66.367  18.375 0.0000000000
44073  -36.560  -65.051  16.686 0.0000000000
44097  -36.890  -65.645  15.893 0.0000000000
44133  -37.555  -65.920  13.822 0.0000000000
44158  -38.508  -66.694  12.353 0.0000000000
44160  -39.671  -66.211  12.172 0.0000000000
44162  -40.894  -66.085  12.529 0.0000000000
44207  -42.611  -66.094  9.904 0.0000000000
44208  -42.867  -66.360  9.592 0.0000000000
44235  -43.034  -66.289  9.171 0.0000000000
44255  -42.750  -65.835  9.012 0.0000000000
44301  -43.743  -66.706  6.392 0.0000000000
44303  -46.693  -66.540  5.671 0.0000000000
44316  -46.903  -66.564  5.145 0.0000000000
44317  -47.504  -66.604  5.084 0.0000000000
44318  -47.949  -66.631  4.764 0.0000000000
44326  -46.613  -66.621  4.794 0.0000000000
44328  -47.618  -66.605  4.475 0.0000000000
44329  -48.012  -66.681  4.284 0.0000000000
44341  -47.372  -66.591  4.123 0.0000000000
44343  -48.032  -66.716  4.036 0.0000000000
45394  -41.202  -65.447  20.952 0.0000000000
45406  -39.991  -64.908  19.810 0.0000000000
45408  -41.172  -65.458  20.244 0.0000000000
45424  -37.144  -65.258  18.633 0.0000000000
45425  -37.886  -65.399  19.015 0.0000000000
45478  -36.644  -64.631  16.392 0.0000000000
45502  -37.586  -65.512  14.029 0.0000000000
46677  -40.217  -64.767  21.174 0.0000000000
46693  -40.250  -64.785  20.611 0.0000000000
46710  -38.608  -64.284  19.747 0.0000000000
46711  -39.403  -64.444  19.955 0.0000000000
46729  -38.229  -64.841  19.471 0.0000000000
46746  -36.514  -64.555  18.377 0.0000000000
48005  -38.835  -63.752  21.303 0.0000000000
48006  -39.333  -64.144  21.190 0.0000000000
48040  -37.067  -63.412  19.525 0.0000000000
48058  -36.321  -63.102  18.919 0.0000000000
48076  -36.032  -63.186  18.335 0.0000000000
49355  -38.424  -63.326  21.080 0.0000000000
49370  -38.208  -63.156  20.588 0.0000000000
49382  -36.745  -62.451  19.455 0.0000000000
49394  -36.673  -62.964  19.331 0.0000000000
50634  -36.596  -62.086  19.363 0.0000000000
50652  -36.354  -61.988  18.975 0.0000000000
