#!ascii label  , from subject sub-36 vox2ras=TkReg
1856
109523  -23.526  -29.099  11.794 0.4285714328
110937  -24.101  -27.966  10.978 0.2857142985
110918  -24.007  -28.476  11.498 0.4285714328
112289  -24.662  -27.976  11.293 0.4285714328
112310  -25.638  -27.522  11.380 0.4285714328
113685  -24.709  -27.023  10.276 0.2857142985
113686  -25.155  -27.009  10.597 0.4285714328
113687  -25.920  -27.092  11.095 0.4285714328
115147  -25.545  -26.293  9.811 0.4285714328
115148  -26.159  -26.187  9.928 0.4285714328
115185  -26.253  -25.505  8.687 0.4285714328
115186  -27.017  -25.645  8.719 0.4285714328
116625  -25.825  -24.523  7.631 0.5714285970
116605  -26.730  -25.237  8.101 0.5714285970
116606  -27.489  -25.289  8.163 0.4285714328
116607  -28.260  -25.272  8.285 0.2857142985
117997  -26.975  -24.042  7.444 0.7142857313
116628  -27.967  -24.677  7.914 0.7142857313
118000  -29.275  -24.101  7.929 0.7142857313
118001  -30.138  -24.255  7.802 0.4285714328
117999  -28.459  -24.014  7.848 0.7142857313
119267  -30.696  -23.506  7.771 0.5714285970
120631  -28.652  -22.527  7.808 0.5714285970
120633  -30.368  -22.637  8.052 0.5714285970
120634  -31.224  -22.708  7.799 0.5714285970
120632  -29.468  -22.552  8.093 0.5714285970
119290  -32.194  -23.911  7.138 0.4285714328
122021  -31.698  -21.914  7.716 0.5714285970
120637  -33.609  -22.796  7.451 0.5714285970
123399  -30.536  -21.051  7.719 0.7142857313
122022  -32.499  -21.945  7.660 0.7142857313
122024  -34.081  -21.953  7.648 0.7142857313
120638  -34.417  -22.607  7.495 0.5714285970
124660  -28.502  -20.051  6.873 0.5714285970
124643  -31.901  -20.331  7.469 0.8571428657
122025  -34.850  -21.890  7.604 0.7142857313
120640  -35.651  -22.379  7.049 0.5714285970
124642  -31.021  -20.303  7.430 0.7142857313
125872  -29.790  -19.334  7.437 0.5714285970
124647  -35.045  -20.378  7.848 0.7142857313
122027  -36.309  -21.876  6.979 0.5714285970
124644  -32.697  -20.402  7.714 0.7142857313
124646  -34.247  -20.442  7.798 0.7142857313
124648  -35.834  -20.348  7.713 0.5714285970
125857  -33.202  -19.746  7.965 0.7142857313
124664  -36.942  -20.380  6.944 0.5714285970
125856  -32.427  -19.507  7.848 0.5714285970
125841  -33.057  -19.130  8.117 0.7142857313
125844  -35.015  -18.985  8.088 0.7142857313
127169  -36.216  -18.693  7.614 0.7142857313
125875  -36.825  -19.681  7.091 0.7142857313
128414  -33.725  -17.831  8.228 0.7142857313
127156  -34.714  -18.430  8.124 0.7142857313
128428  -35.629  -17.866  8.091 0.7142857313
129609  -36.566  -17.134  6.810 0.7142857313
128450  -36.744  -17.923  6.415 0.5714285970
128416  -35.091  -17.832  8.285 0.7142857313
128412  -32.306  -17.997  8.173 0.5714285970
130803  -36.513  -16.317  6.457 0.5714285970
130817  -36.506  -16.311  5.103 0.5714285970
129571  -34.887  -17.172  8.460 0.8571428657
129569  -33.382  -17.174  8.421 0.8571428657
131942  -36.454  -15.544  6.832 0.7142857313
131926  -36.278  -15.599  7.658 0.7142857313
130763  -35.431  -16.462  8.475 0.8571428657
131912  -36.175  -15.988  8.080 0.7142857313
135666  -36.347  -13.492  7.702 0.8571428657
133193  -36.547  -14.656  6.410 0.5714285970
133163  -36.132  -14.824  7.713 0.8571428657
134418  -35.339  -14.338  8.832 0.8571428657
131910  -35.129  -15.682  8.751 0.8571428657
133149  -35.506  -14.910  8.597 0.8571428657
138304  -35.696  -11.717  8.623 0.8571428657
138321  -36.047  -11.786  7.544 0.8571428657
140841  -35.646  -9.787  9.068 0.8571428657
134419  -35.821  -14.110  8.392 0.8571428657
138303  -35.495  -11.319  9.084 0.8571428657
139564  -34.306  -10.266  10.045 1.0000000000
139597  -35.521  -10.266  9.410 1.0000000000
136975  -35.197  -12.597  9.294 0.8571428657
140828  -34.985  -9.805  9.934 1.0000000000
139595  -33.962  -10.922  9.885 1.0000000000
143197  -34.085  -8.354  10.466 1.0000000000
144400  -32.628  -6.531  10.688 0.7142857313
141990  -34.810  -9.154  10.001 1.0000000000
141988  -33.659  -9.040  10.472 1.0000000000
144423  -33.890  -7.508  10.592 1.0000000000
150448  -33.244  -3.583  10.909 1.0000000000
150446  -31.981  -3.554  10.654 0.8571428657
153762  -32.500  -1.186  10.725 0.8571428657
152584  -32.658  -2.205  10.829 1.0000000000
159922  -33.188  2.331  10.689 0.8571428657
156336  -32.759  0.280  10.498 0.8571428657
162003  -32.514  4.101  10.129 0.8571428657
160987  -33.094  3.439  10.247 0.8571428657
162958  -31.919  4.743  9.902 0.7142857313
160998  -31.320  3.617  9.386 0.5714285970
163952  -31.178  5.912  9.629 0.7142857313
164859  -31.555  6.328  9.843 0.5714285970
162990  -29.153  5.615  7.756 0.5714285970
162021  -30.060  4.446  8.644 0.5714285970
163970  -28.830  6.148  7.333 0.4285714328
165765  -28.758  7.582  8.124 0.4285714328
166686  -29.688  7.978  8.728 0.4285714328
164868  -27.396  6.851  8.926 0.2857142985
164869  -27.619  6.788  8.237 0.2857142985
164857  -27.385  6.838  9.765 0.2857142985
112308  -24.486  -27.450  10.619 0.2857142985
122020  -30.871  -21.862  7.851 0.5714285970
123405  -35.338  -21.156  7.719 0.5714285970
131953  -36.484  -15.520  6.075 0.5714285970
130778  -35.835  -16.743  8.180 0.7142857313
130794  -36.521  -16.374  7.212 0.7142857313
134437  -36.296  -14.144  7.529 0.8571428657
137007  -36.372  -12.820  7.347 0.8571428657
138322  -36.218  -12.243  7.344 0.8571428657
139633  -35.813  -10.802  7.907 0.8571428657
145719  -33.482  -6.291  10.793 0.8571428657
163927  -29.004  5.898  11.316 0.1428571492
112307  -23.803  -27.692  10.591 0.2857142985
113703  -24.153  -26.958  9.958 0.2857142985
113704  -24.993  -26.642  9.971 0.2857142985
113705  -25.698  -26.587  10.364 0.4285714328
115166  -26.573  -25.814  9.373 0.4285714328
113718  -25.142  -26.222  9.457 0.2857142985
115167  -27.373  -25.862  9.406 0.4285714328
115184  -25.489  -25.506  8.460 0.5714285970
116626  -26.498  -24.657  7.657 0.5714285970
116629  -28.753  -24.755  7.922 0.4285714328
119262  -26.698  -23.455  7.068 0.2857142985
117998  -27.691  -23.984  7.708 0.7142857313
119264  -28.176  -23.270  7.735 0.7142857313
119266  -29.817  -23.403  8.008 0.4285714328
118032  -33.370  -24.454  6.360 0.4285714328
122018  -29.169  -21.789  7.727 0.7142857313
123398  -29.654  -20.939  7.581 0.7142857313
120635  -32.042  -22.707  7.618 0.7142857313
120636  -32.811  -22.694  7.550 0.5714285970
119292  -33.538  -23.756  7.069 0.4285714328
123402  -32.985  -21.194  7.668 0.7142857313
123403  -33.770  -21.205  7.708 0.7142857313
124661  -29.349  -20.185  7.301 0.5714285970
124641  -30.280  -20.408  7.541 0.5714285970
125876  -37.130  -19.700  6.651 0.5714285970
125874  -31.042  -19.212  7.341 0.5714285970
122028  -36.774  -21.475  6.822 0.5714285970
125843  -34.346  -19.076  8.034 0.7142857313
125858  -33.937  -19.760  7.946 0.7142857313
127195  -37.135  -18.873  6.347 0.5714285970
127167  -31.987  -18.726  7.853 0.8571428657
129584  -35.497  -17.228  8.275 0.7142857313
135698  -36.482  -13.389  6.758 0.5714285970
134405  -34.858  -13.949  9.005 1.0000000000
142010  -35.414  -9.162  9.308 1.0000000000
139594  -33.131  -10.902  9.795 1.0000000000
144422  -33.153  -7.442  10.728 0.8571428657
147019  -31.902  -5.643  10.595 0.7142857313
147002  -32.768  -5.429  10.813 1.0000000000
147004  -33.945  -5.743  10.701 1.0000000000
149302  -32.286  -4.228  10.735 0.7142857313
148172  -33.740  -4.996  10.756 1.0000000000
148188  -31.435  -4.985  10.443 0.7142857313
151516  -32.954  -2.882  10.881 0.8571428657
157600  -32.298  1.012  10.276 0.8571428657
155036  -33.306  -0.517  10.741 1.0000000000
153748  -33.701  -1.335  10.881 1.0000000000
162002  -31.847  3.872  9.893 0.7142857313
164888  -28.931  6.751  7.604 0.7142857313
162013  -30.645  4.265  9.022 0.5714285970
163951  -30.509  5.686  9.059 0.7142857313
164870  -30.528  6.701  9.109 0.7142857313
162034  -28.617  4.701  7.301 0.4285714328
165755  -27.645  7.617  8.599 0.2857142985
166684  -28.512  8.286  8.290 0.4285714328
165756  -30.299  7.713  9.093 0.4285714328
166685  -29.086  8.182  8.442 0.4285714328
165754  -27.482  7.693  9.241 0.2857142985
166683  -27.994  8.394  8.467 0.4285714328
119289  -27.516  -22.588  7.152 0.4285714328
120657  -27.724  -22.036  7.266 0.4285714328
165777  -28.571  7.098  7.804 0.4285714328
164877  -29.714  6.640  8.254 0.7142857313
165764  -28.145  7.434  8.091 0.2857142985
110936  -23.507  -28.167  10.987 0.2857142985
112290  -25.352  -27.936  11.579 0.4285714328
112309  -25.200  -27.483  11.098 0.4285714328
112324  -24.012  -27.395  10.303 0.2857142985
115164  -24.945  -25.959  8.837 0.2857142985
115165  -25.738  -25.942  9.225 0.4285714328
116604  -25.996  -25.085  8.046 0.4285714328
117996  -26.251  -24.091  7.226 0.2857142985
116627  -27.221  -24.667  7.799 0.4285714328
119263  -27.439  -23.258  7.363 0.5714285970
120630  -27.972  -22.569  7.481 0.5714285970
122019  -30.009  -21.800  7.859 0.5714285970
119291  -32.775  -23.872  7.153 0.4285714328
123401  -32.190  -21.154  7.613 0.7142857313
120658  -34.109  -23.196  7.243 0.5714285970
123421  -29.167  -20.766  7.395 0.7142857313
123400  -31.370  -21.100  7.656 0.7142857313
123397  -28.920  -21.186  7.484 0.7142857313
125855  -31.540  -19.488  7.484 0.5714285970
123406  -36.090  -21.155  7.512 0.5714285970
125845  -35.423  -18.845  8.088 0.7142857313
127166  -31.345  -18.652  7.464 0.7142857313
127154  -33.360  -18.533  8.226 0.8571428657
128429  -36.081  -17.912  7.733 0.7142857313
128413  -33.005  -17.917  8.310 0.8571428657
133180  -36.366  -14.804  7.178 0.8571428657
135652  -35.841  -13.311  8.630 0.8571428657
136990  -36.136  -12.622  8.121 0.8571428657
133148  -34.783  -14.864  8.931 0.8571428657
138283  -35.173  -11.725  9.362 1.0000000000
143196  -33.422  -8.261  10.672 1.0000000000
145737  -32.329  -6.244  10.604 0.8571428657
159937  -32.895  2.762  10.464 0.8571428657
160986  -32.450  3.269  10.070 0.8571428657
162014  -31.323  4.477  9.571 0.7142857313
162970  -31.424  5.267  9.706 0.7142857313
162969  -30.902  5.087  9.336 0.5714285970
163959  -30.087  6.152  8.641 0.5714285970
162976  -29.502  5.076  8.216 0.5714285970
163000  -28.203  5.231  7.321 0.4285714328
163969  -28.186  6.073  7.435 0.4285714328
165766  -29.319  7.348  8.321 0.4285714328
163938  -27.558  5.764  9.724 0.2857142985
163957  -27.787  6.050  7.929 0.2857142985
164858  -27.667  6.809  10.253 0.2857142985
164842  -28.510  6.307  10.965 0.1428571492
113717  -24.485  -26.359  9.341 0.2857142985
119288  -27.016  -22.815  6.989 0.2857142985
148170  -32.566  -4.843  10.792 1.0000000000
164878  -30.083  6.671  8.646 0.5714285970
171298  -27.656  12.091  8.277 0.2857142985
171323  -26.767  12.476  6.681 0.1428571492
169425  -28.596  10.656  8.329 0.2857142985
170331  -29.133  11.928  8.763 0.2857142985
170363  -27.012  11.613  6.014 0.1428571492
172241  -25.900  12.951  7.006 0.1428571492
167606  -27.639  9.475  8.488 0.1428571492
168513  -28.529  9.838  8.177 0.2857142985
167626  -27.440  9.955  8.273 0.1428571492
169410  -31.173  10.770  9.473 0.2857142985
169426  -29.191  11.005  8.682 0.2857142985
164873  -35.522  6.796  8.854 0.2857142985
167578  -33.234  9.062  9.885 0.2857142985
205784  -25.628  12.210  7.896 0.1428571492
167609  -29.506  8.911  8.709 0.2857142985
164861  -33.079  6.781  10.052 0.2857142985
168497  -30.841  9.915  9.333 0.2857142985
168514  -29.350  9.935  8.552 0.2857142985
161011  -36.274  3.477  8.361 0.1428571492
165747  -33.454  7.618  9.919 0.2857142985
167576  -31.887  8.996  9.801 0.2857142985
168552  -26.347  10.421  6.587 0.1428571492
167591  -31.262  9.060  9.790 0.2857142985
168496  -30.007  9.871  8.965 0.2857142985
156407  -35.287  0.343  5.016 0.1428571492
158863  -36.906  2.312  6.931 0.1428571492
163945  -35.095  6.013  9.617 0.4285714328
165758  -31.616  7.358  9.865 0.2857142985
156365  -36.635  0.510  8.795 0.2857142985
160999  -35.147  3.886  9.658 0.4285714328
163943  -33.667  5.975  10.150 0.2857142985
152651  -35.694  -1.943  6.126 0.1428571492
157626  -37.072  1.581  8.129 0.2857142985
162961  -34.202  5.188  10.044 0.4285714328
158797  -35.559  1.958  9.782 0.5714285970
162004  -33.242  4.257  10.177 0.7142857313
150519  -35.758  -3.064  6.666 0.1428571492
152639  -36.242  -1.835  7.786 0.1428571492
160988  -33.829  3.516  10.178 0.7142857313
163941  -31.825  5.725  9.915 0.4285714328
156350  -36.357  0.441  9.461 0.4285714328
148263  -35.009  -4.915  5.669 0.2857142985
150506  -35.932  -3.395  7.768 0.7142857313
158795  -34.198  1.974  10.526 0.7142857313
152586  -34.001  -2.228  10.825 0.8571428657
152609  -35.949  -1.991  9.543 0.8571428657
156339  -35.071  0.389  10.269 0.5714285970
145813  -34.732  -6.570  5.014 0.2857142985
147094  -34.751  -5.815  5.423 0.2857142985
155039  -35.434  -0.438  10.134 0.7142857313
157599  -31.593  1.007  9.796 0.5714285970
156338  -34.329  0.407  10.539 0.8571428657
144500  -34.742  -7.294  4.596 0.1428571492
150486  -35.807  -3.590  8.680 0.7142857313
143272  -34.837  -7.944  4.115 0.1428571492
139613  -29.812  -10.584  8.717 0.5714285970
140806  -33.196  -9.741  10.254 0.8571428657
141986  -32.180  -9.134  10.259 0.8571428657
140804  -31.612  -9.522  9.900 0.4285714328
143194  -31.696  -7.960  10.470 0.5714285970
149304  -33.519  -4.294  10.943 0.8571428657
145740  -35.160  -6.592  9.796 0.8571428657
150450  -34.493  -3.650  10.658 0.8571428657
143258  -34.889  -7.929  5.678 0.2857142985
148204  -35.576  -5.182  9.306 0.8571428657
150468  -35.419  -3.632  9.891 0.8571428657
155038  -34.737  -0.377  10.503 0.8571428657
140890  -35.191  -9.289  3.958 0.4285714328
145798  -35.551  -6.639  7.090 0.7142857313
148238  -35.676  -5.059  7.928 0.7142857313
138299  -29.537  -11.210  8.443 0.2857142985
139593  -32.265  -10.737  9.812 0.5714285970
139591  -30.870  -10.627  9.255 0.5714285970
140807  -33.940  -9.719  10.235 0.8571428657
145739  -34.761  -6.937  10.195 0.8571428657
145721  -34.658  -6.366  10.415 0.8571428657
147022  -35.402  -5.975  9.597 0.8571428657
148189  -34.887  -5.167  10.349 0.8571428657
143259  -35.370  -8.226  6.186 0.4285714328
144468  -35.696  -7.509  8.183 0.8571428657
147041  -35.647  -5.972  8.978 0.8571428657
140881  -35.128  -9.440  4.635 0.4285714328
131941  -30.485  -15.914  7.194 0.7142857313
133160  -29.702  -14.778  7.233 0.4285714328
130776  -31.409  -16.509  7.885 0.7142857313
133145  -32.336  -14.698  8.885 0.8571428657
135681  -30.746  -13.513  8.184 0.5714285970
137005  -30.041  -12.611  8.037 0.5714285970
137003  -28.792  -12.074  7.635 0.4285714328
134402  -32.765  -13.773  9.373 0.8571428657
136988  -31.030  -12.381  8.734 0.5714285970
138301  -30.756  -11.522  8.975 0.5714285970
135650  -34.656  -13.191  9.214 0.8571428657
136972  -32.888  -12.206  9.389 0.7142857313
138302  -31.462  -11.866  9.129 0.5714285970
139653  -36.056  -10.948  6.876 0.7142857313
140864  -35.891  -9.910  7.242 0.7142857313
142033  -35.850  -8.864  8.155 0.7142857313
143227  -35.802  -8.279  8.490 0.8571428657
138387  -36.166  -11.731  3.835 0.2857142985
139683  -35.738  -10.848  5.024 0.4285714328
140882  -35.452  -9.908  5.332 0.5714285970
127182  -30.322  -18.613  7.345 0.4285714328
129581  -30.438  -17.203  7.139 0.4285714328
133179  -29.515  -15.273  6.832 0.4285714328
131908  -33.478  -15.726  8.869 0.7142857313
131907  -32.646  -15.667  8.724 0.7142857313
133146  -33.174  -14.976  9.000 0.7142857313
135649  -33.917  -13.096  9.326 0.8571428657
138360  -36.320  -12.085  6.069 0.7142857313
138379  -35.892  -11.873  4.263 0.2857142985
139684  -36.187  -11.488  5.550 0.5714285970
139654  -36.176  -11.487  6.776 0.5714285970
127181  -29.527  -18.545  7.428 0.4285714328
128440  -28.725  -17.760  6.916 0.5714285970
129582  -30.995  -17.225  7.514 0.5714285970
130775  -30.742  -16.500  7.411 0.5714285970
130760  -32.987  -16.490  8.684 0.7142857313
133210  -36.665  -14.882  4.976 0.4285714328
135729  -36.087  -13.365  4.631 0.4285714328
135741  -36.212  -13.186  3.949 0.4285714328
135718  -36.044  -12.808  5.131 0.4285714328
123419  -28.047  -21.018  7.128 0.5714285970
120662  -36.586  -22.468  6.247 0.4285714328
123423  -37.241  -20.992  6.216 0.4285714328
129625  -37.349  -17.186  4.701 0.4285714328
128456  -36.705  -17.606  5.931 0.4285714328
130820  -38.459  -16.289  4.662 0.4285714328
131966  -36.790  -15.610  4.792 0.4285714328
115188  -28.586  -25.753  8.784 0.1428571492
127200  -37.314  -18.920  5.604 0.4285714328
127201  -37.475  -18.541  5.318 0.4285714328
128467  -38.236  -18.098  4.878 0.4285714328
116608  -29.052  -25.356  8.315 0.1428571492
116609  -29.823  -25.519  8.289 0.1428571492
118018  -32.437  -24.432  6.854 0.2857142985
118057  -36.322  -24.057  4.156 0.2857142985
122072  -38.324  -22.393  3.704 0.2857142985
120688  -37.221  -23.164  4.453 0.2857142985
119309  -35.056  -23.846  6.089 0.4285714328
123443  -38.751  -21.391  4.468 0.2857142985
120682  -37.271  -22.236  4.924 0.2857142985
119311  -36.317  -23.167  5.574 0.2857142985
124686  -38.149  -20.464  4.712 0.2857142985
124685  -37.757  -20.376  5.064 0.4285714328
115189  -29.380  -25.820  8.815 0.1428571492
115200  -31.128  -25.430  7.970 0.2857142985
116648  -31.587  -25.020  7.294 0.2857142985
115264  -33.691  -25.586  5.036 0.2857142985
116703  -34.654  -25.131  4.138 0.2857142985
116697  -34.401  -24.942  4.635 0.2857142985
118043  -33.631  -24.596  5.797 0.2857142985
118064  -35.238  -24.680  4.108 0.2857142985
116610  -30.362  -25.677  8.294 0.1428571492
113748  -33.324  -26.883  7.141 0.2857142985
115191  -30.999  -25.816  8.496 0.2857142985
115230  -33.065  -25.804  6.328 0.2857142985
115212  -31.927  -25.349  7.202 0.2857142985
116631  -30.514  -25.193  7.912 0.2857142985
115150  -27.748  -26.277  9.989 0.1428571492
115149  -26.943  -26.085  10.067 0.2857142985
115168  -28.152  -26.045  9.353 0.1428571492
109524  -24.202  -29.023  11.970 0.2857142985
109502  -23.900  -29.430  12.127 0.2857142985
108184  -23.527  -29.658  12.095 0.2857142985
113707  -27.326  -26.558  10.651 0.2857142985
109525  -24.599  -29.114  12.105 0.1428571492
108160  -23.251  -30.166  12.289 0.2857142985
108159  -22.593  -30.127  12.091 0.1428571492
115202  -32.666  -26.303  7.797 0.2857142985
115245  -33.483  -25.934  5.428 0.2857142985
116704  -35.340  -25.249  3.676 0.2857142985
116696  -33.939  -25.123  4.946 0.2857142985
118058  -36.860  -23.883  3.913 0.2857142985
120661  -35.990  -22.700  6.536 0.4285714328
122052  -37.300  -21.696  5.687 0.4285714328
123441  -37.775  -21.075  4.875 0.2857142985
127210  -39.354  -19.240  4.727 0.2857142985
133161  -30.519  -14.676  7.725 0.7142857313
127209  -38.537  -18.828  4.607 0.4285714328
136971  -32.150  -12.050  9.288 0.5714285970
129624  -36.707  -17.184  5.053 0.4285714328
134472  -36.433  -13.990  5.810 0.4285714328
134495  -37.110  -13.588  3.906 0.2857142985
138388  -36.818  -11.672  3.639 0.2857142985
138370  -35.835  -11.767  4.863 0.5714285970
155035  -32.402  -0.559  10.560 0.7142857313
142054  -35.762  -9.055  6.659 0.7142857313
151518  -34.219  -2.946  10.660 0.8571428657
159951  -31.304  2.674  9.305 0.4285714328
159935  -31.769  2.339  9.803 0.5714285970
157593  -33.350  1.538  10.654 0.7142857313
140891  -35.367  -10.093  4.401 0.2857142985
151534  -35.294  -2.909  10.192 0.8571428657
148254  -35.728  -4.861  7.117 0.5714285970
166677  -31.347  8.124  9.716 0.2857142985
153791  -36.340  -1.011  8.123 0.4285714328
157612  -36.503  1.248  9.122 0.4285714328
168511  -26.639  10.889  8.607 0.1428571492
162972  -35.701  4.908  8.720 0.2857142985
159985  -36.602  2.618  7.988 0.1428571492
168498  -31.614  9.974  9.728 0.2857142985
110919  -24.876  -28.680  11.898 0.1428571492
110917  -23.246  -28.613  11.372 0.2857142985
112291  -26.135  -27.757  11.576 0.1428571492
113706  -26.472  -26.535  10.608 0.2857142985
115169  -28.935  -26.121  9.356 0.1428571492
115171  -30.577  -26.332  9.216 0.1428571492
115173  -31.758  -26.680  9.014 0.1428571492
118002  -31.039  -24.448  7.487 0.2857142985
115213  -32.408  -25.651  6.978 0.2857142985
116682  -33.245  -25.119  5.765 0.2857142985
118019  -33.008  -24.267  6.840 0.2857142985
118066  -36.574  -24.456  3.625 0.2857142985
128441  -29.346  -17.857  7.016 0.5714285970
119307  -33.925  -24.025  6.567 0.2857142985
118034  -34.505  -24.235  5.932 0.2857142985
131938  -28.547  -15.619  6.633 0.2857142985
124680  -38.954  -20.755  5.086 0.2857142985
127203  -39.715  -18.671  5.488 0.2857142985
131923  -30.910  -15.641  7.745 0.7142857313
130758  -31.647  -16.132  8.271 0.5714285970
135678  -28.977  -12.972  7.415 0.4285714328
134434  -30.034  -13.948  7.586 0.5714285970
127202  -39.201  -18.507  4.960 0.4285714328
139611  -28.643  -10.371  8.033 0.2857142985
138320  -29.780  -11.849  8.211 0.5714285970
128459  -38.870  -18.016  4.853 0.2857142985
128451  -36.964  -18.321  6.234 0.4285714328
135663  -31.981  -13.321  8.932 0.7142857313
140840  -29.390  -9.798  8.566 0.2857142985
130821  -39.042  -16.259  4.793 0.1428571492
133213  -38.436  -14.871  4.700 0.4285714328
133211  -37.110  -14.906  4.604 0.4285714328
135731  -38.468  -13.393  4.678 0.1428571492
144442  -34.958  -7.770  9.952 0.8571428657
135730  -37.911  -13.416  4.198 0.1428571492
139669  -36.032  -10.726  5.874 0.5714285970
139694  -35.694  -11.044  4.139 0.2857142985
142061  -35.387  -9.120  5.878 0.5714285970
144487  -35.443  -7.422  6.682 0.7142857313
152600  -35.022  -2.265  10.404 0.8571428657
142094  -34.683  -8.553  2.828 0.2857142985
142079  -34.072  -8.248  3.136 0.1428571492
145808  -35.238  -6.599  6.402 0.4285714328
142069  -34.973  -8.730  4.377 0.4285714328
145821  -34.484  -6.536  4.241 0.1428571492
152622  -36.260  -1.761  8.469 0.5714285970
147102  -34.524  -5.869  4.787 0.1428571492
150531  -35.769  -3.836  6.746 0.1428571492
151589  -35.463  -2.783  5.952 0.1428571492
167624  -26.826  10.148  8.199 0.1428571492
155047  -36.428  -0.317  9.120 0.5714285970
150529  -35.145  -3.500  5.560 0.1428571492
153820  -36.279  -1.087  6.702 0.1428571492
162962  -34.831  5.231  9.650 0.2857142985
161000  -35.695  3.568  9.258 0.2857142985
156383  -36.912  0.579  8.082 0.2857142985
155095  -36.153  -0.462  6.274 0.1428571492
156403  -36.062  0.183  5.997 0.1428571492
157680  -36.573  1.307  6.056 0.1428571492
163954  -35.563  6.056  9.148 0.2857142985
163961  -36.298  5.820  7.930 0.2857142985
162980  -36.250  4.945  7.754 0.1428571492
161038  -36.365  3.489  7.050 0.1428571492
110921  -26.516  -28.603  11.966 0.1428571492
115152  -29.206  -26.487  9.827 0.1428571492
118067  -37.383  -24.213  3.595 0.2857142985
139702  -37.009  -10.892  3.724 0.2857142985
157687  -35.647  1.734  5.033 0.1428571492
164880  -36.092  6.580  7.506 0.2857142985
109522  -22.802  -28.950  11.523 0.2857142985
110920  -25.693  -28.440  11.962 0.1428571492
113664  -26.372  -27.334  11.364 0.1428571492
113688  -26.848  -27.100  11.247 0.1428571492
115187  -27.796  -25.700  8.752 0.1428571492
116630  -29.580  -24.879  7.978 0.2857142985
119268  -31.622  -23.580  7.467 0.2857142985
120660  -35.296  -22.931  6.895 0.4285714328
129567  -31.975  -17.346  8.150 0.5714285970
128426  -31.210  -17.909  7.503 0.4285714328
130818  -37.001  -16.395  4.599 0.4285714328
130759  -32.069  -16.511  8.411 0.7142857313
133135  -34.280  -14.406  9.069 0.7142857313
140851  -35.782  -9.734  8.227 0.7142857313
139562  -32.957  -10.285  9.907 0.8571428657
136974  -34.520  -12.488  9.587 0.8571428657
138281  -33.438  -11.572  9.596 0.8571428657
143215  -35.079  -8.571  9.621 0.8571428657
144402  -33.544  -6.924  10.722 0.8571428657
158792  -31.969  1.719  10.055 0.5714285970
159938  -33.617  2.714  10.544 0.7142857313
162959  -32.601  4.978  10.148 0.5714285970
164871  -31.185  6.773  9.706 0.2857142985
164860  -32.109  6.735  9.996 0.2857142985
166675  -30.056  8.555  9.087 0.2857142985
135710  -36.398  -13.314  6.095 0.4285714328
122042  -27.865  -21.578  7.309 0.5714285970
118031  -32.822  -24.629  6.556 0.2857142985
124679  -37.474  -20.352  5.466 0.4285714328
138280  -32.623  -11.473  9.550 0.5714285970
149306  -34.720  -4.392  10.537 0.8571428657
153765  -35.021  -1.376  10.378 0.8571428657
166676  -30.691  8.353  9.460 0.2857142985
167608  -28.906  9.034  8.256 0.2857142985
167607  -28.242  9.131  8.286 0.2857142985
133133  -32.964  -14.372  9.383 0.8571428657
170330  -28.507  11.535  8.438 0.2857142985
171311  -27.160  12.368  7.254 0.1428571492
170340  -27.527  11.472  7.416 0.2857142985
170360  -25.815  11.489  6.379 0.1428571492
169424  -28.021  10.493  8.206 0.2857142985
170313  -29.850  11.505  9.119 0.2857142985
168542  -27.296  10.522  7.183 0.1428571492
168512  -27.972  9.837  8.264 0.1428571492
169408  -29.708  10.500  8.946 0.2857142985
165749  -35.057  7.290  9.784 0.2857142985
168484  -32.812  9.642  9.884 0.2857142985
166668  -32.945  8.358  9.906 0.2857142985
169432  -26.166  10.773  7.851 0.1428571492
165746  -32.462  7.606  9.997 0.2857142985
164863  -34.807  6.778  9.956 0.2857142985
163944  -34.501  5.996  10.079 0.2857142985
167590  -30.444  9.167  9.289 0.2857142985
168482  -31.694  9.336  9.852 0.2857142985
162015  -35.223  4.459  9.389 0.2857142985
162024  -36.271  4.266  8.058 0.1428571492
161023  -36.406  3.440  7.726 0.1428571492
167592  -31.724  8.505  9.792 0.2857142985
157679  -35.877  1.324  5.457 0.1428571492
158851  -37.032  1.921  7.757 0.1428571492
160008  -36.581  2.825  6.683 0.1428571492
162978  -35.797  5.455  8.857 0.1428571492
155075  -36.519  -0.226  7.746 0.1428571492
159940  -35.091  2.708  9.884 0.5714285970
159952  -35.653  2.693  9.484 0.4285714328
162006  -34.664  4.451  9.761 0.5714285970
152662  -35.058  -1.959  5.480 0.1428571492
151580  -35.870  -2.668  6.854 0.1428571492
159966  -36.409  2.647  8.522 0.2857142985
157659  -37.204  1.104  7.586 0.2857142985
158809  -36.094  1.963  9.316 0.4285714328
157611  -36.035  1.214  9.686 0.5714285970
157603  -34.647  1.187  10.405 0.7142857313
151556  -36.038  -2.608  8.275 0.4285714328
153776  -36.357  -1.048  8.778 0.5714285970
149385  -35.753  -4.426  7.280 0.5714285970
151555  -35.946  -3.052  8.581 0.7142857313
151542  -35.937  -2.713  8.984 0.7142857313
153766  -35.742  -1.247  9.899 0.7142857313
147085  -35.496  -5.789  6.746 0.5714285970
144486  -35.041  -7.357  6.036 0.4285714328
149324  -35.507  -4.403  9.604 0.8571428657
138278  -31.314  -11.208  9.242 0.5714285970
140826  -31.331  -9.836  9.649 0.5714285970
143213  -30.734  -8.121  9.900 0.4285714328
140825  -30.594  -9.795  9.195 0.4285714328
144456  -35.785  -7.589  8.913 0.8571428657
145773  -35.692  -6.755  8.593 0.8571428657
142060  -35.023  -9.014  5.150 0.5714285970
147070  -35.645  -5.834  7.498 0.8571428657
143239  -35.772  -8.228  7.797 0.7142857313
130793  -30.171  -16.494  7.030 0.5714285970
131922  -30.311  -15.338  7.357 0.4285714328
131906  -31.855  -15.580  8.438 0.7142857313
133144  -31.560  -14.798  8.411 0.7142857313
134416  -31.744  -14.025  8.677 0.7142857313
135679  -29.703  -13.166  7.635 0.4285714328
135661  -30.650  -12.857  8.269 0.5714285970
137004  -29.408  -12.358  7.816 0.4285714328
137021  -28.481  -12.471  7.335 0.2857142985
135647  -32.357  -12.774  9.243 0.7142857313
140873  -35.866  -9.920  6.283 0.7142857313
128425  -30.662  -17.879  7.287 0.5714285970
129598  -29.160  -17.144  6.765 0.5714285970
134483  -36.665  -14.341  4.419 0.4285714328
137067  -37.392  -12.474  3.733 0.2857142985
120674  -36.983  -22.524  5.633 0.2857142985
123435  -37.516  -21.015  5.318 0.4285714328
128465  -37.098  -17.638  5.074 0.4285714328
129627  -38.744  -16.731  4.646 0.4285714328
131967  -37.428  -15.629  4.645 0.4285714328
125895  -37.578  -19.711  5.188 0.4285714328
116649  -32.043  -25.003  6.893 0.2857142985
116666  -32.502  -25.033  6.619 0.2857142985
119318  -36.526  -23.240  5.040 0.2857142985
119317  -35.893  -23.696  5.199 0.2857142985
122066  -37.632  -21.751  4.531 0.2857142985
119310  -35.780  -23.378  5.932 0.2857142985
118045  -34.856  -24.351  5.455 0.2857142985
125897  -38.654  -19.832  4.561 0.4285714328
115170  -29.759  -26.244  9.439 0.1428571492
115190  -30.145  -25.921  8.739 0.1428571492
115201  -31.772  -25.598  7.779 0.2857142985
116702  -34.209  -25.333  4.462 0.2857142985
115214  -33.015  -26.271  7.067 0.2857142985
113758  -33.405  -26.527  6.595 0.2857142985
108162  -24.599  -29.942  12.573 0.1428571492
108161  -23.930  -29.995  12.411 0.1428571492
109504  -24.975  -29.315  12.294 0.1428571492
134484  -37.364  -14.069  4.214 0.2857142985
168494  -27.207  10.283  9.237 0.1428571492
110900  -25.365  -28.946  12.198 0.1428571492
112292  -26.994  -27.905  11.463 0.1428571492
167605  -27.217  10.027  8.774 0.1428571492
156333  -30.822  -0.210  9.575 0.5714285970
152598  -30.747  -2.067  9.825 0.4285714328
153773  -30.329  -1.250  9.282 0.4285714328
155033  -31.037  -0.633  9.764 0.5714285970
152597  -30.344  -2.474  9.690 0.4285714328
153760  -31.269  -1.325  9.999 0.5714285970
156335  -31.955  0.229  10.217 0.4285714328
148186  -30.431  -5.038  9.688 0.4285714328
150466  -31.415  -3.561  10.334 0.4285714328
150464  -30.309  -3.612  9.752 0.4285714328
150465  -30.853  -3.587  10.029 0.5714285970
151533  -31.691  -2.842  10.517 0.5714285970
152599  -31.445  -2.090  10.295 0.5714285970
144420  -31.589  -7.027  10.199 0.5714285970
120683  -39.391  -22.719  5.094 0.1428571492
123444  -39.295  -21.564  4.636 0.1428571492
124681  -39.262  -20.615  5.346 0.1428571492
116624  -25.424  -24.366  7.629 0.2857142985
119327  -37.828  -23.186  3.946 0.1428571492
119319  -38.401  -23.974  5.749 0.1428571492
118060  -38.738  -24.296  4.637 0.1428571492
120664  -38.646  -22.753  6.818 0.1428571492
120676  -38.906  -22.698  5.879 0.1428571492
120642  -38.633  -22.818  7.864 0.1428571492
116603  -25.203  -24.830  7.876 0.2857142985
115278  -36.599  -25.845  3.211 0.1428571492
115280  -37.686  -26.127  3.384 0.1428571492
116706  -37.002  -25.092  3.407 0.1428571492
116698  -38.332  -25.222  4.420 0.1428571492
118021  -37.677  -24.614  6.915 0.1428571492
118059  -38.388  -24.776  5.050 0.1428571492
121973  -38.156  -22.199  10.578 0.1428571492
119222  -38.456  -23.256  9.067 0.1428571492
121974  -38.414  -21.914  10.134 0.1428571492
116602  -24.470  -24.863  8.065 0.2857142985
113787  -33.881  -26.876  4.768 0.1428571492
112414  -34.220  -27.606  3.948 0.1428571492
113807  -35.076  -26.827  3.427 0.1428571492
115265  -33.969  -25.980  4.578 0.1428571492
115277  -35.723  -26.129  3.267 0.1428571492
112417  -37.866  -27.405  3.411 0.1428571492
112419  -36.452  -27.634  2.484 0.1428571492
115247  -37.565  -26.102  5.196 0.1428571492
113812  -37.512  -26.881  2.920 0.1428571492
116650  -37.252  -25.370  6.977 0.1428571492
117955  -37.877  -24.377  9.259 0.1428571492
119207  -38.085  -23.616  10.409 0.1428571492
119221  -38.185  -23.598  9.616 0.1428571492
115183  -24.724  -25.501  8.182 0.2857142985
115163  -23.969  -25.814  8.561 0.2857142985
115162  -23.074  -25.721  9.139 0.2857142985
113749  -33.600  -27.030  6.679 0.1428571492
111016  -34.043  -28.291  4.948 0.1428571492
112398  -34.046  -27.623  4.561 0.1428571492
111036  -34.347  -28.245  3.544 0.1428571492
109630  -37.721  -28.728  2.900 0.1428571492
111038  -35.574  -27.985  3.033 0.1428571492
113761  -36.911  -26.901  6.041 0.1428571492
116611  -37.382  -25.140  8.286 0.1428571492
115216  -36.931  -26.245  6.656 0.1428571492
121937  -37.879  -22.091  12.039 0.1428571492
121954  -37.994  -22.018  11.192 0.1428571492
113739  -33.107  -26.892  7.676 0.1428571492
110989  -33.926  -27.845  6.223 0.1428571492
110988  -33.715  -28.204  6.676 0.1428571492
108282  -33.771  -29.630  4.308 0.1428571492
109607  -33.839  -29.030  5.257 0.1428571492
106967  -35.737  -30.537  2.818 0.1428571492
111027  -34.126  -28.301  4.218 0.1428571492
108292  -36.649  -30.059  3.452 0.1428571492
109628  -35.409  -29.145  2.359 0.1428571492
111017  -37.384  -28.169  5.062 0.1428571492
116584  -37.711  -24.948  9.688 0.1428571492
115204  -36.688  -26.557  7.287 0.1428571492
119193  -38.052  -23.587  11.178 0.1428571492
117943  -37.868  -24.286  10.015 0.1428571492
110975  -33.240  -28.373  7.452 0.1428571492
115193  -32.564  -26.622  8.344 0.1428571492
108272  -33.366  -29.940  5.061 0.1428571492
108259  -33.279  -29.638  5.960 0.1428571492
111002  -33.777  -28.598  6.149 0.1428571492
108290  -33.871  -30.054  3.493 0.1428571492
108273  -33.810  -29.430  4.815 0.1428571492
111003  -33.918  -28.239  5.790 0.1428571492
106955  -36.270  -30.350  4.772 0.1428571492
105623  -34.850  -31.248  3.594 0.1428571492
109616  -36.836  -29.331  5.091 0.1428571492
112359  -36.482  -27.669  6.701 0.1428571492
108283  -36.811  -29.746  4.408 0.1428571492
116592  -37.366  -25.464  8.781 0.1428571492
111005  -37.004  -28.175  5.744 0.1428571492
106942  -32.452  -30.685  4.732 0.1428571492
108247  -33.217  -29.417  6.415 0.1428571492
105621  -33.213  -31.721  3.674 0.1428571492
106951  -32.460  -31.144  4.062 0.1428571492
106953  -35.415  -31.046  3.911 0.1428571492
113740  -36.532  -27.039  7.804 0.1428571492
108261  -36.172  -29.639  6.056 0.1428571492
108281  -33.338  -30.210  4.118 0.1428571492
109615  -34.000  -28.973  4.561 0.1428571492
106965  -34.741  -30.249  2.708 0.1428571492
108299  -36.244  -29.410  2.095 0.1428571492
115266  -34.331  -26.376  4.195 0.1428571492
120567  -37.957  -22.822  11.576 0.1428571492
123295  -38.027  -21.417  12.528 0.1428571492
118035  -37.875  -24.734  6.277 0.1428571492
119242  -38.141  -23.834  8.801 0.1428571492
119333  -38.287  -23.357  3.641 0.1428571492
123431  -39.381  -21.573  6.209 0.1428571492
113733  -36.761  -26.894  8.525 0.1428571492
115154  -37.529  -25.460  10.037 0.1428571492
120552  -37.873  -22.839  12.364 0.1428571492
124523  -38.326  -20.774  12.874 0.1428571492
147018  -31.273  -5.740  10.108 0.4285714328
123311  -37.934  -21.311  11.778 0.1428571492
120598  -38.297  -23.073  10.141 0.1428571492
121988  -38.790  -21.893  9.388 0.1428571492
123331  -37.999  -21.181  11.038 0.1428571492
123425  -39.571  -20.660  6.462 0.1428571492
125891  -39.578  -19.702  5.453 0.1428571492
156347  -30.463  0.248  9.310 0.4285714328
158808  -31.460  1.838  9.556 0.4285714328
163982  -36.006  5.549  6.572 0.1428571492
165768  -35.555  7.556  8.466 0.1428571492
120691  -39.380  -22.653  4.274 0.1428571492
113769  -33.644  -26.808  5.506 0.1428571492
112350  -33.314  -27.574  7.485 0.1428571492
113738  -32.884  -26.934  8.139 0.1428571492
113759  -33.688  -26.926  6.203 0.1428571492
116705  -36.159  -25.186  3.388 0.1428571492
128460  -39.497  -17.870  5.171 0.1428571492
129610  -39.742  -17.057  5.478 0.1428571492
118068  -38.119  -24.116  3.633 0.1428571492
118069  -38.724  -23.953  3.895 0.1428571492
122054  -39.593  -21.593  5.454 0.1428571492
118048  -38.501  -24.243  5.278 0.1428571492
119313  -38.499  -23.403  6.138 0.1428571492
119312  -38.133  -24.089  6.392 0.1428571492
118047  -38.150  -24.628  5.688 0.1428571492
116699  -38.626  -24.683  3.970 0.1428571492
120641  -38.308  -23.419  7.680 0.1428571492
122046  -39.032  -21.948  6.430 0.1428571492
123383  -39.172  -21.038  8.149 0.1428571492
119272  -38.384  -23.354  7.999 0.1428571492
113810  -36.207  -27.035  2.834 0.1428571492
115286  -36.997  -26.395  3.052 0.1428571492
115279  -37.274  -25.813  3.304 0.1428571492
115267  -37.979  -25.975  3.959 0.1428571492
119271  -38.024  -23.774  8.038 0.1428571492
118004  -37.643  -24.388  7.670 0.1428571492
115248  -37.911  -25.995  4.622 0.1428571492
120599  -38.493  -22.719  9.640 0.1428571492
112383  -33.915  -27.548  5.246 0.1428571492
113805  -34.102  -27.118  4.274 0.1428571492
112416  -35.312  -27.528  3.142 0.1428571492
111047  -37.320  -28.403  2.229 0.1428571492
112399  -37.809  -27.621  4.358 0.1428571492
111042  -35.856  -28.352  2.507 0.1428571492
116668  -37.313  -25.599  6.220 0.1428571492
113770  -37.340  -26.794  5.318 0.1428571492
116633  -37.225  -25.341  7.733 0.1428571492
109623  -34.389  -28.778  3.160 0.1428571492
109622  -34.112  -29.058  3.775 0.1428571492
109624  -37.356  -28.812  3.839 0.1428571492
108297  -36.667  -29.980  2.631 0.1428571492
113760  -36.632  -27.205  6.479 0.1428571492
115194  -37.054  -25.902  8.254 0.1428571492
112343  -33.189  -27.960  7.789 0.1428571492
109585  -33.228  -29.049  6.880 0.1428571492
109606  -33.615  -29.333  5.692 0.1428571492
106966  -35.153  -30.468  2.592 0.1428571492
106963  -36.003  -30.669  3.503 0.1428571492
106961  -34.458  -30.764  3.060 0.1428571492
109626  -34.249  -29.376  3.152 0.1428571492
106943  -33.023  -30.435  4.455 0.1428571492
106946  -36.116  -30.326  5.145 0.1428571492
111004  -36.599  -28.225  6.304 0.1428571492
112351  -36.345  -27.649  7.418 0.1428571492
106960  -33.558  -30.987  3.352 0.1428571492
106854  -21.512  -30.115  12.071 0.1428571492
108182  -22.406  -29.592  11.688 0.1428571492
108180  -21.022  -29.577  11.949 0.1428571492
108181  -21.767  -29.542  11.749 0.1428571492
108183  -23.029  -29.615  11.876 0.1428571492
109521  -22.162  -29.046  11.506 0.1428571492
110935  -22.711  -28.369  11.070 0.1428571492
112306  -23.127  -27.719  10.597 0.1428571492
112305  -22.323  -27.505  10.574 0.1428571492
112322  -22.871  -27.218  10.187 0.1428571492
112323  -23.544  -27.344  10.200 0.1428571492
113684  -21.822  -27.040  10.666 0.1428571492
113700  -22.133  -26.779  10.368 0.1428571492
113702  -23.279  -26.887  9.774 0.1428571492
113715  -22.979  -26.362  9.477 0.1428571492
116582  -22.593  -25.432  9.379 0.1428571492
116590  -22.654  -24.951  9.133 0.1428571492
117971  -23.376  -24.206  8.431 0.1428571492
116591  -23.334  -25.004  8.775 0.1428571492
117972  -24.090  -24.179  7.983 0.2857142985
117973  -24.665  -24.390  7.814 0.1428571492
117993  -24.574  -23.896  7.771 0.1428571492
117995  -25.607  -24.002  7.375 0.1428571492
119240  -23.612  -23.439  8.069 0.2857142985
120629  -26.070  -22.556  7.192 0.2857142985
125882  -27.543  -19.175  6.784 0.4285714328
125871  -28.980  -19.315  7.256 0.4285714328
127180  -28.783  -18.478  7.263 0.4285714328
144441  -30.435  -7.451  9.460 0.2857142985
145756  -29.666  -6.463  8.792 0.2857142985
145735  -31.178  -6.509  9.982 0.2857142985
152620  -28.433  -2.114  8.056 0.2857142985
153790  -29.231  -1.377  8.591 0.2857142985
155045  -30.596  -0.609  9.414 0.2857142985
155044  -30.038  -0.580  9.104 0.4285714328
115182  -24.246  -25.297  8.235 0.1428571492
119241  -24.286  -23.385  7.887 0.2857142985
119261  -25.921  -23.340  7.051 0.1428571492
110934  -21.947  -28.168  10.912 0.1428571492
115146  -22.543  -25.891  9.605 0.1428571492
117954  -22.916  -24.459  8.814 0.1428571492
120613  -23.966  -22.633  8.061 0.2857142985
120627  -25.068  -22.996  7.584 0.2857142985
120614  -24.728  -22.730  7.912 0.2857142985
122001  -25.105  -22.158  7.778 0.2857142985
122002  -25.427  -22.422  7.727 0.2857142985
120655  -26.631  -22.345  6.968 0.2857142985
123418  -27.262  -20.975  6.814 0.4285714328
124658  -27.040  -20.070  6.544 0.4285714328
127190  -26.960  -19.012  6.940 0.2857142985
142006  -30.189  -9.197  9.190 0.2857142985
144440  -30.149  -7.621  8.899 0.2857142985
144419  -30.971  -7.215  9.870 0.2857142985
147052  -28.627  -6.000  8.511 0.2857142985
147038  -29.701  -5.858  9.192 0.2857142985
149337  -30.072  -4.343  9.589 0.2857142985
151554  -29.215  -2.877  8.585 0.2857142985
151552  -28.074  -3.116  8.305 0.2857142985
152606  -29.526  -2.102  8.790 0.2857142985
122015  -25.661  -22.011  7.426 0.2857142985
143226  -29.660  -8.162  8.950 0.2857142985
145771  -29.185  -6.786  8.822 0.2857142985
144453  -28.463  -7.580  7.857 0.2857142985
148217  -28.427  -5.283  8.153 0.2857142985
149346  -28.103  -4.214  8.102 0.2857142985
148202  -29.263  -5.139  9.155 0.2857142985
149348  -28.985  -4.387  8.864 0.2857142985
150483  -27.785  -3.696  8.180 0.2857142985
151541  -30.103  -2.914  9.556 0.2857142985
147069  -28.268  -6.040  7.914 0.2857142985
148237  -27.946  -5.327  7.743 0.2857142985
149367  -28.173  -4.742  7.951 0.2857142985
124659  -27.763  -20.314  6.701 0.4285714328
125870  -28.537  -19.444  7.004 0.4285714328
113716  -23.646  -26.419  9.309 0.1428571492
122040  -26.866  -21.684  6.880 0.4285714328
109535  -22.437  -28.735  11.351 0.1428571492
151540  -29.691  -2.864  9.090 0.2857142985
150474  -29.300  -3.610  8.987 0.2857142985
119259  -24.818  -23.423  7.669 0.1428571492
106855  -22.054  -30.013  11.953 0.1428571492
109533  -21.704  -28.480  11.157 0.1428571492
112321  -22.462  -27.042  10.255 0.1428571492
113701  -22.569  -26.632  9.922 0.1428571492
115145  -22.041  -25.982  10.168 0.1428571492
151553  -28.615  -2.888  8.207 0.2857142985
123417  -26.348  -21.066  6.746 0.4285714328
149366  -27.581  -4.537  7.927 0.2857142985
129608  -27.471  -17.060  6.796 0.2857142985
127192  -27.900  -18.505  6.954 0.2857142985
130791  -28.921  -16.424  6.577 0.2857142985
171301  -34.513  12.212  7.893 0.1428571492
169434  -34.929  10.805  7.600 0.1428571492
169414  -34.219  10.885  9.039 0.1428571492
167594  -34.574  9.388  9.365 0.1428571492
166687  -35.361  8.432  8.672 0.1428571492
171312  -34.488  12.444  7.439 0.1428571492
168501  -33.933  10.089  9.434 0.1428571492
170314  -30.748  11.557  9.441 0.1428571492
174046  -29.588  14.343  8.850 0.1428571492
129597  -28.552  -17.119  6.616 0.2857142985
130790  -28.310  -16.442  6.380 0.2857142985
166688  -35.730  8.271  8.054 0.1428571492
168543  -35.261  10.221  7.253 0.1428571492
165761  -35.165  7.688  9.261 0.1428571492
168502  -34.659  10.191  9.035 0.1428571492
167611  -35.587  8.957  8.282 0.1428571492
166669  -33.748  8.433  9.842 0.1428571492
169411  -31.951  10.877  9.544 0.1428571492
166679  -34.399  8.588  9.556 0.1428571492
171289  -32.047  12.412  9.373 0.1428571492
173112  -30.444  13.998  9.167 0.1428571492
171288  -31.288  12.382  9.407 0.1428571492
171300  -29.090  12.633  8.756 0.1428571492
172231  -28.182  13.135  8.285 0.1428571492
171287  -30.388  12.413  9.306 0.1428571492
168485  -33.425  9.683  9.792 0.1428571492
168500  -33.121  10.238  9.569 0.1428571492
127193  -28.306  -18.734  7.101 0.2857142985
170319  -34.516  11.568  8.533 0.1428571492
172224  -33.304  13.186  8.728 0.1428571492
169427  -34.818  10.760  8.195 0.1428571492
169412  -32.727  10.952  9.505 0.1428571492
170317  -33.127  11.685  9.306 0.1428571492
173124  -33.498  13.590  7.812 0.1428571492
170304  -31.875  11.887  9.376 0.1428571492
168527  -35.418  9.682  7.605 0.1428571492
145783  -27.611  -6.870  7.310 0.1428571492
144454  -28.980  -7.561  8.339 0.1428571492
145770  -28.580  -6.706  7.867 0.1428571492
149365  -26.859  -4.513  7.582 0.1428571492
150500  -24.319  -3.619  7.214 0.1428571492
151568  -25.443  -2.932  7.361 0.1428571492
143224  -28.621  -8.329  8.252 0.1428571492
150503  -26.555  -3.731  7.517 0.1428571492
152634  -25.116  -2.050  7.471 0.1428571492
153804  -26.287  -1.380  7.405 0.1428571492
153818  -26.110  -0.820  6.971 0.2857142985
134433  -29.337  -13.854  7.373 0.2857142985
134450  -28.205  -13.677  6.887 0.1428571492
140850  -28.097  -10.174  7.323 0.1428571492
140839  -28.815  -9.818  8.203 0.1428571492
143238  -28.204  -8.369  7.691 0.1428571492
140901  -35.582  -9.778  3.399 0.1428571492
147084  -27.327  -6.174  7.066 0.1428571492
151572  -28.135  -2.618  8.070 0.1428571492
153788  -28.099  -1.119  8.133 0.1428571492
153819  -26.612  -0.877  7.177 0.1428571492
155086  -26.707  -0.331  6.834 0.2857142985
157622  -28.344  0.595  8.053 0.2857142985
159962  -27.902  2.813  7.980 0.2857142985
159961  -27.508  2.748  8.417 0.2857142985
161020  -27.691  4.121  7.647 0.2857142985
166674  -27.699  8.478  8.910 0.1428571492
163934  -27.742  5.427  10.309 0.1428571492
156346  -29.573  0.114  8.850 0.2857142985
156362  -28.063  0.030  8.048 0.2857142985
157624  -29.500  1.361  8.263 0.2857142985
159950  -30.829  2.609  8.814 0.2857142985
158849  -28.658  1.832  7.765 0.2857142985
159983  -28.095  2.229  7.801 0.2857142985
161008  -29.771  3.636  8.281 0.2857142985
159963  -28.618  2.590  7.860 0.2857142985
159982  -27.665  2.226  8.104 0.2857142985
161022  -28.964  4.268  7.521 0.2857142985
162967  -27.683  5.160  8.763 0.1428571492
161004  -27.312  3.168  8.757 0.2857142985
165743  -27.504  7.852  9.853 0.1428571492
165737  -27.947  7.663  10.673 0.1428571492
158822  -26.824  1.885  8.449 0.1428571492
159980  -25.995  1.787  8.275 0.1428571492
153816  -25.078  -0.541  6.893 0.2857142985
162011  -27.457  4.382  8.907 0.1428571492
160996  -27.275  3.710  8.896 0.2857142985
162957  -27.564  5.058  9.333 0.1428571492
162001  -27.328  4.513  9.457 0.1428571492
153786  -24.068  -1.163  7.690 0.2857142985
159934  -26.699  2.392  9.682 0.1428571492
160969  -27.874  3.491  10.900 0.1428571492
160984  -26.794  3.133  9.966 0.1428571492
153769  -21.856  -2.291  9.078 0.1428571492
142081  -35.069  -8.991  3.182 0.1428571492
138380  -38.070  -11.832  3.955 0.1428571492
139631  -28.412  -10.600  7.681 0.1428571492
143250  -27.240  -8.410  6.959 0.1428571492
140913  -36.303  -9.463  3.061 0.1428571492
144479  -26.829  -7.697  6.889 0.1428571492
147093  -25.805  -6.118  6.740 0.1428571492
148250  -25.579  -5.396  6.582 0.1428571492
148235  -26.792  -5.023  7.342 0.1428571492
150501  -24.996  -3.676  7.180 0.1428571492
151570  -26.925  -2.922  7.594 0.1428571492
152632  -23.795  -2.099  7.500 0.1428571492
152637  -27.334  -2.124  7.549 0.1428571492
153787  -24.403  -0.707  7.444 0.2857142985
156381  -27.562  0.310  7.533 0.1428571492
157644  -27.379  1.162  7.505 0.1428571492
157646  -28.466  1.442  7.750 0.2857142985
158846  -27.126  1.728  8.016 0.1428571492
158847  -27.735  1.750  7.674 0.1428571492
160983  -26.781  2.525  10.138 0.1428571492
159949  -26.741  2.538  9.267 0.2857142985
162000  -27.053  4.133  9.859 0.1428571492
163939  -27.696  5.650  9.171 0.1428571492
162950  -27.618  4.616  10.385 0.1428571492
139701  -36.305  -10.892  3.664 0.1428571492
140902  -36.584  -10.182  3.396 0.1428571492
140914  -36.986  -9.722  3.119 0.1428571492
159965  -30.287  2.911  8.478 0.2857142985
162020  -29.411  4.305  8.023 0.2857142985
163949  -27.473  6.205  9.246 0.1428571492
161021  -28.350  4.060  7.211 0.2857142985
162019  -27.637  4.574  8.258 0.2857142985
162975  -27.782  5.337  8.167 0.2857142985
162956  -27.507  4.910  9.859 0.1428571492
165744  -27.647  7.340  10.283 0.1428571492
157609  -30.653  1.181  9.143 0.2857142985
138318  -28.617  -11.290  7.595 0.1428571492
138341  -28.270  -11.818  7.379 0.1428571492
158807  -30.901  1.938  9.100 0.2857142985
142020  -28.848  -9.094  8.611 0.1428571492
137054  -38.184  -12.561  4.120 0.1428571492
158806  -30.397  1.681  8.818 0.2857142985
153807  -28.165  -1.601  7.979 0.1428571492
155043  -29.482  -0.684  8.751 0.1428571492
156345  -29.215  -0.276  8.612 0.1428571492
144467  -27.919  -7.603  7.504 0.1428571492
148253  -27.000  -5.766  7.071 0.1428571492
150518  -25.659  -4.533  7.098 0.1428571492
145796  -26.473  -6.883  6.837 0.1428571492
150502  -25.762  -3.973  7.470 0.1428571492
152636  -26.602  -2.125  7.490 0.1428571492
142019  -28.521  -9.118  7.934 0.1428571492
153802  -24.736  -1.078  7.176 0.1428571492
152635  -25.866  -2.115  7.508 0.1428571492
153805  -27.001  -1.295  7.409 0.1428571492
142032  -27.984  -9.234  7.296 0.1428571492
155059  -27.814  -0.626  8.046 0.2857142985
156395  -27.139  0.209  6.910 0.2857142985
157623  -28.812  1.148  8.041 0.2857142985
156364  -29.351  0.765  8.443 0.2857142985
156363  -28.858  0.132  8.316 0.2857142985
161005  -27.561  3.616  8.299 0.2857142985
161007  -28.964  3.571  7.826 0.2857142985
159960  -27.054  2.461  8.746 0.1428571492
162951  -28.015  5.091  10.786 0.1428571492
158824  -29.228  1.938  7.948 0.2857142985
158825  -29.961  1.978  8.364 0.2857142985
159964  -29.495  2.772  8.087 0.2857142985
160995  -26.973  3.331  9.231 0.2857142985
166666  -27.619  8.093  10.364 0.1428571492
162010  -27.153  4.037  9.261 0.2857142985
156394  -26.527  0.494  6.740 0.1428571492
161991  -27.233  3.861  10.637 0.1428571492
120611  -22.495  -22.428  8.175 0.1428571492
122000  -24.424  -21.763  7.714 0.1428571492
123380  -22.726  -21.131  8.377 0.1428571492
125840  -23.280  -20.001  7.983 0.1428571492
125852  -23.633  -19.538  7.763 0.1428571492
123382  -23.813  -21.081  7.641 0.1428571492
127163  -23.533  -18.676  7.738 0.1428571492
124638  -23.994  -20.271  7.427 0.1428571492
123394  -25.597  -21.329  6.984 0.1428571492
127164  -24.072  -18.735  7.475 0.1428571492
125867  -25.552  -19.372  7.067 0.1428571492
124657  -26.255  -20.085  6.675 0.1428571492
127176  -25.914  -18.658  7.152 0.1428571492
125868  -26.148  -19.380  6.986 0.1428571492
128423  -23.263  -17.990  7.696 0.1428571492
128435  -24.965  -17.994  6.915 0.1428571492
127177  -26.629  -18.638  7.124 0.1428571492
129607  -26.841  -17.028  7.044 0.1428571492
131951  -27.434  -15.639  6.485 0.1428571492
131937  -27.936  -15.276  6.615 0.1428571492
155072  -24.539  -0.295  7.251 0.1428571492
123392  -24.391  -20.927  7.290 0.1428571492
123395  -25.948  -21.585  7.057 0.1428571492
123368  -22.194  -21.102  8.731 0.1428571492
124628  -23.512  -20.416  7.859 0.1428571492
133178  -29.048  -15.053  6.915 0.1428571492
127191  -27.250  -18.542  6.942 0.1428571492
121999  -23.553  -21.868  7.862 0.1428571492
120612  -23.124  -22.681  8.060 0.1428571492
122014  -25.100  -21.536  7.423 0.1428571492
123416  -25.706  -20.628  6.765 0.1428571492
128448  -27.244  -17.712  7.238 0.1428571492
121998  -22.842  -21.831  8.026 0.1428571492
123381  -23.305  -21.142  8.092 0.1428571492
125838  -22.298  -19.625  8.507 0.1428571492
125853  -24.352  -19.484  7.412 0.1428571492
124639  -24.630  -20.163  7.144 0.1428571492
123393  -25.028  -20.832  6.934 0.1428571492
127175  -25.285  -18.685  7.072 0.1428571492
128424  -23.773  -18.007  7.382 0.1428571492
124655  -25.208  -20.030  6.976 0.1428571492
128436  -25.600  -17.939  6.997 0.1428571492
128422  -22.717  -18.033  7.945 0.1428571492
120596  -22.077  -22.716  8.649 0.1428571492
106952  -32.944  -30.886  3.916 0.1428571492
106954  -35.919  -30.762  4.346 0.1428571492
106962  -35.280  -30.875  3.191 0.1428571492
106964  -36.353  -30.342  4.099 0.1428571492
108271  -32.827  -30.248  5.291 0.1428571492
108274  -36.028  -30.280  5.360 0.1428571492
108275  -36.351  -29.891  5.286 0.1428571492
108284  -37.116  -29.227  4.134 0.1428571492
108289  -33.377  -30.521  3.658 0.1428571492
108291  -36.251  -30.339  2.872 0.1428571492
108293  -37.092  -29.442  3.678 0.1428571492
108294  -34.431  -29.906  2.838 0.1428571492
108295  -35.001  -29.811  2.447 0.1428571492
108296  -35.894  -29.917  2.237 0.1428571492
108298  -37.077  -29.610  2.967 0.1428571492
108300  -36.640  -29.589  2.158 0.1428571492
108301  -37.010  -29.666  2.460 0.1428571492
109503  -24.365  -29.467  12.240 0.1428571492
109534  -22.074  -28.608  11.251 0.1428571492
109594  -33.535  -29.026  6.240 0.1428571492
109595  -33.771  -28.860  5.837 0.1428571492
109597  -36.737  -28.676  5.924 0.1428571492
109608  -36.563  -29.200  5.685 0.1428571492
109609  -37.029  -28.779  5.384 0.1428571492
109617  -37.203  -28.894  4.594 0.1428571492
109625  -37.641  -28.666  3.417 0.1428571492
109627  -34.770  -29.127  2.741 0.1428571492
109629  -37.385  -29.087  3.205 0.1428571492
109631  -35.977  -29.078  2.118 0.1428571492
109632  -36.490  -29.050  2.128 0.1428571492
109633  -37.261  -29.129  2.336 0.1428571492
109634  -37.700  -28.666  2.367 0.1428571492
110899  -25.071  -28.981  12.122 0.1428571492
110916  -22.917  -28.629  11.346 0.2857142985
111028  -37.695  -28.085  4.183 0.1428571492
111029  -37.870  -27.747  3.761 0.1428571492
111037  -35.032  -28.298  3.059 0.1428571492
111039  -37.650  -28.428  3.699 0.1428571492
111040  -37.901  -28.153  3.362 0.1428571492
111041  -35.258  -28.730  2.668 0.1428571492
111043  -36.370  -28.092  2.340 0.1428571492
111044  -37.853  -28.276  2.649 0.1428571492
111045  -36.212  -28.701  2.151 0.1428571492
111046  -36.630  -28.431  2.209 0.1428571492
111048  -37.693  -28.358  2.295 0.1428571492
112342  -32.952  -27.668  8.167 0.1428571492
112349  -33.127  -27.250  7.905 0.1428571492
112357  -33.585  -27.423  6.907 0.1428571492
112358  -33.823  -27.465  6.462 0.1428571492
112369  -33.842  -27.469  5.906 0.1428571492
112370  -36.789  -27.617  6.120 0.1428571492
112371  -37.164  -27.512  5.488 0.1428571492
112384  -37.719  -27.415  4.770 0.1428571492
112385  -37.823  -27.010  4.474 0.1428571492
112400  -37.860  -27.332  4.103 0.1428571492
112415  -34.690  -27.544  3.444 0.1428571492
112418  -35.891  -27.596  2.924 0.1428571492
112420  -36.863  -27.365  2.331 0.1428571492
112421  -37.865  -27.661  2.789 0.1428571492
112422  -36.606  -27.973  2.261 0.1428571492
112423  -37.041  -27.792  2.224 0.1428571492
112424  -37.661  -27.980  2.283 0.1428571492
113665  -26.592  -27.501  11.441 0.1428571492
113730  -32.011  -26.895  8.950 0.1428571492
113741  -36.769  -26.462  7.873 0.1428571492
113750  -36.516  -27.067  7.020 0.1428571492
113751  -36.729  -26.816  6.616 0.1428571492
113768  -33.470  -26.393  6.019 0.2857142985
113771  -37.717  -26.660  4.770 0.1428571492
113788  -34.121  -26.637  4.322 0.1428571492
113789  -37.877  -26.620  4.253 0.1428571492
113806  -34.455  -26.869  3.918 0.1428571492
113808  -37.798  -26.724  3.655 0.1428571492
113809  -35.687  -26.950  3.071 0.1428571492
113811  -36.800  -26.932  2.596 0.1428571492
113813  -37.193  -27.210  2.362 0.1428571492
113814  -37.601  -27.417  2.323 0.1428571492
115192  -32.066  -26.291  8.671 0.1428571492
115203  -33.044  -26.575  7.435 0.1428571492
115205  -36.938  -25.958  7.464 0.1428571492
115215  -36.710  -26.671  6.896 0.1428571492
115229  -32.678  -25.406  6.512 0.2857142985
115231  -37.192  -26.195  5.810 0.1428571492
115246  -33.695  -26.401  5.047 0.1428571492
115275  -34.339  -25.602  4.215 0.2857142985
115276  -34.737  -26.018  3.927 0.1428571492
115284  -36.001  -26.642  3.019 0.1428571492
115285  -36.395  -26.492  2.986 0.1428571492
115287  -37.374  -26.303  3.148 0.1428571492
116593  -37.597  -24.991  9.034 0.1428571492
116601  -23.932  -24.893  8.376 0.2857142985
116612  -37.497  -25.039  8.629 0.1428571492
116632  -31.206  -25.144  7.676 0.2857142985
116651  -37.552  -25.087  6.450 0.1428571492
116667  -32.833  -25.051  6.232 0.2857142985
116669  -37.735  -25.186  5.910 0.1428571492
116683  -33.615  -24.869  5.393 0.2857142985
116684  -37.501  -25.661  5.635 0.1428571492
116685  -37.960  -25.377  5.212 0.1428571492
116695  -33.538  -25.321  5.285 0.2857142985
116707  -37.960  -25.095  3.576 0.1428571492
116708  -38.429  -24.471  3.685 0.1428571492
117930  -37.887  -24.308  10.776 0.1428571492
117974  -37.500  -24.854  8.222 0.1428571492
117975  -37.672  -24.579  8.430 0.1428571492
117994  -25.077  -24.059  7.640 0.2857142985
118003  -37.459  -24.858  7.963 0.1428571492
118017  -31.779  -24.390  7.093 0.2857142985
118020  -37.429  -24.901  7.449 0.1428571492
118033  -34.006  -24.318  6.108 0.2857142985
118044  -34.136  -24.585  5.525 0.2857142985
118046  -35.379  -24.207  5.113 0.2857142985
118054  -34.448  -24.718  5.057 0.2857142985
118055  -34.934  -24.590  4.707 0.2857142985
118056  -35.699  -24.244  4.545 0.2857142985
118065  -35.854  -24.595  3.852 0.2857142985
119243  -38.436  -23.311  8.428 0.1428571492
119260  -25.276  -23.445  7.364 0.1428571492
119265  -28.963  -23.309  7.921 0.5714285970
119269  -32.411  -23.361  7.401 0.4285714328
119270  -33.031  -23.317  7.364 0.4285714328
119287  -26.450  -22.911  6.988 0.2857142985
119293  -34.264  -23.598  6.861 0.5714285970
119294  -34.871  -23.485  6.671 0.4285714328
119295  -35.418  -23.305  6.459 0.4285714328
119296  -37.999  -23.812  7.235 0.1428571492
119297  -38.343  -23.468  6.770 0.1428571492
119308  -34.438  -23.936  6.384 0.2857142985
119316  -35.414  -23.937  5.580 0.2857142985
119320  -38.762  -23.524  5.305 0.1428571492
119324  -36.226  -23.730  4.658 0.2857142985
119325  -36.786  -23.486  4.436 0.2857142985
119326  -37.370  -23.494  4.100 0.1428571492
119328  -39.096  -23.429  4.498 0.1428571492
119332  -37.790  -23.655  3.742 0.1428571492
119334  -38.969  -23.160  3.811 0.1428571492
120581  -38.133  -22.835  10.756 0.1428571492
120582  -38.271  -22.545  10.235 0.1428571492
120615  -25.175  -22.639  7.733 0.2857142985
120616  -38.699  -22.671  8.819 0.1428571492
120628  -25.489  -22.772  7.420 0.2857142985
120639  -35.098  -22.491  7.328 0.5714285970
120656  -27.250  -22.184  6.922 0.4285714328
120659  -34.686  -23.082  7.124 0.5714285970
120663  -38.401  -23.264  7.273 0.1428571492
120673  -36.343  -22.871  6.002 0.2857142985
120675  -37.260  -22.031  5.330 0.4285714328
120681  -37.036  -22.879  4.786 0.2857142985
120684  -39.657  -22.362  5.011 0.1428571492
120689  -37.532  -22.661  4.281 0.2857142985
120690  -38.058  -22.707  3.785 0.2857142985
120692  -39.681  -22.393  4.728 0.1428571492
120696  -38.543  -22.740  3.642 0.2857142985
120697  -38.982  -22.551  3.798 0.1428571492
121955  -38.126  -21.697  10.656 0.1428571492
122013  -24.728  -21.269  7.351 0.1428571492
122016  -26.235  -21.885  7.038 0.2857142985
122017  -28.328  -21.721  7.518 0.5714285970
122023  -33.289  -21.976  7.663 0.7142857313
122026  -35.585  -21.866  7.451 0.5714285970
122041  -27.498  -21.582  7.064 0.4285714328
122043  -36.479  -22.236  6.549 0.4285714328
122044  -36.986  -21.816  6.331 0.5714285970
122045  -37.257  -21.380  6.015 0.4285714328
122051  -37.100  -22.024  5.890 0.4285714328
122053  -39.440  -22.009  5.676 0.1428571492
122059  -37.409  -21.621  5.086 0.2857142985
122060  -39.573  -22.266  5.224 0.1428571492
122061  -39.595  -21.932  5.044 0.1428571492
122067  -38.219  -21.984  4.036 0.2857142985
122068  -39.038  -21.990  4.063 0.1428571492
122069  -39.490  -22.080  4.482 0.1428571492
122073  -38.622  -22.294  3.771 0.2857142985
123332  -38.238  -21.179  10.428 0.1428571492
123396  -28.494  -21.161  7.376 0.7142857313
123404  -34.556  -21.174  7.704 0.7142857313
123407  -36.647  -21.072  7.114 0.5714285970
123415  -25.403  -20.376  6.852 0.1428571492
123420  -28.747  -20.739  7.243 0.7142857313
123422  -37.012  -21.031  6.682 0.5714285970
123430  -37.376  -20.967  5.775 0.4285714328
123432  -39.509  -21.149  5.899 0.1428571492
123436  -39.026  -21.079  4.956 0.2857142985
123437  -39.384  -21.324  5.218 0.1428571492
123442  -38.195  -21.220  4.557 0.2857142985
124640  -29.830  -20.355  7.487 0.5714285970
124645  -33.471  -20.462  7.797 0.7142857313
124649  -36.499  -20.379  7.395 0.5714285970
124656  -25.710  -19.982  6.853 0.1428571492
124662  -30.058  -19.937  7.390 0.5714285970
124663  -30.565  -19.945  7.374 0.7142857313
124665  -37.207  -20.354  6.443 0.5714285970
124671  -27.336  -19.556  6.560 0.4285714328
124672  -27.647  -19.718  6.602 0.4285714328
124673  -28.027  -19.858  6.674 0.4285714328
124674  -37.340  -20.339  5.934 0.4285714328
124687  -38.709  -20.673  4.820 0.2857142985
124688  -39.008  -20.533  5.047 0.2857142985
125842  -33.658  -19.126  8.092 0.7142857313
125854  -30.944  -19.673  7.323 0.7142857313
125859  -34.697  -19.680  7.963 0.7142857313
125860  -35.571  -19.394  7.938 0.7142857313
125861  -36.357  -19.554  7.555 0.7142857313
125866  -24.951  -19.417  7.132 0.1428571492
125869  -26.691  -19.414  6.793 0.2857142985
125873  -30.510  -19.372  7.350 0.5714285970
125881  -27.113  -19.274  6.654 0.4285714328
125883  -28.106  -19.337  6.911 0.4285714328
125884  -28.517  -19.083  7.156 0.4285714328
125885  -37.274  -19.649  6.102 0.5714285970
125890  -37.375  -19.712  5.595 0.4285714328
125896  -37.987  -19.663  4.767 0.4285714328
125898  -39.159  -20.121  4.916 0.2857142985
127153  -32.667  -18.657  8.179 0.8571428657
127155  -34.040  -18.466  8.118 0.7142857313
127157  -35.294  -18.430  8.205 0.7142857313
127165  -30.884  -18.386  7.344 0.4285714328
127168  -35.752  -18.533  8.015 0.7142857313
127174  -24.662  -18.728  7.173 0.1428571492
127178  -26.968  -18.190  7.143 0.1428571492
127179  -28.352  -18.229  7.050 0.4285714328
127183  -30.825  -18.853  7.341 0.4285714328
127184  -36.729  -18.800  6.949 0.5714285970
127185  -37.012  -19.257  6.796 0.5714285970
127194  -36.924  -18.472  6.499 0.5714285970
127207  -37.423  -19.301  5.328 0.4285714328
127208  -37.718  -18.878  5.073 0.4285714328
128415  -34.443  -17.793  8.181 0.7142857313
128427  -31.731  -17.995  7.815 0.5714285970
128434  -24.337  -18.018  7.094 0.1428571492
128438  -26.717  -17.804  7.307 0.1428571492
128439  -28.185  -17.736  6.834 0.5714285970
128442  -30.032  -17.904  7.113 0.5714285970
128443  -36.483  -17.941  7.186 0.5714285970
128449  -27.703  -17.753  6.952 0.2857142985
128457  -36.986  -18.033  5.664 0.4285714328
128458  -37.326  -18.371  5.431 0.4285714328
128466  -37.510  -18.020  5.054 0.4285714328
129568  -32.609  -17.253  8.404 0.8571428657
129570  -34.151  -17.149  8.447 0.8571428657
129583  -31.532  -17.318  7.795 0.5714285970
129585  -35.949  -17.240  7.941 0.7142857313
129595  -26.376  -17.335  7.166 0.1428571492
129596  -27.971  -17.160  6.435 0.2857142985
129599  -29.805  -17.187  6.905 0.4285714328
129600  -36.355  -17.188  7.484 0.7142857313
129606  -26.315  -16.880  6.933 0.1428571492
129615  -36.565  -17.068  6.063 0.4285714328
129616  -36.653  -17.359  5.626 0.4285714328
129617  -38.615  -17.633  4.799 0.2857142985
129618  -39.146  -17.160  4.766 0.4285714328
129623  -36.463  -16.858  5.494 0.4285714328
129626  -38.229  -17.208  4.696 0.4285714328
130761  -33.823  -16.458  8.689 0.8571428657
130762  -34.631  -16.452  8.675 0.7142857313
130764  -35.941  -16.266  8.221 0.7142857313
130777  -31.754  -16.924  8.053 0.5714285970
130779  -36.218  -16.494  7.864 0.7142857313
130792  -29.552  -16.452  6.787 0.5714285970
130802  -27.704  -16.441  6.425 0.2857142985
130810  -36.410  -16.271  5.756 0.5714285970
130811  -39.479  -16.311  5.274 0.1428571492
130819  -37.770  -16.384  4.619 0.4285714328
131905  -31.347  -15.370  8.175 0.7142857313
131909  -34.303  -15.702  8.843 0.8571428657
131911  -35.856  -15.614  8.288 0.7142857313
131924  -31.411  -15.856  8.126 0.7142857313
131925  -36.026  -15.220  7.934 0.7142857313
131939  -29.265  -15.744  6.714 0.4285714328
131940  -29.895  -15.699  6.948 0.4285714328
131952  -27.995  -15.877  6.429 0.1428571492
131960  -36.519  -15.559  5.375 0.5714285970
131968  -38.115  -15.602  4.654 0.4285714328
131970  -39.256  -15.575  5.145 0.1428571492
133132  -32.535  -14.207  9.264 0.7142857313
133134  -33.665  -14.403  9.221 0.8571428657
133143  -31.025  -14.953  8.129 0.7142857313
133147  -33.948  -15.010  8.980 0.7142857313
133162  -35.873  -14.836  8.122 0.8571428657
133201  -36.530  -14.781  5.612 0.4285714328
133212  -37.760  -14.867  4.598 0.4285714328
134403  -33.431  -13.754  9.401 0.8571428657
134404  -34.128  -13.794  9.167 0.7142857313
134406  -35.479  -13.803  8.835 0.8571428657
134415  -30.999  -14.180  8.307 0.7142857313
134417  -32.293  -13.901  9.069 0.7142857313
134420  -36.172  -13.909  7.958 0.8571428657
134432  -28.695  -13.828  7.120 0.2857142985
134435  -30.542  -13.923  7.903 0.5714285970
134436  -36.041  -14.355  7.929 0.8571428657
134451  -36.472  -14.072  6.929 0.8571428657
134463  -36.542  -13.877  6.399 0.5714285970
134482  -36.358  -14.079  5.016 0.4285714328
134485  -38.095  -14.130  4.585 0.2857142985
134493  -36.328  -13.795  4.353 0.4285714328
134494  -36.730  -13.755  3.984 0.2857142985
135648  -33.073  -13.043  9.344 0.8571428657
135651  -35.326  -13.259  9.044 0.8571428657
135662  -31.294  -13.259  8.519 0.7142857313
135664  -32.478  -13.363  9.216 0.7142857313
135665  -36.177  -13.425  8.151 0.8571428657
135680  -30.310  -13.325  7.888 0.4285714328
135682  -36.471  -13.581  7.270 0.8571428657
135696  -27.840  -13.088  6.839 0.1428571492
135697  -28.381  -13.068  7.089 0.4285714328
135719  -36.182  -13.231  5.334 0.4285714328
135728  -35.937  -12.866  4.842 0.4285714328
135740  -35.954  -12.861  4.371 0.4285714328
135742  -36.894  -13.162  3.698 0.2857142985
135743  -37.439  -13.306  3.853 0.2857142985
136973  -33.701  -12.331  9.429 0.8571428657
136976  -35.670  -12.613  8.849 0.8571428657
136987  -30.375  -12.115  8.496 0.5714285970
136989  -31.706  -12.612  8.973 0.5714285970
136991  -36.287  -13.085  7.844 0.8571428657
137006  -36.211  -12.362  7.598 0.8571428657
137020  -28.005  -12.410  7.116 0.2857142985
137022  -36.382  -12.713  6.488 0.4285714328
137034  -36.270  -12.700  5.789 0.7142857313
137043  -35.966  -12.452  5.024 0.4285714328
137044  -36.123  -12.676  5.338 0.4285714328
137052  -35.860  -12.382  4.546 0.2857142985
137053  -37.791  -12.109  3.928 0.2857142985
137065  -36.006  -12.424  4.027 0.2857142985
137066  -36.526  -12.453  3.636 0.4285714328
137068  -37.770  -12.952  3.907 0.1428571492
138279  -31.892  -11.344  9.428 0.5714285970
138282  -34.311  -11.662  9.793 1.0000000000
138284  -35.469  -12.164  9.066 0.8571428657
138300  -30.051  -11.402  8.711 0.5714285970
138319  -29.159  -11.464  7.975 0.1428571492
138340  -27.676  -11.678  7.236 0.1428571492
138342  -36.128  -11.557  7.017 0.5714285970
138343  -36.234  -12.015  6.867 0.7142857313
138371  -36.165  -12.193  5.416 0.5714285970
138389  -37.517  -11.588  3.906 0.1428571492
138390  -38.042  -11.314  3.961 0.1428571492
139563  -33.684  -10.273  9.781 1.0000000000
139565  -34.711  -10.112  9.966 1.0000000000
139590  -30.324  -10.342  9.000 0.5714285970
139592  -31.550  -10.701  9.577 0.5714285970
139596  -34.985  -10.661  9.707 1.0000000000
139612  -29.146  -10.597  8.285 0.2857142985
139614  -30.331  -10.911  8.991 0.5714285970
139615  -35.347  -11.105  9.297 0.8571428657
139616  -35.670  -10.691  8.974 1.0000000000
139632  -28.797  -10.865  7.908 0.1428571492
139670  -36.263  -11.439  6.339 0.5714285970
140805  -32.080  -9.787  9.863 0.8571428657
140808  -34.543  -9.706  10.166 1.0000000000
140824  -29.998  -9.776  8.896 0.2857142985
140827  -31.751  -10.333  9.900 0.5714285970
140829  -35.396  -9.833  9.620 1.0000000000
140838  -28.482  -9.883  7.683 0.1428571492
140900  -35.184  -9.146  3.502 0.4285714328
140911  -33.750  -8.612  2.797 0.1428571492
140912  -35.830  -9.151  3.130 0.1428571492
140915  -37.492  -9.764  3.294 0.1428571492
140923  -33.664  -8.662  2.576 0.1428571492
141987  -33.020  -8.983  10.532 1.0000000000
141989  -34.305  -9.082  10.302 1.0000000000
142007  -30.683  -9.056  9.558 0.2857142985
142008  -31.184  -9.089  9.966 0.4285714328
142009  -35.171  -9.301  9.728 1.0000000000
142021  -29.567  -8.973  8.988 0.2857142985
142022  -35.661  -9.043  8.720 1.0000000000
142031  -27.507  -8.838  7.158 0.1428571492
142045  -27.680  -9.897  7.105 0.1428571492
142046  -35.831  -9.006  7.512 0.7142857313
142078  -33.425  -8.442  3.079 0.1428571492
142080  -34.826  -8.529  3.461 0.2857142985
142092  -33.753  -8.495  3.012 0.1428571492
142093  -34.114  -8.508  2.867 0.1428571492
143193  -31.238  -7.624  10.098 0.5714285970
143195  -33.027  -8.191  10.603 1.0000000000
143198  -34.647  -8.446  10.139 1.0000000000
143212  -30.147  -8.366  9.327 0.2857142985
143214  -31.103  -8.221  10.019 0.4285714328
143216  -35.538  -8.403  9.096 0.8571428657
143225  -29.143  -8.280  8.707 0.1428571492
143237  -27.699  -8.347  7.311 0.1428571492
143251  -35.676  -8.231  7.031 0.7142857313
143264  -34.817  -8.124  4.983 0.2857142985
143265  -34.968  -8.524  5.627 0.5714285970
143282  -34.434  -7.829  3.499 0.1428571492
144401  -32.997  -6.726  10.750 0.7142857313
144421  -32.368  -7.033  10.577 0.8571428657
144424  -34.477  -7.709  10.339 1.0000000000
144443  -35.392  -7.734  9.483 0.8571428657
144455  -29.445  -7.593  8.781 0.2857142985
144466  -27.395  -7.635  7.167 0.1428571492
144480  -35.631  -7.459  7.436 0.8571428657
144493  -34.803  -7.317  5.348 0.4285714328
145718  -32.845  -6.094  10.778 0.8571428657
145720  -34.182  -6.616  10.631 0.8571428657
145736  -31.802  -6.354  10.306 0.2857142985
145738  -34.333  -7.197  10.435 0.8571428657
145757  -30.149  -6.850  9.048 0.2857142985
145758  -30.649  -6.652  9.594 0.2857142985
145759  -35.202  -7.178  9.786 0.8571428657
145760  -35.492  -6.832  9.322 0.8571428657
145772  -29.650  -7.173  8.963 0.2857142985
145784  -28.139  -6.822  7.647 0.1428571492
145785  -35.592  -6.692  7.851 0.8571428657
145795  -25.793  -6.746  6.655 0.1428571492
145797  -27.079  -6.904  7.014 0.1428571492
145806  -25.639  -6.268  6.794 0.1428571492
145807  -34.888  -6.579  5.739 0.4285714328
145830  -34.341  -6.896  3.801 0.1428571492
147001  -32.323  -5.326  10.769 0.7142857313
147003  -33.324  -5.584  10.784 1.0000000000
147005  -34.537  -5.842  10.528 1.0000000000
147017  -30.742  -5.560  9.841 0.4285714328
147020  -32.424  -5.763  10.740 0.8571428657
147021  -34.977  -6.018  10.120 0.8571428657
147039  -30.314  -5.871  9.532 0.2857142985
147040  -30.831  -6.080  9.801 0.4285714328
147053  -29.130  -5.907  8.982 0.2857142985
147054  -35.648  -5.914  8.258 0.8571428657
147068  -27.776  -6.092  7.487 0.2857142985
147081  -25.823  -5.758  6.676 0.1428571492
147082  -26.186  -6.055  6.786 0.1428571492
147083  -26.800  -6.184  6.881 0.1428571492
147092  -25.508  -5.915  6.668 0.1428571492
147095  -35.106  -5.775  6.083 0.5714285970
147110  -34.216  -5.820  4.333 0.1428571492
148169  -32.005  -4.889  10.724 1.0000000000
148171  -33.137  -4.902  10.805 1.0000000000
148173  -34.348  -5.088  10.638 1.0000000000
148187  -30.913  -5.001  10.054 0.4285714328
148190  -35.305  -5.200  9.886 0.8571428657
148203  -29.872  -5.105  9.408 0.2857142985
148218  -28.749  -5.185  8.718 0.2857142985
148219  -35.649  -5.145  8.648 0.8571428657
148236  -27.245  -5.346  7.384 0.2857142985
148251  -26.007  -5.350  6.798 0.1428571492
148252  -26.581  -5.405  7.072 0.1428571492
148255  -35.726  -4.501  6.860 0.5714285970
148262  -25.234  -5.560  6.627 0.1428571492
148264  -35.559  -4.962  6.351 0.2857142985
148265  -35.706  -4.670  6.704 0.5714285970
149303  -32.887  -4.242  10.878 0.7142857313
149305  -34.146  -4.347  10.795 0.8571428657
149320  -30.638  -4.314  9.845 0.2857142985
149321  -31.164  -4.289  10.186 0.4285714328
149322  -31.697  -4.255  10.534 0.7142857313
149323  -35.170  -4.411  10.119 0.8571428657
149336  -29.464  -4.360  9.348 0.2857142985
149338  -35.635  -4.376  8.988 0.8571428657
149347  -28.559  -4.446  8.314 0.2857142985
149349  -35.701  -4.357  8.353 0.7142857313
149364  -26.362  -4.343  7.368 0.1428571492
149368  -35.775  -4.231  7.643 0.5714285970
149369  -35.836  -3.800  7.390 0.7142857313
149383  -26.097  -4.725  7.059 0.1428571492
149384  -26.549  -4.791  7.252 0.1428571492
149386  -35.790  -4.173  7.078 0.5714285970
149395  -35.407  -4.238  5.972 0.1428571492
149396  -35.729  -4.278  6.554 0.1428571492
150447  -32.602  -3.561  10.832 0.8571428657
150449  -33.887  -3.618  10.842 1.0000000000
150467  -35.019  -3.658  10.347 0.8571428657
150475  -29.788  -3.608  9.424 0.4285714328
150476  -35.671  -3.589  9.309 0.8571428657
150484  -28.346  -3.667  8.253 0.2857142985
150485  -28.893  -3.656  8.458 0.2857142985
150487  -35.936  -3.288  8.315 0.7142857313
150504  -27.150  -3.710  7.918 0.1428571492
150505  -35.827  -3.770  8.168 0.7142857313
150520  -35.828  -3.385  7.041 0.1428571492
150530  -35.666  -3.481  6.333 0.1428571492
151515  -32.314  -2.867  10.746 0.8571428657
151517  -33.607  -2.904  10.831 1.0000000000
151519  -34.793  -2.956  10.501 0.8571428657
151531  -30.533  -2.907  9.896 0.4285714328
151532  -31.079  -2.836  10.202 0.5714285970
151535  -35.652  -2.824  9.670 0.8571428657
151543  -36.109  -2.222  8.704 0.5714285970
151569  -26.201  -2.959  7.417 0.1428571492
151571  -27.594  -2.879  7.975 0.2857142985
151573  -36.015  -2.634  7.450 0.1428571492
151579  -35.713  -2.711  6.420 0.1428571492
152583  -32.061  -2.167  10.619 0.5714285970
152585  -33.318  -2.171  10.937 0.8571428657
152587  -34.562  -2.330  10.611 0.8571428657
152601  -35.488  -2.106  10.040 0.8571428657
152607  -30.126  -2.076  9.336 0.4285714328
152608  -30.524  -1.665  9.466 0.4285714328
152610  -36.215  -1.827  9.009 0.5714285970
152621  -28.994  -2.114  8.326 0.2857142985
152638  -27.918  -2.115  7.842 0.1428571492
152643  -35.844  -2.307  6.585 0.1428571492
152644  -36.154  -1.914  6.901 0.1428571492
152652  -36.092  -1.556  6.472 0.1428571492
152663  -35.449  -1.550  5.688 0.1428571492
153746  -32.402  -1.672  10.750 1.0000000000
153747  -32.949  -1.491  10.888 1.0000000000
153749  -34.437  -1.685  10.703 0.8571428657
153750  -34.775  -1.914  10.519 0.8571428657
153753  -22.347  -2.224  9.026 0.1428571492
153761  -31.925  -1.353  10.490 0.8571428657
153763  -33.855  -0.761  10.748 1.0000000000
153764  -34.325  -0.960  10.689 0.8571428657
153770  -22.421  -1.988  8.816 0.1428571492
153772  -29.792  -1.338  8.971 0.2857142985
153774  -30.783  -1.257  9.582 0.4285714328
153775  -36.187  -1.142  9.373 0.5714285970
153789  -28.616  -1.367  8.249 0.1428571492
153801  -24.196  -1.588  7.333 0.1428571492
153803  -25.584  -1.298  7.333 0.1428571492
153806  -27.679  -1.343  7.785 0.1428571492
153808  -36.410  -1.064  7.388 0.1428571492
153817  -25.454  -0.704  6.855 0.2857142985
153824  -36.007  -1.218  6.266 0.1428571492
155025  -32.874  -0.936  10.792 0.8571428657
155026  -33.218  -1.052  10.833 1.0000000000
155034  -31.603  -0.570  10.175 0.5714285970
155037  -34.039  -0.296  10.715 0.8571428657
155046  -36.040  -0.389  9.683 0.5714285970
155058  -24.280  -0.314  7.673 0.1428571492
155060  -28.375  -0.600  8.290 0.1428571492
155061  -28.958  -0.690  8.484 0.1428571492
155062  -36.542  -0.242  8.455 0.4285714328
155073  -26.976  -0.638  7.247 0.2857142985
155074  -27.394  -0.562  7.596 0.2857142985
155083  -24.848  -0.276  6.927 0.1428571492
155084  -25.312  -0.129  6.696 0.2857142985
155085  -25.980  -0.170  6.617 0.2857142985
155087  -27.237  -0.230  7.144 0.2857142985
155088  -36.402  -0.290  7.005 0.1428571492
156334  -31.208  0.130  9.767 0.5714285970
156337  -33.555  0.366  10.621 1.0000000000
156348  -31.054  0.771  9.416 0.4285714328
156349  -35.772  0.398  9.925 0.4285714328
156361  -27.712  -0.210  7.804 0.2857142985
156380  -27.113  0.740  7.072 0.1428571492
156382  -27.964  0.524  7.923 0.1428571492
156393  -25.740  0.544  6.844 0.1428571492
156396  -36.751  0.516  7.306 0.2857142985
156404  -36.456  0.480  6.494 0.2857142985
156408  -35.715  0.390  5.531 0.1428571492
156409  -36.105  0.754  5.937 0.1428571492
157592  -33.116  1.537  10.640 0.7142857313
157601  -33.037  1.149  10.569 0.7142857313
157602  -33.823  1.214  10.600 0.7142857313
157604  -35.389  1.191  10.104 0.5714285970
157608  -29.967  1.063  8.776 0.2857142985
157610  -31.147  1.348  9.382 0.4285714328
157625  -36.869  1.309  8.473 0.2857142985
157645  -28.058  1.092  7.787 0.2857142985
157647  -37.152  1.227  8.051 0.2857142985
157648  -37.235  1.560  7.849 0.2857142985
157660  -37.387  1.631  7.388 0.1428571492
157669  -37.118  1.296  6.809 0.2857142985
157670  -37.314  1.723  6.826 0.1428571492
157678  -35.507  0.830  5.220 0.1428571492
158780  -32.764  1.904  10.613 0.8571428657
158781  -33.094  1.878  10.671 0.8571428657
158782  -33.560  1.944  10.674 0.8571428657
158793  -32.525  1.694  10.463 0.8571428657
158794  -32.891  1.631  10.618 0.8571428657
158796  -34.907  1.967  10.174 0.5714285970
158810  -36.538  1.983  8.799 0.2857142985
158823  -27.110  2.030  8.452 0.1428571492
158826  -30.507  2.215  8.674 0.2857142985
158827  -36.812  1.975  8.195 0.2857142985
158828  -36.958  1.850  8.127 0.1428571492
158848  -28.248  1.751  7.646 0.1428571492
158850  -36.797  2.108  7.942 0.1428571492
158864  -37.114  2.060  7.275 0.1428571492
158874  -36.841  2.103  6.397 0.1428571492
158875  -37.120  1.921  6.857 0.1428571492
158883  -36.017  2.126  5.155 0.1428571492
158884  -36.490  2.056  5.648 0.1428571492
159920  -32.587  2.067  10.509 0.8571428657
159921  -32.779  2.244  10.620 0.8571428657
159936  -32.337  2.401  10.245 0.8571428657
159939  -34.397  2.750  10.226 0.5714285970
159953  -36.113  2.682  9.035 0.2857142985
159979  -25.778  1.873  8.493 0.1428571492
159981  -27.335  2.210  8.398 0.2857142985
159984  -28.411  2.112  7.749 0.2857142985
159986  -36.792  2.239  7.739 0.1428571492
159997  -36.707  2.622  7.384 0.1428571492
159998  -36.909  2.166  7.546 0.1428571492
160018  -36.456  2.882  5.983 0.1428571492
160985  -31.856  3.033  9.761 0.8571428657
160989  -34.646  3.574  9.943 0.4285714328
160990  -35.287  3.294  9.685 0.4285714328
160997  -30.842  3.328  8.878 0.5714285970
161001  -36.121  3.236  8.804 0.2857142985
161006  -28.141  3.418  7.708 0.2857142985
161009  -30.387  3.819  8.587 0.5714285970
161010  -36.016  3.818  8.824 0.1428571492
161036  -27.876  4.527  7.311 0.2857142985
161037  -28.217  4.662  7.197 0.4285714328
161992  -28.148  4.274  10.804 0.1428571492
162005  -33.997  4.355  10.043 0.7142857313
162012  -30.342  4.533  8.909 0.5714285970
162016  -35.661  4.385  8.967 0.2857142985
162022  -30.380  4.191  8.733 0.5714285970
162023  -35.986  4.330  8.544 0.1428571492
162033  -27.786  4.830  7.726 0.2857142985
162035  -29.092  4.884  7.649 0.4285714328
162036  -36.261  4.217  7.432 0.1428571492
162049  -27.993  4.976  7.345 0.4285714328
162050  -28.320  5.005  7.277 0.4285714328
162960  -33.418  5.114  10.201 0.4285714328
162968  -30.363  4.893  9.003 0.5714285970
162971  -35.393  5.224  9.169 0.2857142985
162977  -29.954  5.359  8.708 0.7142857313
162979  -36.022  5.110  8.353 0.1428571492
162988  -27.978  5.427  7.572 0.4285714328
162989  -28.553  5.378  7.340 0.4285714328
162991  -36.220  4.864  7.206 0.1428571492
163001  -28.365  5.205  7.306 0.4285714328
163940  -31.509  5.992  9.810 0.5714285970
163942  -32.772  5.896  10.167 0.2857142985
163950  -27.651  6.007  8.642 0.1428571492
163953  -31.470  5.639  9.758 0.7142857313
163958  -29.617  5.864  8.222 0.5714285970
163960  -35.937  6.010  8.614 0.2857142985
163971  -29.382  6.325  7.703 0.7142857313
164851  -27.718  6.261  10.252 0.2857142985
164862  -34.005  6.821  10.054 0.2857142985
164864  -35.293  6.782  9.504 0.2857142985
164872  -31.601  6.804  9.877 0.5714285970
164876  -27.998  6.688  7.739 0.2857142985
164879  -35.911  6.713  8.214 0.2857142985
164887  -28.438  6.655  7.522 0.4285714328
164889  -29.267  6.848  7.937 0.7142857313
165745  -32.023  7.331  10.045 0.2857142985
165748  -34.473  7.710  9.854 0.2857142985
165757  -30.943  7.507  9.481 0.2857142985
165759  -31.983  7.578  9.988 0.2857142985
165760  -34.762  8.160  9.483 0.1428571492
165767  -29.951  7.181  8.665 0.5714285970
165769  -35.862  7.425  7.760 0.1428571492
165776  -28.276  6.962  7.776 0.4285714328
165778  -28.970  7.141  7.921 0.7142857313
166659  -27.592  8.730  10.475 0.1428571492
166665  -27.483  8.636  9.997 0.1428571492
166667  -32.243  8.400  9.831 0.2857142985
166678  -31.892  7.936  9.860 0.2857142985
166680  -34.902  8.619  9.164 0.1428571492
167575  -31.606  9.115  9.834 0.2857142985
167577  -32.541  9.001  9.850 0.2857142985
167589  -29.928  9.204  8.974 0.2857142985
167593  -33.919  9.224  9.721 0.1428571492
167604  -26.678  10.369  8.332 0.1428571492
167610  -35.213  9.477  8.741 0.1428571492
167625  -27.211  10.054  8.260 0.1428571492
167627  -35.427  9.458  8.068 0.1428571492
167644  -25.912  10.505  6.503 0.1428571492
167645  -26.115  10.425  6.598 0.1428571492
167653  -25.586  10.265  6.109 0.1428571492
167654  -26.059  10.257  6.098 0.1428571492
167655  -26.269  10.236  5.816 0.1428571492
167664  -25.391  10.305  5.688 0.1428571492
167665  -25.765  10.055  5.580 0.1428571492
167666  -26.097  10.124  5.675 0.1428571492
168483  -32.144  9.537  9.935 0.2857142985
168495  -29.661  10.086  8.850 0.2857142985
168499  -32.392  10.217  9.730 0.1428571492
168510  -26.436  10.564  8.185 0.1428571492
168515  -29.685  9.484  8.806 0.2857142985
168516  -34.925  10.279  8.545 0.1428571492
168523  -26.468  10.379  7.911 0.1428571492
168524  -26.806  10.256  7.743 0.1428571492
168525  -27.396  10.243  7.936 0.1428571492
168526  -35.046  10.057  7.992 0.1428571492
168539  -25.922  10.763  6.863 0.1428571492
168540  -26.211  10.566  7.184 0.1428571492
168541  -26.811  10.415  7.059 0.1428571492
168544  -35.530  9.579  7.009 0.1428571492
168551  -25.709  10.736  6.516 0.1428571492
168553  -26.592  10.456  6.199 0.1428571492
168554  -26.833  10.637  5.851 0.1428571492
168561  -25.507  10.654  5.967 0.1428571492
168562  -25.620  10.602  5.445 0.1428571492
168563  -26.328  10.449  5.456 0.1428571492
168564  -26.815  10.836  5.574 0.1428571492
169409  -30.378  10.681  9.225 0.2857142985
169413  -33.496  10.914  9.305 0.1428571492
169415  -34.665  10.816  8.637 0.1428571492
169433  -27.562  10.790  7.599 0.1428571492
169442  -25.814  11.276  7.382 0.1428571492
169443  -26.039  10.851  7.467 0.1428571492
169444  -27.149  10.664  6.708 0.1428571492
169445  -27.409  10.918  6.778 0.1428571492
169453  -25.632  11.153  6.404 0.1428571492
169454  -25.740  11.290  6.010 0.1428571492
169455  -27.090  10.815  6.273 0.1428571492
169456  -27.171  11.047  6.028 0.1428571492
169463  -25.588  10.978  5.820 0.1428571492
169464  -25.947  11.118  5.554 0.1428571492
169465  -26.524  11.110  5.385 0.1428571492
169466  -26.952  11.223  5.610 0.1428571492
170305  -32.085  12.008  9.329 0.1428571492
170315  -31.567  11.616  9.477 0.1428571492
170316  -32.268  11.735  9.386 0.1428571492
170318  -33.869  11.643  9.051 0.1428571492
170320  -34.715  11.160  8.355 0.1428571492
170329  -27.936  11.154  8.081 0.2857142985
170332  -34.640  11.763  8.160 0.1428571492
170333  -34.751  11.462  7.974 0.1428571492
170350  -25.860  11.671  6.838 0.1428571492
170351  -25.971  11.718  6.607 0.1428571492
170352  -27.328  11.579  6.618 0.1428571492
170361  -25.798  11.583  6.055 0.1428571492
170362  -26.563  11.790  5.904 0.1428571492
170371  -26.306  11.527  5.571 0.1428571492
170372  -26.755  11.511  5.594 0.1428571492
170373  -26.953  11.440  5.723 0.1428571492
171279  -31.711  12.082  9.401 0.1428571492
171280  -31.938  12.125  9.349 0.1428571492
171286  -29.615  12.504  9.056 0.1428571492
171290  -32.827  12.456  9.281 0.1428571492
171292  -34.029  12.286  8.563 0.1428571492
171299  -28.557  12.394  8.526 0.1428571492
171308  -25.824  12.411  7.312 0.1428571492
171309  -25.873  12.379  7.038 0.1428571492
171310  -27.116  12.725  7.143 0.1428571492
171313  -34.637  12.228  7.113 0.1428571492
171321  -25.815  12.037  7.035 0.1428571492
171322  -26.242  12.253  6.721 0.1428571492
171324  -27.020  11.951  6.515 0.1428571492
171332  -26.499  11.978  6.345 0.1428571492
171333  -26.945  11.850  6.164 0.1428571492
171334  -27.272  11.876  6.369 0.1428571492
172225  -33.680  12.726  8.604 0.1428571492
172233  -33.425  13.466  8.155 0.1428571492
172234  -33.826  13.036  8.031 0.1428571492
172242  -27.119  13.000  7.050 0.1428571492
172254  -26.316  13.105  6.416 0.1428571492
172255  -26.823  13.113  6.506 0.1428571492
173110  -29.348  14.010  8.776 0.1428571492
173111  -29.755  13.921  9.098 0.1428571492
174045  -29.390  14.271  8.720 0.1428571492
174047  -30.073  14.431  8.928 0.1428571492
205782  -26.037  11.196  8.155 0.1428571492
