#!ascii label  , from subject sub-36 vox2ras=TkReg
723
120634  -31.224  -22.708  7.799 0.0000000000
129581  -30.438  -17.203  7.139 0.0000000000
152597  -30.344  -2.474  9.690 0.0000000000
143196  -33.422  -8.261  10.672 0.0000000000
134419  -35.821  -14.110  8.392 0.0000000000
123423  -37.241  -20.992  6.216 0.0000000000
155044  -30.038  -0.580  9.104 0.0000000000
139595  -33.962  -10.922  9.885 0.0000000000
136988  -31.030  -12.381  8.734 0.0000000000
124642  -31.021  -20.303  7.430 0.0000000000
125843  -34.346  -19.076  8.034 0.0000000000
120638  -34.417  -22.607  7.495 0.0000000000
115184  -25.489  -25.506  8.460 0.0000000000
122042  -27.865  -21.578  7.309 0.0000000000
164888  -28.931  6.751  7.604 0.0000000000
162969  -30.902  5.087  9.336 0.0000000000
159937  -32.895  2.762  10.464 0.0000000000
156338  -34.329  0.407  10.539 0.0000000000
151534  -35.294  -2.909  10.192 0.0000000000
147019  -31.902  -5.643  10.595 0.0000000000
147041  -35.647  -5.972  8.978 0.0000000000
142054  -35.762  -9.055  6.659 0.0000000000
139684  -36.187  -11.488  5.550 0.0000000000
133211  -37.110  -14.906  4.604 0.0000000000
131907  -32.646  -15.667  8.724 0.0000000000
129609  -36.566  -17.134  6.810 0.0000000000
138301  -30.756  -11.522  8.975 0.0000000000
137003  -28.792  -12.074  7.635 0.0000000000
122021  -31.698  -21.914  7.716 0.0000000000
123402  -32.985  -21.194  7.668 0.0000000000
120636  -32.811  -22.694  7.550 0.0000000000
112289  -24.662  -27.976  11.293 0.0000000000
113686  -25.155  -27.009  10.597 0.0000000000
113705  -25.698  -26.587  10.364 0.0000000000
124659  -27.763  -20.314  6.701 0.0000000000
123417  -26.348  -21.066  6.746 0.0000000000
162002  -31.847  3.872  9.893 0.0000000000
153773  -30.329  -1.250  9.282 0.0000000000
156335  -31.955  0.229  10.217 0.0000000000
153762  -32.500  -1.186  10.725 0.0000000000
153765  -35.021  -1.376  10.378 0.0000000000
151516  -32.954  -2.882  10.881 0.0000000000
144400  -32.628  -6.531  10.688 0.0000000000
147004  -33.945  -5.743  10.701 0.0000000000
145739  -34.761  -6.937  10.195 0.0000000000
144468  -35.696  -7.509  8.183 0.0000000000
143215  -35.079  -8.571  9.621 0.0000000000
136975  -35.197  -12.597  9.294 0.0000000000
138321  -36.047  -11.786  7.544 0.0000000000
137007  -36.372  -12.820  7.347 0.0000000000
135729  -36.087  -13.365  4.631 0.0000000000
133193  -36.547  -14.656  6.410 0.0000000000
133179  -29.515  -15.273  6.832 0.0000000000
133161  -30.519  -14.676  7.725 0.0000000000
130776  -31.409  -16.509  7.885 0.0000000000
124648  -35.834  -20.348  7.713 0.0000000000
128428  -35.629  -17.866  8.091 0.0000000000
127195  -37.135  -18.873  6.347 0.0000000000
128465  -37.098  -17.638  5.074 0.0000000000
125895  -37.578  -19.711  5.188 0.0000000000
115186  -27.017  -25.645  8.719 0.0000000000
116625  -25.825  -24.523  7.631 0.0000000000
116627  -27.221  -24.667  7.799 0.0000000000
117999  -28.459  -24.014  7.848 0.0000000000
140804  -31.612  -9.522  9.900 0.0000000000
140807  -33.940  -9.719  10.235 0.0000000000
139593  -32.265  -10.737  9.812 0.0000000000
136972  -32.888  -12.206  9.389 0.0000000000
135649  -33.917  -13.096  9.326 0.0000000000
127182  -30.322  -18.613  7.345 0.0000000000
128412  -32.306  -17.997  8.173 0.0000000000
125856  -32.427  -19.507  7.848 0.0000000000
124646  -34.247  -20.442  7.798 0.0000000000
122027  -36.309  -21.876  6.979 0.0000000000
115166  -26.573  -25.814  9.373 0.0000000000
128440  -28.725  -17.760  6.916 0.0000000000
125871  -28.980  -19.315  7.256 0.0000000000
123421  -29.167  -20.766  7.395 0.0000000000
122019  -30.009  -21.800  7.859 0.0000000000
166685  -29.086  8.182  8.442 0.0000000000
162034  -28.617  4.701  7.301 0.0000000000
163959  -30.087  6.152  8.641 0.0000000000
163941  -31.825  5.725  9.915 0.0000000000
162004  -33.242  4.257  10.177 0.0000000000
159940  -35.091  2.708  9.884 0.0000000000
157599  -31.593  1.007  9.796 0.0000000000
157593  -33.350  1.538  10.654 0.0000000000
157611  -36.035  1.214  9.686 0.0000000000
155047  -36.428  -0.317  9.120 0.0000000000
152622  -36.260  -1.761  8.469 0.0000000000
150506  -35.932  -3.395  7.768 0.0000000000
150466  -31.415  -3.561  10.334 0.0000000000
149304  -33.519  -4.294  10.943 0.0000000000
149324  -35.507  -4.403  9.604 0.0000000000
148254  -35.728  -4.861  7.117 0.0000000000
145808  -35.238  -6.599  6.402 0.0000000000
140881  -35.128  -9.440  4.635 0.0000000000
140841  -35.646  -9.787  9.068 0.0000000000
139669  -36.032  -10.726  5.874 0.0000000000
135679  -29.703  -13.166  7.635 0.0000000000
134416  -31.744  -14.025  8.677 0.0000000000
133148  -34.783  -14.864  8.931 0.0000000000
129569  -33.382  -17.174  8.421 0.0000000000
130763  -35.431  -16.462  8.475 0.0000000000
131926  -36.278  -15.599  7.658 0.0000000000
130817  -36.506  -16.311  5.103 0.0000000000
130820  -38.459  -16.289  4.662 0.0000000000
119289  -27.516  -22.588  7.152 0.0000000000
120631  -28.652  -22.527  7.808 0.0000000000
119267  -30.696  -23.506  7.771 0.0000000000
122020  -30.871  -21.862  7.851 0.0000000000
120635  -32.042  -22.707  7.618 0.0000000000
119291  -32.775  -23.872  7.153 0.0000000000
119290  -32.194  -23.911  7.138 0.0000000000
112290  -25.352  -27.936  11.579 0.0000000000
112309  -25.200  -27.483  11.098 0.0000000000
112310  -25.638  -27.522  11.380 0.0000000000
152598  -30.747  -2.067  9.825 0.0000000000
153760  -31.269  -1.325  9.999 0.0000000000
152599  -31.445  -2.090  10.295 0.0000000000
152584  -32.658  -2.205  10.829 0.0000000000
151533  -31.691  -2.842  10.517 0.0000000000
143194  -31.696  -7.960  10.470 0.0000000000
144420  -31.589  -7.027  10.199 0.0000000000
144422  -33.153  -7.442  10.728 0.0000000000
144402  -33.544  -6.924  10.722 0.0000000000
144423  -33.890  -7.508  10.592 0.0000000000
144442  -34.958  -7.770  9.952 0.0000000000
143197  -34.085  -8.354  10.466 0.0000000000
135652  -35.841  -13.311  8.630 0.0000000000
136990  -36.136  -12.622  8.121 0.0000000000
135666  -36.347  -13.492  7.702 0.0000000000
135698  -36.482  -13.389  6.758 0.0000000000
134437  -36.296  -14.144  7.529 0.0000000000
130793  -30.171  -16.494  7.030 0.0000000000
131941  -30.485  -15.914  7.194 0.0000000000
130775  -30.742  -16.500  7.411 0.0000000000
124664  -36.942  -20.380  6.944 0.0000000000
125875  -36.825  -19.681  7.091 0.0000000000
125876  -37.130  -19.700  6.651 0.0000000000
127200  -37.314  -18.920  5.604 0.0000000000
124679  -37.474  -20.352  5.466 0.0000000000
124685  -37.757  -20.376  5.064 0.0000000000
123435  -37.516  -21.015  5.318 0.0000000000
116606  -27.489  -25.289  8.163 0.0000000000
140825  -30.594  -9.795  9.195 0.0000000000
140826  -31.331  -9.836  9.649 0.0000000000
139591  -30.870  -10.627  9.255 0.0000000000
138302  -31.462  -11.866  9.129 0.0000000000
136971  -32.150  -12.050  9.288 0.0000000000
135647  -32.357  -12.774  9.243 0.0000000000
125874  -31.042  -19.212  7.341 0.0000000000
127166  -31.345  -18.652  7.464 0.0000000000
125855  -31.540  -19.488  7.484 0.0000000000
122024  -34.081  -21.953  7.648 0.0000000000
123403  -33.770  -21.205  7.708 0.0000000000
122025  -34.850  -21.890  7.604 0.0000000000
123405  -35.338  -21.156  7.719 0.0000000000
120640  -35.651  -22.379  7.049 0.0000000000
120661  -35.990  -22.700  6.536 0.0000000000
120660  -35.296  -22.931  6.895 0.0000000000
110918  -24.007  -28.476  11.498 0.0000000000
115148  -26.159  -26.187  9.928 0.0000000000
127180  -28.783  -18.478  7.263 0.0000000000
123419  -28.047  -21.018  7.128 0.0000000000
124660  -28.502  -20.051  6.873 0.0000000000
123397  -28.920  -21.186  7.484 0.0000000000
123398  -29.654  -20.939  7.581 0.0000000000
122018  -29.169  -21.789  7.727 0.0000000000
165777  -28.571  7.098  7.804 0.0000000000
166684  -28.512  8.286  8.290 0.0000000000
165765  -28.758  7.582  8.124 0.0000000000
166686  -29.688  7.978  8.728 0.0000000000
165766  -29.319  7.348  8.321 0.0000000000
162021  -30.060  4.446  8.644 0.0000000000
162976  -29.502  5.076  8.216 0.0000000000
163951  -30.509  5.686  9.059 0.0000000000
164870  -30.528  6.701  9.109 0.0000000000
163952  -31.178  5.912  9.629 0.0000000000
164859  -31.555  6.328  9.843 0.0000000000
162970  -31.424  5.267  9.706 0.0000000000
160986  -32.450  3.269  10.070 0.0000000000
162003  -32.514  4.101  10.129 0.0000000000
160987  -33.094  3.439  10.247 0.0000000000
160988  -33.829  3.516  10.178 0.0000000000
159938  -33.617  2.714  10.544 0.0000000000
156347  -30.463  0.248  9.310 0.0000000000
156336  -32.759  0.280  10.498 0.0000000000
157603  -34.647  1.187  10.405 0.0000000000
156339  -35.071  0.389  10.269 0.0000000000
156350  -36.357  0.441  9.461 0.0000000000
155039  -35.434  -0.438  10.134 0.0000000000
152600  -35.022  -2.265  10.404 0.0000000000
152609  -35.949  -1.991  9.543 0.0000000000
151542  -35.937  -2.713  8.984 0.0000000000
151556  -36.038  -2.608  8.275 0.0000000000
151555  -35.946  -3.052  8.581 0.0000000000
147018  -31.273  -5.740  10.108 0.0000000000
148186  -30.431  -5.038  9.688 0.0000000000
148188  -31.435  -4.985  10.443 0.0000000000
149302  -32.286  -4.228  10.735 0.0000000000
148170  -32.566  -4.843  10.792 0.0000000000
147022  -35.402  -5.975  9.597 0.0000000000
148189  -34.887  -5.167  10.349 0.0000000000
148204  -35.576  -5.182  9.306 0.0000000000
148238  -35.676  -5.059  7.928 0.0000000000
147070  -35.645  -5.834  7.498 0.0000000000
147085  -35.496  -5.789  6.746 0.0000000000
145798  -35.551  -6.639  7.090 0.0000000000
143239  -35.772  -8.228  7.797 0.0000000000
144487  -35.443  -7.422  6.682 0.0000000000
143259  -35.370  -8.226  6.186 0.0000000000
142060  -35.023  -9.014  5.150 0.0000000000
142061  -35.387  -9.120  5.878 0.0000000000
139564  -34.306  -10.266  10.045 0.0000000000
140828  -34.985  -9.805  9.934 0.0000000000
139597  -35.521  -10.266  9.410 0.0000000000
139654  -36.176  -11.487  6.776 0.0000000000
139653  -36.056  -10.948  6.876 0.0000000000
139683  -35.738  -10.848  5.024 0.0000000000
138370  -35.835  -11.767  4.863 0.0000000000
134483  -36.665  -14.341  4.419 0.0000000000
133213  -38.436  -14.871  4.700 0.0000000000
135678  -28.977  -12.972  7.415 0.0000000000
131906  -31.855  -15.580  8.438 0.0000000000
133144  -31.560  -14.798  8.411 0.0000000000
133145  -32.336  -14.698  8.885 0.0000000000
133133  -32.964  -14.372  9.383 0.0000000000
133146  -33.174  -14.976  9.000 0.0000000000
127154  -33.360  -18.533  8.226 0.0000000000
128413  -33.005  -17.917  8.310 0.0000000000
128414  -33.725  -17.831  8.228 0.0000000000
128429  -36.081  -17.912  7.733 0.0000000000
129584  -35.497  -17.228  8.275 0.0000000000
130778  -35.835  -16.743  8.180 0.0000000000
131912  -36.175  -15.988  8.080 0.0000000000
130794  -36.521  -16.374  7.212 0.0000000000
131942  -36.454  -15.544  6.832 0.0000000000
130803  -36.513  -16.317  6.457 0.0000000000
128467  -38.236  -18.098  4.878 0.0000000000
129625  -37.349  -17.186  4.701 0.0000000000
129627  -38.744  -16.731  4.646 0.0000000000
119264  -28.176  -23.270  7.735 0.0000000000
118000  -29.275  -24.101  7.929 0.0000000000
119266  -29.817  -23.403  8.008 0.0000000000
118001  -30.138  -24.255  7.802 0.0000000000
139613  -29.812  -10.584  8.717 0.0000000000
138320  -29.780  -11.849  8.211 0.0000000000
137005  -30.041  -12.611  8.037 0.0000000000
123400  -31.370  -21.100  7.656 0.0000000000
124643  -31.901  -20.331  7.469 0.0000000000
123401  -32.190  -21.154  7.613 0.0000000000
122022  -32.499  -21.945  7.660 0.0000000000
120637  -33.609  -22.796  7.451 0.0000000000
120658  -34.109  -23.196  7.243 0.0000000000
119292  -33.538  -23.756  7.069 0.0000000000
118032  -33.370  -24.454  6.360 0.0000000000
113704  -24.993  -26.642  9.971 0.0000000000
113687  -25.920  -27.092  11.095 0.0000000000
125882  -27.543  -19.175  6.784 0.0000000000
124658  -27.040  -20.070  6.544 0.0000000000
123418  -27.262  -20.975  6.814 0.0000000000
163969  -28.186  6.073  7.435 0.0000000000
162013  -30.645  4.265  9.022 0.0000000000
162014  -31.323  4.477  9.571 0.0000000000
160998  -31.320  3.617  9.386 0.0000000000
159951  -31.304  2.674  9.305 0.0000000000
159935  -31.769  2.339  9.803 0.0000000000
156333  -30.822  -0.210  9.575 0.0000000000
155033  -31.037  -0.633  9.764 0.0000000000
155035  -32.402  -0.559  10.560 0.0000000000
155036  -33.306  -0.517  10.741 0.0000000000
155038  -34.737  -0.377  10.503 0.0000000000
153748  -33.701  -1.335  10.881 0.0000000000
152586  -34.001  -2.228  10.825 0.0000000000
151518  -34.219  -2.946  10.660 0.0000000000
145737  -32.329  -6.244  10.604 0.0000000000
147002  -32.768  -5.429  10.813 0.0000000000
145719  -33.482  -6.291  10.793 0.0000000000
145721  -34.658  -6.366  10.415 0.0000000000
145740  -35.160  -6.592  9.796 0.0000000000
145773  -35.692  -6.755  8.593 0.0000000000
144456  -35.785  -7.589  8.913 0.0000000000
143227  -35.802  -8.279  8.490 0.0000000000
142033  -35.850  -8.864  8.155 0.0000000000
138283  -35.173  -11.725  9.362 0.0000000000
138303  -35.495  -11.319  9.084 0.0000000000
138304  -35.696  -11.717  8.623 0.0000000000
138322  -36.218  -12.243  7.344 0.0000000000
138360  -36.320  -12.085  6.069 0.0000000000
135718  -36.044  -12.808  5.131 0.0000000000
135710  -36.398  -13.314  6.095 0.0000000000
134472  -36.433  -13.990  5.810 0.0000000000
133210  -36.665  -14.882  4.976 0.0000000000
133160  -29.702  -14.778  7.233 0.0000000000
131922  -30.311  -15.338  7.357 0.0000000000
131923  -30.910  -15.641  7.745 0.0000000000
130758  -31.647  -16.132  8.271 0.0000000000
125844  -35.015  -18.985  8.088 0.0000000000
127156  -34.714  -18.430  8.124 0.0000000000
125845  -35.423  -18.845  8.088 0.0000000000
127169  -36.216  -18.693  7.614 0.0000000000
128450  -36.744  -17.923  6.415 0.0000000000
128456  -36.705  -17.606  5.931 0.0000000000
128451  -36.964  -18.321  6.234 0.0000000000
127201  -37.475  -18.541  5.318 0.0000000000
127209  -38.537  -18.828  4.607 0.0000000000
127202  -39.201  -18.507  4.960 0.0000000000
125897  -38.654  -19.832  4.561 0.0000000000
115185  -26.253  -25.505  8.687 0.0000000000
116604  -25.996  -25.085  8.046 0.0000000000
116605  -26.730  -25.237  8.101 0.0000000000
116626  -26.498  -24.657  7.657 0.0000000000
117997  -26.975  -24.042  7.444 0.0000000000
117998  -27.691  -23.984  7.708 0.0000000000
116628  -27.967  -24.677  7.914 0.0000000000
116629  -28.753  -24.755  7.922 0.0000000000
143213  -30.734  -8.121  9.900 0.0000000000
141986  -32.180  -9.134  10.259 0.0000000000
141988  -33.659  -9.040  10.472 0.0000000000
140806  -33.196  -9.741  10.254 0.0000000000
139562  -32.957  -10.285  9.907 0.0000000000
139594  -33.131  -10.902  9.795 0.0000000000
138278  -31.314  -11.208  9.242 0.0000000000
138280  -32.623  -11.473  9.550 0.0000000000
138281  -33.438  -11.572  9.596 0.0000000000
136974  -34.520  -12.488  9.587 0.0000000000
135650  -34.656  -13.191  9.214 0.0000000000
134405  -34.858  -13.949  9.005 0.0000000000
128425  -30.662  -17.879  7.287 0.0000000000
129582  -30.995  -17.225  7.514 0.0000000000
128426  -31.210  -17.909  7.503 0.0000000000
127167  -31.987  -18.726  7.853 0.0000000000
125841  -33.057  -19.130  8.117 0.0000000000
124644  -32.697  -20.402  7.714 0.0000000000
125857  -33.202  -19.746  7.965 0.0000000000
125858  -33.937  -19.760  7.946 0.0000000000
124647  -35.045  -20.378  7.848 0.0000000000
123406  -36.090  -21.155  7.512 0.0000000000
122028  -36.774  -21.475  6.822 0.0000000000
122052  -37.300  -21.696  5.687 0.0000000000
120662  -36.586  -22.468  6.247 0.0000000000
119309  -35.056  -23.846  6.089 0.0000000000
109523  -23.526  -29.099  11.794 0.0000000000
115147  -25.545  -26.293  9.811 0.0000000000
115165  -25.738  -25.942  9.225 0.0000000000
115167  -27.373  -25.862  9.406 0.0000000000
129598  -29.160  -17.144  6.765 0.0000000000
128441  -29.346  -17.857  7.016 0.0000000000
127181  -29.527  -18.545  7.428 0.0000000000
125872  -29.790  -19.334  7.437 0.0000000000
125870  -28.537  -19.444  7.004 0.0000000000
124661  -29.349  -20.185  7.301 0.0000000000
124641  -30.280  -20.408  7.541 0.0000000000
123399  -30.536  -21.051  7.719 0.0000000000
120633  -30.368  -22.637  8.052 0.0000000000
166683  -27.994  8.394  8.467 0.0000000000
163000  -28.203  5.231  7.321 0.0000000000
163970  -28.830  6.148  7.333 0.0000000000
162990  -29.153  5.615  7.756 0.0000000000
164877  -29.714  6.640  8.254 0.0000000000
164878  -30.083  6.671  8.646 0.0000000000
165756  -30.299  7.713  9.093 0.0000000000
162958  -31.919  4.743  9.902 0.0000000000
162959  -32.601  4.978  10.148 0.0000000000
162961  -34.202  5.188  10.044 0.0000000000
162006  -34.664  4.451  9.761 0.0000000000
160999  -35.147  3.886  9.658 0.0000000000
159952  -35.653  2.693  9.484 0.0000000000
158808  -31.460  1.838  9.556 0.0000000000
158792  -31.969  1.719  10.055 0.0000000000
157600  -32.298  1.012  10.276 0.0000000000
159922  -33.188  2.331  10.689 0.0000000000
158795  -34.198  1.974  10.526 0.0000000000
158797  -35.559  1.958  9.782 0.0000000000
158809  -36.094  1.963  9.316 0.0000000000
157612  -36.503  1.248  9.122 0.0000000000
153791  -36.340  -1.011  8.123 0.0000000000
153766  -35.742  -1.247  9.899 0.0000000000
153776  -36.357  -1.048  8.778 0.0000000000
150464  -30.309  -3.612  9.752 0.0000000000
150465  -30.853  -3.587  10.029 0.0000000000
150446  -31.981  -3.554  10.654 0.0000000000
150448  -33.244  -3.583  10.909 0.0000000000
150450  -34.493  -3.650  10.658 0.0000000000
148172  -33.740  -4.996  10.756 0.0000000000
149306  -34.720  -4.392  10.537 0.0000000000
150468  -35.419  -3.632  9.891 0.0000000000
150486  -35.807  -3.590  8.680 0.0000000000
149385  -35.753  -4.426  7.280 0.0000000000
144486  -35.041  -7.357  6.036 0.0000000000
142069  -34.973  -8.730  4.377 0.0000000000
140890  -35.191  -9.289  3.958 0.0000000000
141990  -34.810  -9.154  10.001 0.0000000000
142010  -35.414  -9.162  9.308 0.0000000000
140851  -35.782  -9.734  8.227 0.0000000000
139633  -35.813  -10.802  7.907 0.0000000000
140864  -35.891  -9.910  7.242 0.0000000000
140873  -35.866  -9.920  6.283 0.0000000000
140882  -35.452  -9.908  5.332 0.0000000000
135741  -36.212  -13.186  3.949 0.0000000000
137004  -29.408  -12.358  7.816 0.0000000000
135661  -30.650  -12.857  8.269 0.0000000000
134434  -30.034  -13.948  7.586 0.0000000000
135681  -30.746  -13.513  8.184 0.0000000000
135663  -31.981  -13.321  8.932 0.0000000000
134402  -32.765  -13.773  9.373 0.0000000000
133135  -34.280  -14.406  9.069 0.0000000000
134418  -35.339  -14.338  8.832 0.0000000000
129567  -31.975  -17.346  8.150 0.0000000000
130759  -32.069  -16.511  8.411 0.0000000000
130760  -32.987  -16.490  8.684 0.0000000000
128416  -35.091  -17.832  8.285 0.0000000000
129571  -34.887  -17.172  8.460 0.0000000000
131908  -33.478  -15.726  8.869 0.0000000000
131910  -35.129  -15.682  8.751 0.0000000000
133149  -35.506  -14.910  8.597 0.0000000000
133163  -36.132  -14.824  7.713 0.0000000000
133180  -36.366  -14.804  7.178 0.0000000000
131953  -36.484  -15.520  6.075 0.0000000000
131966  -36.790  -15.610  4.792 0.0000000000
129624  -36.707  -17.184  5.053 0.0000000000
130818  -37.001  -16.395  4.599 0.0000000000
131967  -37.428  -15.629  4.645 0.0000000000
122040  -26.866  -21.684  6.880 0.0000000000
120657  -27.724  -22.036  7.266 0.0000000000
119263  -27.439  -23.258  7.363 0.0000000000
120630  -27.972  -22.569  7.481 0.0000000000
120632  -29.468  -22.552  8.093 0.0000000000
113718  -25.142  -26.222  9.457 0.0000000000
119265  -28.963  -23.309  7.921 0.0000000000
119269  -32.411  -23.361  7.401 0.0000000000
119270  -33.031  -23.317  7.364 0.0000000000
119293  -34.264  -23.598  6.861 0.0000000000
119294  -34.871  -23.485  6.671 0.0000000000
119295  -35.418  -23.305  6.459 0.0000000000
120639  -35.098  -22.491  7.328 0.0000000000
120656  -27.250  -22.184  6.922 0.0000000000
120659  -34.686  -23.082  7.124 0.0000000000
120675  -37.260  -22.031  5.330 0.0000000000
122017  -28.328  -21.721  7.518 0.0000000000
122023  -33.289  -21.976  7.663 0.0000000000
122026  -35.585  -21.866  7.451 0.0000000000
122041  -27.498  -21.582  7.064 0.0000000000
122043  -36.479  -22.236  6.549 0.0000000000
122044  -36.986  -21.816  6.331 0.0000000000
122045  -37.257  -21.380  6.015 0.0000000000
122051  -37.100  -22.024  5.890 0.0000000000
123396  -28.494  -21.161  7.376 0.0000000000
123404  -34.556  -21.174  7.704 0.0000000000
123407  -36.647  -21.072  7.114 0.0000000000
123420  -28.747  -20.739  7.243 0.0000000000
123422  -37.012  -21.031  6.682 0.0000000000
123430  -37.376  -20.967  5.775 0.0000000000
124640  -29.830  -20.355  7.487 0.0000000000
124645  -33.471  -20.462  7.797 0.0000000000
124649  -36.499  -20.379  7.395 0.0000000000
124662  -30.058  -19.937  7.390 0.0000000000
124663  -30.565  -19.945  7.374 0.0000000000
124665  -37.207  -20.354  6.443 0.0000000000
124671  -27.336  -19.556  6.560 0.0000000000
124672  -27.647  -19.718  6.602 0.0000000000
124673  -28.027  -19.858  6.674 0.0000000000
124674  -37.340  -20.339  5.934 0.0000000000
125842  -33.658  -19.126  8.092 0.0000000000
125854  -30.944  -19.673  7.323 0.0000000000
125859  -34.697  -19.680  7.963 0.0000000000
125860  -35.571  -19.394  7.938 0.0000000000
125861  -36.357  -19.554  7.555 0.0000000000
125873  -30.510  -19.372  7.350 0.0000000000
125881  -27.113  -19.274  6.654 0.0000000000
125883  -28.106  -19.337  6.911 0.0000000000
125884  -28.517  -19.083  7.156 0.0000000000
125885  -37.274  -19.649  6.102 0.0000000000
125890  -37.375  -19.712  5.595 0.0000000000
125896  -37.987  -19.663  4.767 0.0000000000
127153  -32.667  -18.657  8.179 0.0000000000
127155  -34.040  -18.466  8.118 0.0000000000
127157  -35.294  -18.430  8.205 0.0000000000
127165  -30.884  -18.386  7.344 0.0000000000
127168  -35.752  -18.533  8.015 0.0000000000
127179  -28.352  -18.229  7.050 0.0000000000
127183  -30.825  -18.853  7.341 0.0000000000
127184  -36.729  -18.800  6.949 0.0000000000
127185  -37.012  -19.257  6.796 0.0000000000
127194  -36.924  -18.472  6.499 0.0000000000
127207  -37.423  -19.301  5.328 0.0000000000
127208  -37.718  -18.878  5.073 0.0000000000
128415  -34.443  -17.793  8.181 0.0000000000
128427  -31.731  -17.995  7.815 0.0000000000
128439  -28.185  -17.736  6.834 0.0000000000
128442  -30.032  -17.904  7.113 0.0000000000
128443  -36.483  -17.941  7.186 0.0000000000
128457  -36.986  -18.033  5.664 0.0000000000
128458  -37.326  -18.371  5.431 0.0000000000
128466  -37.510  -18.020  5.054 0.0000000000
129568  -32.609  -17.253  8.404 0.0000000000
129570  -34.151  -17.149  8.447 0.0000000000
129583  -31.532  -17.318  7.795 0.0000000000
129585  -35.949  -17.240  7.941 0.0000000000
129599  -29.805  -17.187  6.905 0.0000000000
129600  -36.355  -17.188  7.484 0.0000000000
129615  -36.565  -17.068  6.063 0.0000000000
129616  -36.653  -17.359  5.626 0.0000000000
129618  -39.146  -17.160  4.766 0.0000000000
129623  -36.463  -16.858  5.494 0.0000000000
129626  -38.229  -17.208  4.696 0.0000000000
130761  -33.823  -16.458  8.689 0.0000000000
130762  -34.631  -16.452  8.675 0.0000000000
130764  -35.941  -16.266  8.221 0.0000000000
130777  -31.754  -16.924  8.053 0.0000000000
130779  -36.218  -16.494  7.864 0.0000000000
130792  -29.552  -16.452  6.787 0.0000000000
130810  -36.410  -16.271  5.756 0.0000000000
130819  -37.770  -16.384  4.619 0.0000000000
131905  -31.347  -15.370  8.175 0.0000000000
131909  -34.303  -15.702  8.843 0.0000000000
131911  -35.856  -15.614  8.288 0.0000000000
131924  -31.411  -15.856  8.126 0.0000000000
131925  -36.026  -15.220  7.934 0.0000000000
131939  -29.265  -15.744  6.714 0.0000000000
131940  -29.895  -15.699  6.948 0.0000000000
131960  -36.519  -15.559  5.375 0.0000000000
131968  -38.115  -15.602  4.654 0.0000000000
133132  -32.535  -14.207  9.264 0.0000000000
133134  -33.665  -14.403  9.221 0.0000000000
133143  -31.025  -14.953  8.129 0.0000000000
133147  -33.948  -15.010  8.980 0.0000000000
133162  -35.873  -14.836  8.122 0.0000000000
133201  -36.530  -14.781  5.612 0.0000000000
133212  -37.760  -14.867  4.598 0.0000000000
134403  -33.431  -13.754  9.401 0.0000000000
134404  -34.128  -13.794  9.167 0.0000000000
134406  -35.479  -13.803  8.835 0.0000000000
134415  -30.999  -14.180  8.307 0.0000000000
134417  -32.293  -13.901  9.069 0.0000000000
134420  -36.172  -13.909  7.958 0.0000000000
134435  -30.542  -13.923  7.903 0.0000000000
134436  -36.041  -14.355  7.929 0.0000000000
134451  -36.472  -14.072  6.929 0.0000000000
134463  -36.542  -13.877  6.399 0.0000000000
134482  -36.358  -14.079  5.016 0.0000000000
134493  -36.328  -13.795  4.353 0.0000000000
135648  -33.073  -13.043  9.344 0.0000000000
135651  -35.326  -13.259  9.044 0.0000000000
135662  -31.294  -13.259  8.519 0.0000000000
135664  -32.478  -13.363  9.216 0.0000000000
135665  -36.177  -13.425  8.151 0.0000000000
135680  -30.310  -13.325  7.888 0.0000000000
135682  -36.471  -13.581  7.270 0.0000000000
135697  -28.381  -13.068  7.089 0.0000000000
135719  -36.182  -13.231  5.334 0.0000000000
135728  -35.937  -12.866  4.842 0.0000000000
135740  -35.954  -12.861  4.371 0.0000000000
136973  -33.701  -12.331  9.429 0.0000000000
136976  -35.670  -12.613  8.849 0.0000000000
136987  -30.375  -12.115  8.496 0.0000000000
136989  -31.706  -12.612  8.973 0.0000000000
136991  -36.287  -13.085  7.844 0.0000000000
137006  -36.211  -12.362  7.598 0.0000000000
137022  -36.382  -12.713  6.488 0.0000000000
137034  -36.270  -12.700  5.789 0.0000000000
137043  -35.966  -12.452  5.024 0.0000000000
137044  -36.123  -12.676  5.338 0.0000000000
137066  -36.526  -12.453  3.636 0.0000000000
138279  -31.892  -11.344  9.428 0.0000000000
138282  -34.311  -11.662  9.793 0.0000000000
138284  -35.469  -12.164  9.066 0.0000000000
138300  -30.051  -11.402  8.711 0.0000000000
138342  -36.128  -11.557  7.017 0.0000000000
138343  -36.234  -12.015  6.867 0.0000000000
138371  -36.165  -12.193  5.416 0.0000000000
139563  -33.684  -10.273  9.781 0.0000000000
139565  -34.711  -10.112  9.966 0.0000000000
139590  -30.324  -10.342  9.000 0.0000000000
139592  -31.550  -10.701  9.577 0.0000000000
139596  -34.985  -10.661  9.707 0.0000000000
139614  -30.331  -10.911  8.991 0.0000000000
139615  -35.347  -11.105  9.297 0.0000000000
139616  -35.670  -10.691  8.974 0.0000000000
139670  -36.263  -11.439  6.339 0.0000000000
140805  -32.080  -9.787  9.863 0.0000000000
140808  -34.543  -9.706  10.166 0.0000000000
140827  -31.751  -10.333  9.900 0.0000000000
140829  -35.396  -9.833  9.620 0.0000000000
140900  -35.184  -9.146  3.502 0.0000000000
141987  -33.020  -8.983  10.532 0.0000000000
141989  -34.305  -9.082  10.302 0.0000000000
142008  -31.184  -9.089  9.966 0.0000000000
142009  -35.171  -9.301  9.728 0.0000000000
142022  -35.661  -9.043  8.720 0.0000000000
142046  -35.831  -9.006  7.512 0.0000000000
143193  -31.238  -7.624  10.098 0.0000000000
143195  -33.027  -8.191  10.603 0.0000000000
143198  -34.647  -8.446  10.139 0.0000000000
143214  -31.103  -8.221  10.019 0.0000000000
143216  -35.538  -8.403  9.096 0.0000000000
143251  -35.676  -8.231  7.031 0.0000000000
143265  -34.968  -8.524  5.627 0.0000000000
144401  -32.997  -6.726  10.750 0.0000000000
144419  -30.971  -7.215  9.870 0.0000000000
144421  -32.368  -7.033  10.577 0.0000000000
144424  -34.477  -7.709  10.339 0.0000000000
144443  -35.392  -7.734  9.483 0.0000000000
144480  -35.631  -7.459  7.436 0.0000000000
144493  -34.803  -7.317  5.348 0.0000000000
145718  -32.845  -6.094  10.778 0.0000000000
145720  -34.182  -6.616  10.631 0.0000000000
145738  -34.333  -7.197  10.435 0.0000000000
145759  -35.202  -7.178  9.786 0.0000000000
145760  -35.492  -6.832  9.322 0.0000000000
145785  -35.592  -6.692  7.851 0.0000000000
145807  -34.888  -6.579  5.739 0.0000000000
147001  -32.323  -5.326  10.769 0.0000000000
147003  -33.324  -5.584  10.784 0.0000000000
147005  -34.537  -5.842  10.528 0.0000000000
147017  -30.742  -5.560  9.841 0.0000000000
147020  -32.424  -5.763  10.740 0.0000000000
147021  -34.977  -6.018  10.120 0.0000000000
147040  -30.831  -6.080  9.801 0.0000000000
147054  -35.648  -5.914  8.258 0.0000000000
147095  -35.106  -5.775  6.083 0.0000000000
148169  -32.005  -4.889  10.724 0.0000000000
148171  -33.137  -4.902  10.805 0.0000000000
148173  -34.348  -5.088  10.638 0.0000000000
148187  -30.913  -5.001  10.054 0.0000000000
148190  -35.305  -5.200  9.886 0.0000000000
148219  -35.649  -5.145  8.648 0.0000000000
148255  -35.726  -4.501  6.860 0.0000000000
148265  -35.706  -4.670  6.704 0.0000000000
149303  -32.887  -4.242  10.878 0.0000000000
149305  -34.146  -4.347  10.795 0.0000000000
149321  -31.164  -4.289  10.186 0.0000000000
149322  -31.697  -4.255  10.534 0.0000000000
149323  -35.170  -4.411  10.119 0.0000000000
149338  -35.635  -4.376  8.988 0.0000000000
149349  -35.701  -4.357  8.353 0.0000000000
149368  -35.775  -4.231  7.643 0.0000000000
149369  -35.836  -3.800  7.390 0.0000000000
149386  -35.790  -4.173  7.078 0.0000000000
150447  -32.602  -3.561  10.832 0.0000000000
150449  -33.887  -3.618  10.842 0.0000000000
150467  -35.019  -3.658  10.347 0.0000000000
150475  -29.788  -3.608  9.424 0.0000000000
150476  -35.671  -3.589  9.309 0.0000000000
150487  -35.936  -3.288  8.315 0.0000000000
150505  -35.827  -3.770  8.168 0.0000000000
151515  -32.314  -2.867  10.746 0.0000000000
151517  -33.607  -2.904  10.831 0.0000000000
151519  -34.793  -2.956  10.501 0.0000000000
151531  -30.533  -2.907  9.896 0.0000000000
151532  -31.079  -2.836  10.202 0.0000000000
151535  -35.652  -2.824  9.670 0.0000000000
151543  -36.109  -2.222  8.704 0.0000000000
152583  -32.061  -2.167  10.619 0.0000000000
152585  -33.318  -2.171  10.937 0.0000000000
152587  -34.562  -2.330  10.611 0.0000000000
152601  -35.488  -2.106  10.040 0.0000000000
152607  -30.126  -2.076  9.336 0.0000000000
152608  -30.524  -1.665  9.466 0.0000000000
152610  -36.215  -1.827  9.009 0.0000000000
153746  -32.402  -1.672  10.750 0.0000000000
153747  -32.949  -1.491  10.888 0.0000000000
153749  -34.437  -1.685  10.703 0.0000000000
153750  -34.775  -1.914  10.519 0.0000000000
153761  -31.925  -1.353  10.490 0.0000000000
153763  -33.855  -0.761  10.748 0.0000000000
153764  -34.325  -0.960  10.689 0.0000000000
153774  -30.783  -1.257  9.582 0.0000000000
153775  -36.187  -1.142  9.373 0.0000000000
155025  -32.874  -0.936  10.792 0.0000000000
155026  -33.218  -1.052  10.833 0.0000000000
155034  -31.603  -0.570  10.175 0.0000000000
155037  -34.039  -0.296  10.715 0.0000000000
155046  -36.040  -0.389  9.683 0.0000000000
155062  -36.542  -0.242  8.455 0.0000000000
156334  -31.208  0.130  9.767 0.0000000000
156337  -33.555  0.366  10.621 0.0000000000
156348  -31.054  0.771  9.416 0.0000000000
156349  -35.772  0.398  9.925 0.0000000000
157592  -33.116  1.537  10.640 0.0000000000
157601  -33.037  1.149  10.569 0.0000000000
157602  -33.823  1.214  10.600 0.0000000000
157604  -35.389  1.191  10.104 0.0000000000
157610  -31.147  1.348  9.382 0.0000000000
158780  -32.764  1.904  10.613 0.0000000000
158781  -33.094  1.878  10.671 0.0000000000
158782  -33.560  1.944  10.674 0.0000000000
158793  -32.525  1.694  10.463 0.0000000000
158794  -32.891  1.631  10.618 0.0000000000
158796  -34.907  1.967  10.174 0.0000000000
159920  -32.587  2.067  10.509 0.0000000000
159921  -32.779  2.244  10.620 0.0000000000
159936  -32.337  2.401  10.245 0.0000000000
159939  -34.397  2.750  10.226 0.0000000000
160985  -31.856  3.033  9.761 0.0000000000
160989  -34.646  3.574  9.943 0.0000000000
160990  -35.287  3.294  9.685 0.0000000000
160997  -30.842  3.328  8.878 0.0000000000
161009  -30.387  3.819  8.587 0.0000000000
161037  -28.217  4.662  7.197 0.0000000000
162005  -33.997  4.355  10.043 0.0000000000
162012  -30.342  4.533  8.909 0.0000000000
162022  -30.380  4.191  8.733 0.0000000000
162035  -29.092  4.884  7.649 0.0000000000
162049  -27.993  4.976  7.345 0.0000000000
162050  -28.320  5.005  7.277 0.0000000000
162960  -33.418  5.114  10.201 0.0000000000
162968  -30.363  4.893  9.003 0.0000000000
162977  -29.954  5.359  8.708 0.0000000000
162988  -27.978  5.427  7.572 0.0000000000
162989  -28.553  5.378  7.340 0.0000000000
163001  -28.365  5.205  7.306 0.0000000000
163940  -31.509  5.992  9.810 0.0000000000
163953  -31.470  5.639  9.758 0.0000000000
163958  -29.617  5.864  8.222 0.0000000000
163971  -29.382  6.325  7.703 0.0000000000
164872  -31.601  6.804  9.877 0.0000000000
164887  -28.438  6.655  7.522 0.0000000000
164889  -29.267  6.848  7.937 0.0000000000
165767  -29.951  7.181  8.665 0.0000000000
165776  -28.276  6.962  7.776 0.0000000000
165778  -28.970  7.141  7.921 0.0000000000
