#!ascii label  , from subject sub-36 vox2ras=TkReg
1455
176045  39.967  19.700  52.454 0.0000000000
180459  43.413  23.694  50.653 0.0000000000
169525  45.183  14.053  57.921 0.0000000000
173257  35.456  17.772  53.662 0.0000000000
170537  38.690  14.922  55.013 0.0000000000
176199  41.589  19.514  45.635 0.0000000000
180466  37.971  23.254  51.033 0.0000000000
180546  38.148  23.667  46.312 0.0000000000
164205  44.631  10.608  60.757 0.0000000000
164348  46.269  10.263  52.256 0.0000000000
176074  44.129  20.275  50.444 0.0000000000
174075  43.541  17.493  55.363 0.0000000000
176011  44.479  19.736  55.397 0.0000000000
174011  43.312  17.726  60.720 0.0000000000
183665  40.171  26.483  42.887 0.0000000000
177921  43.310  20.564  45.057 0.0000000000
167419  42.541  12.374  53.410 0.0000000000
176034  37.716  19.028  53.029 0.0000000000
172358  37.144  16.123  54.708 0.0000000000
174103  38.999  18.044  54.522 0.0000000000
177056  40.762  20.333  49.035 0.0000000000
177019  37.604  19.953  50.727 0.0000000000
182185  35.787  24.567  49.198 0.0000000000
163143  43.557  9.642  61.727 0.0000000000
164271  43.543  9.852  57.247 0.0000000000
164246  41.280  10.479  58.656 0.0000000000
182314  42.632  25.385  41.317 0.0000000000
179563  45.161  22.018  50.576 0.0000000000
176985  44.733  20.352  53.016 0.0000000000
178670  44.295  21.821  53.590 0.0000000000
176931  39.614  20.062  57.783 0.0000000000
176928  41.804  20.684  58.338 0.0000000000
174959  41.081  18.023  59.682 0.0000000000
171366  42.414  15.351  61.654 0.0000000000
181389  41.567  23.916  48.362 0.0000000000
178750  40.851  21.988  45.734 0.0000000000
179593  43.612  22.613  48.221 0.0000000000
177086  45.142  20.220  47.689 0.0000000000
171453  44.897  15.581  56.517 0.0000000000
169530  42.273  13.964  57.138 0.0000000000
166330  44.153  11.956  56.872 0.0000000000
168473  37.018  13.345  53.804 0.0000000000
168510  38.347  12.665  52.683 0.0000000000
174219  42.336  18.436  41.955 0.0000000000
175212  38.613  19.280  44.075 0.0000000000
180443  41.017  23.592  51.203 0.0000000000
181293  42.714  24.054  54.356 0.0000000000
185100  34.427  28.542  45.552 0.0000000000
183636  36.718  26.786  44.359 0.0000000000
181372  38.862  24.192  49.089 0.0000000000
166319  45.209  11.986  59.018 0.0000000000
165319  46.557  10.787  56.368 0.0000000000
163263  45.802  9.340  55.995 0.0000000000
164323  43.254  10.085  53.935 0.0000000000
176059  41.890  20.095  51.602 0.0000000000
175034  41.633  18.964  54.311 0.0000000000
175046  44.059  19.081  53.090 0.0000000000
174084  44.794  17.985  54.924 0.0000000000
174059  44.937  17.707  57.000 0.0000000000
178645  43.002  21.869  56.150 0.0000000000
174971  44.202  18.792  58.290 0.0000000000
171433  44.335  15.433  59.055 0.0000000000
169504  43.478  13.787  60.387 0.0000000000
166254  43.582  12.113  62.232 0.0000000000
185133  41.643  28.502  43.507 0.0000000000
179667  42.143  22.695  42.041 0.0000000000
177950  40.866  21.453  42.612 0.0000000000
176261  43.353  19.491  41.375 0.0000000000
174190  43.858  18.455  44.805 0.0000000000
176129  43.050  19.726  48.155 0.0000000000
172348  40.725  16.676  55.999 0.0000000000
168456  40.689  13.194  54.802 0.0000000000
168518  40.493  13.222  51.517 0.0000000000
166395  44.937  11.717  52.853 0.0000000000
176046  39.180  19.566  52.451 0.0000000000
175038  38.695  18.489  54.080 0.0000000000
175051  39.980  19.024  53.728 0.0000000000
177016  40.113  20.359  50.502 0.0000000000
177036  38.808  20.332  50.019 0.0000000000
177002  39.102  19.943  51.257 0.0000000000
176064  38.029  19.585  51.922 0.0000000000
163131  42.730  9.030  62.640 0.0000000000
164208  42.143  10.168  60.111 0.0000000000
163179  41.190  9.894  60.712 0.0000000000
167471  37.318  12.322  50.663 0.0000000000
180458  44.183  23.044  50.439 0.0000000000
178681  44.828  22.227  51.795 0.0000000000
180423  44.052  23.327  52.201 0.0000000000
175962  39.364  19.051  58.336 0.0000000000
175961  40.185  19.438  58.407 0.0000000000
180481  42.388  23.859  49.551 0.0000000000
180515  42.620  23.142  48.142 0.0000000000
180479  43.548  23.217  49.620 0.0000000000
179583  44.384  22.399  49.112 0.0000000000
170518  45.006  14.800  57.027 0.0000000000
169527  44.075  13.940  57.241 0.0000000000
168433  44.514  13.373  57.349 0.0000000000
173249  34.654  16.971  53.905 0.0000000000
172364  35.829  16.283  54.134 0.0000000000
171474  37.772  15.324  54.920 0.0000000000
170549  37.071  14.729  54.464 0.0000000000
169567  38.067  14.046  54.398 0.0000000000
168496  38.111  12.832  53.416 0.0000000000
168471  38.491  13.443  53.962 0.0000000000
175208  41.952  18.877  44.018 0.0000000000
175226  40.343  19.101  43.024 0.0000000000
176216  39.961  19.517  44.851 0.0000000000
175057  35.833  18.582  53.113 0.0000000000
174116  34.667  18.205  53.255 0.0000000000
180445  39.876  23.417  51.316 0.0000000000
180408  40.309  23.427  52.459 0.0000000000
180410  39.236  22.941  52.777 0.0000000000
181357  36.713  23.883  50.049 0.0000000000
181395  36.818  24.472  48.955 0.0000000000
180484  38.696  23.588  50.259 0.0000000000
180482  39.737  23.804  50.097 0.0000000000
165282  44.965  11.374  59.634 0.0000000000
164257  46.116  10.447  58.619 0.0000000000
163229  45.512  9.414  58.792 0.0000000000
164284  42.033  10.150  56.254 0.0000000000
164297  43.556  9.833  55.624 0.0000000000
164324  42.375  10.057  53.843 0.0000000000
176075  43.352  20.131  50.793 0.0000000000
176041  43.134  19.724  52.098 0.0000000000
176040  43.887  19.594  52.131 0.0000000000
176980  44.508  20.378  54.016 0.0000000000
176019  44.768  19.447  53.625 0.0000000000
176010  44.712  19.347  54.986 0.0000000000
174071  45.103  17.858  56.142 0.0000000000
174998  44.902  18.502  56.467 0.0000000000
180346  41.840  23.739  55.498 0.0000000000
179521  43.019  23.055  55.332 0.0000000000
178622  42.461  22.196  56.760 0.0000000000
175944  42.799  19.073  59.688 0.0000000000
176927  43.130  20.501  58.624 0.0000000000
174963  43.844  18.713  59.195 0.0000000000
174026  44.283  17.856  58.739 0.0000000000
172276  43.878  16.186  59.563 0.0000000000
170487  43.635  14.625  59.802 0.0000000000
172267  43.330  15.846  60.510 0.0000000000
170416  42.537  14.906  62.524 0.0000000000
169448  43.077  14.356  61.973 0.0000000000
183648  40.988  26.971  43.151 0.0000000000
183004  42.037  25.750  42.882 0.0000000000
181492  41.268  24.437  42.217 0.0000000000
181464  37.502  24.478  45.005 0.0000000000
182980  37.406  25.528  44.190 0.0000000000
180561  38.174  23.665  44.957 0.0000000000
177915  42.035  21.442  45.709 0.0000000000
177934  40.635  21.391  44.286 0.0000000000
177124  42.375  20.340  43.885 0.0000000000
177140  41.815  20.626  42.501 0.0000000000
176229  43.344  19.751  43.213 0.0000000000
174216  44.356  18.232  42.670 0.0000000000
176214  44.361  19.488  44.547 0.0000000000
176108  44.939  20.309  49.340 0.0000000000
176143  44.162  19.478  47.886 0.0000000000
177029  43.582  20.358  49.372 0.0000000000
177031  42.554  20.165  49.581 0.0000000000
174087  42.775  18.128  54.984 0.0000000000
174089  41.215  18.100  55.315 0.0000000000
173227  42.007  17.175  56.116 0.0000000000
167384  42.141  12.300  55.443 0.0000000000
168445  41.147  13.691  56.316 0.0000000000
167393  41.205  12.811  54.741 0.0000000000
168493  40.499  13.162  53.217 0.0000000000
168506  41.718  12.882  52.517 0.0000000000
165334  47.418  10.275  53.902 0.0000000000
165351  46.086  11.037  53.667 0.0000000000
166392  46.639  11.320  52.064 0.0000000000
174113  36.615  18.066  53.677 0.0000000000
173247  36.376  16.963  54.106 0.0000000000
174105  37.508  17.805  54.124 0.0000000000
173240  38.074  16.967  54.798 0.0000000000
172356  38.686  16.232  55.146 0.0000000000
176148  41.013  20.096  47.317 0.0000000000
176049  36.829  19.228  52.364 0.0000000000
163159  44.227  9.907  61.515 0.0000000000
163214  44.762  9.511  59.290 0.0000000000
164222  43.546  10.017  59.664 0.0000000000
165305  42.320  10.505  58.269 0.0000000000
177010  45.370  20.388  50.597 0.0000000000
176991  44.936  20.316  52.096 0.0000000000
177855  45.186  20.952  51.541 0.0000000000
177843  44.577  20.988  53.319 0.0000000000
177838  44.174  21.079  54.177 0.0000000000
177792  39.969  21.220  57.096 0.0000000000
177790  41.372  21.454  57.656 0.0000000000
176930  40.465  20.342  58.000 0.0000000000
175952  41.766  19.369  59.086 0.0000000000
174012  42.532  17.884  60.413 0.0000000000
173150  42.778  16.677  61.023 0.0000000000
173157  41.892  16.884  60.548 0.0000000000
171381  41.467  15.670  61.015 0.0000000000
170432  41.007  14.867  61.414 0.0000000000
184331  39.034  27.201  43.133 0.0000000000
181413  39.997  23.948  47.620 0.0000000000
180544  39.669  23.046  46.359 0.0000000000
180531  41.243  23.050  47.222 0.0000000000
179611  42.354  22.141  47.143 0.0000000000
177905  43.209  21.347  46.420 0.0000000000
177108  44.361  20.232  45.974 0.0000000000
178727  44.416  21.735  47.759 0.0000000000
177878  45.476  21.141  49.100 0.0000000000
172345  43.977  16.342  56.061 0.0000000000
171456  43.002  15.684  56.757 0.0000000000
170512  43.240  14.617  57.258 0.0000000000
168435  43.186  13.285  57.138 0.0000000000
166347  43.284  11.600  55.482 0.0000000000
165386  44.376  10.653  51.343 0.0000000000
166425  45.226  11.222  50.284 0.0000000000
168475  35.619  13.323  53.954 0.0000000000
171481  36.105  15.509  54.197 0.0000000000
169569  36.713  14.072  53.999 0.0000000000
168498  36.592  12.676  53.569 0.0000000000
167443  37.124  12.159  52.506 0.0000000000
167442  37.809  12.399  52.156 0.0000000000
167457  37.991  12.391  51.353 0.0000000000
175249  40.413  19.110  41.139 0.0000000000
176253  38.912  19.327  42.354 0.0000000000
181338  42.619  23.987  50.852 0.0000000000
181318  42.865  24.036  52.667 0.0000000000
181319  41.938  23.927  52.502 0.0000000000
181295  40.902  23.765  53.704 0.0000000000
180348  40.362  23.635  55.434 0.0000000000
179482  39.765  22.711  56.101 0.0000000000
177806  38.908  21.506  56.618 0.0000000000
184301  35.475  27.424  45.177 0.0000000000
182252  36.406  25.603  45.610 0.0000000000
181443  37.422  24.476  46.317 0.0000000000
181415  38.267  24.270  47.693 0.0000000000
181391  39.807  24.148  48.303 0.0000000000
181351  41.060  24.039  49.911 0.0000000000
167361  45.248  13.031  58.570 0.0000000000
166324  45.834  12.180  57.854 0.0000000000
165303  46.134  11.248  58.158 0.0000000000
164293  47.194  10.016  56.186 0.0000000000
163279  46.480  9.328  54.305 0.0000000000
163252  45.041  9.382  56.831 0.0000000000
164308  45.029  9.512  55.053 0.0000000000
164335  44.822  9.931  53.160 0.0000000000
176060  41.091  20.125  51.732 0.0000000000
176029  41.275  19.627  53.087 0.0000000000
176028  42.102  19.606  52.911 0.0000000000
175032  43.000  18.779  53.806 0.0000000000
174099  43.291  18.318  54.325 0.0000000000
176025  44.477  19.627  52.689 0.0000000000
175030  44.343  18.758  53.782 0.0000000000
174085  44.240  17.843  54.820 0.0000000000
173223  45.104  17.119  55.631 0.0000000000
172332  45.377  16.089  56.615 0.0000000000
171447  45.316  15.533  57.670 0.0000000000
179536  43.760  23.055  54.120 0.0000000000
178663  43.478  21.845  55.175 0.0000000000
177825  43.755  21.036  55.518 0.0000000000
177788  42.703  21.329  57.709 0.0000000000
176940  43.577  20.650  57.431 0.0000000000
175982  44.119  19.632  56.969 0.0000000000
174042  44.566  18.005  57.801 0.0000000000
172318  44.913  16.249  58.119 0.0000000000
170507  44.968  14.942  58.303 0.0000000000
168425  44.453  13.533  59.066 0.0000000000
167359  44.334  12.524  59.708 0.0000000000
165266  44.099  11.761  60.650 0.0000000000
170440  43.122  14.612  60.800 0.0000000000
167332  43.477  12.888  61.151 0.0000000000
165233  43.976  11.351  61.773 0.0000000000
164165  44.213  10.197  62.480 0.0000000000
184342  42.697  26.978  42.829 0.0000000000
181506  43.215  24.446  41.695 0.0000000000
177969  42.904  22.007  40.666 0.0000000000
179630  39.530  22.377  44.912 0.0000000000
179670  40.051  23.161  42.259 0.0000000000
177960  41.494  21.509  41.900 0.0000000000
177959  42.311  21.395  41.541 0.0000000000
176273  42.717  20.005  40.542 0.0000000000
174237  43.711  17.971  41.158 0.0000000000
174206  43.582  18.061  43.264 0.0000000000
175192  42.693  18.794  44.704 0.0000000000
175175  44.721  19.047  46.411 0.0000000000
175164  43.691  18.915  46.406 0.0000000000
176165  42.196  19.537  46.816 0.0000000000
177055  41.620  20.160  48.796 0.0000000000
177014  41.657  20.357  50.283 0.0000000000
175036  40.293  18.626  54.503 0.0000000000
173237  40.091  17.461  55.308 0.0000000000
171467  39.842  15.575  55.680 0.0000000000
171458  41.519  15.453  56.519 0.0000000000
169545  40.393  14.224  55.908 0.0000000000
169552  39.543  14.273  55.106 0.0000000000
168494  39.688  13.116  53.253 0.0000000000
168509  39.105  12.796  52.334 0.0000000000
166337  45.122  11.267  56.512 0.0000000000
166352  44.341  11.263  54.820 0.0000000000
167417  43.713  11.832  53.015 0.0000000000
168534  45.614  12.375  50.161 0.0000000000
168515  42.790  12.629  51.902 0.0000000000
163215  40.183  9.980  59.207 0.0000000000
164276  39.761  9.884  56.764 0.0000000000
176031  39.587  19.351  53.078 0.0000000000
176061  40.300  20.008  51.792 0.0000000000
177001  39.814  20.195  51.206 0.0000000000
176062  39.530  19.834  51.816 0.0000000000
176063  38.756  19.714  51.811 0.0000000000
163145  42.413  9.320  61.902 0.0000000000
180441  44.099  23.248  51.362 0.0000000000
180442  43.599  23.719  51.600 0.0000000000
180460  42.862  23.895  50.404 0.0000000000
180480  42.787  23.785  49.843 0.0000000000
180478  44.029  22.947  49.890 0.0000000000
169534  45.068  14.173  57.394 0.0000000000
168441  44.875  13.927  57.366 0.0000000000
168432  45.127  13.546  57.565 0.0000000000
173248  35.565  17.199  53.908 0.0000000000
172365  35.048  16.271  54.028 0.0000000000
171473  38.293  15.471  55.014 0.0000000000
170538  38.045  14.778  54.826 0.0000000000
169554  38.499  14.399  54.748 0.0000000000
169566  38.778  13.987  54.452 0.0000000000
175194  41.404  19.090  44.536 0.0000000000
175195  40.630  19.246  44.543 0.0000000000
175181  40.987  19.309  45.022 0.0000000000
174115  35.348  18.163  53.397 0.0000000000
175058  35.232  18.635  52.982 0.0000000000
173258  34.987  17.655  53.643 0.0000000000
180446  39.268  23.235  51.435 0.0000000000
180428  39.247  23.079  52.110 0.0000000000
180429  38.637  22.944  52.269 0.0000000000
180486  37.339  23.505  50.497 0.0000000000
181356  37.394  23.839  49.899 0.0000000000
180465  38.653  23.337  50.903 0.0000000000
180464  39.312  23.459  50.773 0.0000000000
164220  44.972  10.728  60.080 0.0000000000
164219  45.296  10.317  59.751 0.0000000000
163192  45.234  10.086  59.868 0.0000000000
164311  42.572  9.997  54.688 0.0000000000
176057  43.436  19.871  51.539 0.0000000000
176056  44.012  19.933  51.258 0.0000000000
176976  44.258  20.454  54.817 0.0000000000
176015  44.572  19.837  54.619 0.0000000000
175014  44.999  18.593  55.758 0.0000000000
175015  44.664  19.125  55.994 0.0000000000
179480  41.222  22.802  56.226 0.0000000000
179479  42.074  22.906  56.148 0.0000000000
178623  41.600  22.277  56.633 0.0000000000
174956  42.974  18.610  59.993 0.0000000000
174964  43.491  18.804  59.736 0.0000000000
174955  43.659  18.197  59.969 0.0000000000
174018  44.020  17.658  59.539 0.0000000000
174010  43.693  17.329  60.150 0.0000000000
172266  43.618  16.333  60.111 0.0000000000
173156  43.425  16.709  60.623 0.0000000000
169436  42.356  14.139  63.472 0.0000000000
184345  40.124  27.036  43.085 0.0000000000
184329  40.481  27.459  43.266 0.0000000000
183649  40.524  26.889  43.057 0.0000000000
183005  41.338  25.973  42.807 0.0000000000
182290  40.935  25.172  42.456 0.0000000000
181442  37.764  23.974  46.016 0.0000000000
181452  37.737  24.046  45.271 0.0000000000
180554  38.161  23.565  45.768 0.0000000000
177922  42.751  20.696  44.915 0.0000000000
177932  42.081  20.653  44.378 0.0000000000
177123  42.963  20.307  44.152 0.0000000000
177131  42.826  20.095  43.337 0.0000000000
177122  43.571  19.997  44.274 0.0000000000
176215  43.990  19.635  44.158 0.0000000000
177121  43.998  19.898  44.615 0.0000000000
176093  44.492  20.342  49.747 0.0000000000
177028  44.036  20.388  49.318 0.0000000000
176094  43.948  20.402  49.783 0.0000000000
177011  43.490  20.326  50.017 0.0000000000
174076  43.147  17.553  55.484 0.0000000000
174077  42.414  17.694  55.695 0.0000000000
173226  42.810  16.934  56.094 0.0000000000
167391  42.378  12.070  54.755 0.0000000000
167392  41.784  12.454  54.767 0.0000000000
167400  42.136  12.356  54.059 0.0000000000
168492  41.234  12.930  53.253 0.0000000000
167420  41.888  12.627  53.346 0.0000000000
165348  47.117  10.093  53.128 0.0000000000
165349  46.783  10.679  52.797 0.0000000000
165363  46.728  10.840  51.853 0.0000000000
175055  37.106  18.541  53.431 0.0000000000
174112  37.108  18.075  53.810 0.0000000000
175040  37.488  18.329  53.753 0.0000000000
174104  38.227  17.828  54.413 0.0000000000
174093  38.704  17.487  54.706 0.0000000000
173239  38.935  16.990  54.964 0.0000000000
177073  41.003  20.290  48.351 0.0000000000
177089  39.947  20.294  47.897 0.0000000000
177074  40.312  20.354  48.474 0.0000000000
177059  38.312  20.374  49.342 0.0000000000
176048  37.587  19.253  52.595 0.0000000000
176065  37.287  19.523  51.880 0.0000000000
175066  36.952  18.910  52.893 0.0000000000
163160  43.900  9.799  61.304 0.0000000000
163178  43.710  9.925  60.515 0.0000000000
164191  43.169  9.977  60.821 0.0000000000
164224  42.039  10.370  59.462 0.0000000000
165298  42.177  10.505  58.566 0.0000000000
165299  41.884  10.554  58.401 0.0000000000
165314  41.810  10.468  57.278 0.0000000000
164274  41.375  10.372  57.099 0.0000000000
183679  42.616  26.636  41.974 0.0000000000
184361  42.167  27.367  41.474 0.0000000000
177869  45.586  21.139  50.252 0.0000000000
178688  45.285  21.556  51.010 0.0000000000
179540  44.235  22.801  53.026 0.0000000000
178675  44.662  21.765  52.563 0.0000000000
176942  39.744  20.603  57.457 0.0000000000
176941  40.207  20.856  57.522 0.0000000000
174967  40.818  18.488  59.298 0.0000000000
175960  41.016  19.319  58.757 0.0000000000
175953  41.307  18.984  59.131 0.0000000000
174957  42.162  18.572  59.860 0.0000000000
174958  41.435  18.226  59.796 0.0000000000
174013  41.842  17.661  60.227 0.0000000000
174014  41.272  17.646  59.916 0.0000000000
172269  41.205  16.215  60.456 0.0000000000
171382  41.018  15.420  60.891 0.0000000000
171375  41.273  15.168  61.292 0.0000000000
170442  40.475  14.982  61.007 0.0000000000
180518  40.646  23.734  47.738 0.0000000000
180532  40.422  23.570  47.212 0.0000000000
180517  41.052  23.605  47.789 0.0000000000
179594  43.092  22.712  47.981 0.0000000000
180529  42.379  22.746  47.683 0.0000000000
178729  43.260  22.134  47.326 0.0000000000
178738  42.810  21.815  46.902 0.0000000000
178737  43.544  21.668  47.022 0.0000000000
178736  44.047  21.556  47.276 0.0000000000
179573  45.054  22.174  49.977 0.0000000000
178716  45.043  21.760  48.698 0.0000000000
178703  45.603  21.436  49.659 0.0000000000
177868  45.628  21.068  49.876 0.0000000000
171465  44.458  15.976  56.264 0.0000000000
171455  43.670  15.774  56.561 0.0000000000
171454  44.244  15.525  56.568 0.0000000000
168434  43.882  13.284  57.230 0.0000000000
169528  43.484  13.904  57.277 0.0000000000
167370  43.646  12.663  57.007 0.0000000000
166340  42.931  12.103  56.098 0.0000000000
166339  43.754  11.567  56.211 0.0000000000
168476  34.913  13.264  54.146 0.0000000000
172363  36.521  16.234  54.429 0.0000000000
171480  36.696  15.458  54.572 0.0000000000
169568  37.374  14.015  54.166 0.0000000000
168474  36.318  13.352  53.823 0.0000000000
167421  36.722  12.257  53.074 0.0000000000
168497  37.325  12.633  53.386 0.0000000000
168511  37.741  12.556  52.824 0.0000000000
167441  38.396  12.586  51.979 0.0000000000
174230  41.742  18.743  40.774 0.0000000000
175248  41.265  18.845  41.384 0.0000000000
175211  39.575  19.351  43.875 0.0000000000
175227  39.332  19.260  42.928 0.0000000000
176242  38.779  19.238  42.834 0.0000000000
175213  37.849  19.106  43.992 0.0000000000
181339  41.540  23.825  50.836 0.0000000000
181329  42.242  23.919  51.729 0.0000000000
181330  41.495  23.680  51.746 0.0000000000
181272  40.787  23.954  55.026 0.0000000000
179483  38.974  22.765  55.814 0.0000000000
178626  39.408  22.068  56.373 0.0000000000
185104  35.454  28.425  44.971 0.0000000000
185105  34.948  28.559  45.251 0.0000000000
182970  35.777  26.300  45.517 0.0000000000
182240  36.373  25.412  46.197 0.0000000000
182251  36.874  25.056  45.736 0.0000000000
181373  38.122  24.178  49.157 0.0000000000
181393  38.207  24.340  48.464 0.0000000000
181392  38.986  24.259  48.350 0.0000000000
181371  39.622  24.117  49.082 0.0000000000
181341  40.401  23.812  50.467 0.0000000000
181352  40.188  23.916  49.929 0.0000000000
181340  40.801  23.872  50.479 0.0000000000
167362  45.045  12.588  58.975 0.0000000000
166318  45.534  12.293  58.586 0.0000000000
165304  45.872  11.794  58.419 0.0000000000
163250  46.462  9.308  57.416 0.0000000000
163261  46.960  9.697  56.986 0.0000000000
163262  46.689  9.410  56.345 0.0000000000
163271  46.862  9.417  55.120 0.0000000000
164259  44.229  9.611  58.284 0.0000000000
163230  44.900  9.345  58.530 0.0000000000
164270  44.278  9.606  57.462 0.0000000000
164310  43.445  9.944  54.785 0.0000000000
164309  44.335  9.745  54.899 0.0000000000
164322  44.178  9.890  54.011 0.0000000000
164321  45.259  9.507  54.120 0.0000000000
164336  43.883  10.116  53.146 0.0000000000
164351  43.563  10.311  52.250 0.0000000000
164337  42.986  10.200  53.072 0.0000000000
176043  41.593  19.877  52.335 0.0000000000
176042  42.396  19.846  52.196 0.0000000000
175064  43.417  19.457  52.559 0.0000000000
176027  42.850  19.518  52.723 0.0000000000
175047  43.352  19.130  53.128 0.0000000000
175031  43.681  18.673  53.707 0.0000000000
175022  44.805  18.704  54.311 0.0000000000
174097  44.458  18.259  54.389 0.0000000000
173234  44.517  17.441  55.196 0.0000000000
173215  45.190  17.108  56.527 0.0000000000
173222  45.296  16.634  56.313 0.0000000000
173214  45.351  16.564  56.812 0.0000000000
172328  45.384  16.234  57.099 0.0000000000
173212  45.149  16.720  57.304 0.0000000000
181309  43.095  24.109  53.690 0.0000000000
180407  43.706  23.576  53.335 0.0000000000
181292  43.086  24.003  54.121 0.0000000000
179495  43.024  22.535  55.535 0.0000000000
179520  43.346  22.982  54.880 0.0000000000
177835  43.626  21.286  55.405 0.0000000000
177826  43.559  21.143  55.972 0.0000000000
177782  41.630  21.042  58.094 0.0000000000
177789  42.021  21.454  57.769 0.0000000000
177781  42.214  20.949  58.299 0.0000000000
175969  43.733  19.825  58.364 0.0000000000
176926  43.476  20.370  58.216 0.0000000000
176925  43.705  20.225  57.657 0.0000000000
176939  43.819  20.185  57.174 0.0000000000
174984  44.341  18.948  57.450 0.0000000000
172297  44.338  16.082  58.904 0.0000000000
173197  44.530  16.938  58.314 0.0000000000
172296  44.660  16.047  58.548 0.0000000000
171432  44.681  15.479  58.617 0.0000000000
170503  44.606  14.606  58.703 0.0000000000
170504  44.281  14.881  59.085 0.0000000000
169514  43.655  13.975  59.917 0.0000000000
168421  43.826  13.494  59.799 0.0000000000
168412  43.676  13.264  60.211 0.0000000000
166300  44.127  12.093  60.194 0.0000000000
167340  43.624  12.776  60.668 0.0000000000
172253  42.681  16.056  61.146 0.0000000000
171380  42.938  15.309  60.815 0.0000000000
170430  42.934  14.808  61.340 0.0000000000
167307  43.221  12.943  62.558 0.0000000000
168373  43.185  13.593  61.951 0.0000000000
167320  43.341  12.875  61.761 0.0000000000
166266  43.752  11.839  61.569 0.0000000000
166253  43.788  11.637  62.019 0.0000000000
164177  44.155  10.764  61.925 0.0000000000
185930  41.026  29.450  43.980 0.0000000000
186719  41.273  30.304  44.673 0.0000000000
185929  41.573  29.398  43.959 0.0000000000
184327  42.037  27.523  43.312 0.0000000000
180586  42.345  23.864  42.466 0.0000000000
182287  42.968  25.059  42.844 0.0000000000
180596  42.759  23.508  42.082 0.0000000000
179682  43.073  23.082  41.439 0.0000000000
178788  42.904  22.162  41.594 0.0000000000
179622  40.478  22.266  46.018 0.0000000000
179623  39.801  22.380  45.717 0.0000000000
178751  40.344  22.044  45.553 0.0000000000
177942  40.629  21.366  43.566 0.0000000000
178773  40.172  21.709  43.890 0.0000000000
178780  40.275  21.896  42.910 0.0000000000
178792  40.358  22.517  42.404 0.0000000000
179669  40.749  22.947  42.175 0.0000000000
177961  41.090  21.497  42.176 0.0000000000
176252  42.960  19.876  41.919 0.0000000000
177148  42.443  20.537  41.776 0.0000000000
176262  42.941  20.040  41.220 0.0000000000
177157  42.893  20.750  41.030 0.0000000000
176272  43.097  19.524  40.840 0.0000000000
175257  43.457  18.880  40.919 0.0000000000
174205  44.208  18.279  43.512 0.0000000000
173321  44.043  17.900  42.789 0.0000000000
174197  43.723  18.284  44.115 0.0000000000
174198  43.033  18.489  43.948 0.0000000000
174191  43.286  18.390  44.717 0.0000000000
177098  44.935  20.261  47.003 0.0000000000
176181  44.853  19.963  45.893 0.0000000000
176180  44.966  19.609  46.592 0.0000000000
176144  43.524  19.494  47.825 0.0000000000
175140  43.907  19.268  47.554 0.0000000000
176145  42.979  19.480  47.568 0.0000000000
175154  42.747  19.195  46.637 0.0000000000
176146  42.339  19.650  47.528 0.0000000000
176131  41.982  19.929  48.089 0.0000000000
176114  42.221  19.943  48.511 0.0000000000
177013  42.313  20.196  50.197 0.0000000000
177032  41.943  20.177  49.592 0.0000000000
176998  42.117  20.223  50.873 0.0000000000
176999  41.382  20.328  51.015 0.0000000000
175049  41.823  19.312  53.633 0.0000000000
175050  40.916  19.193  53.886 0.0000000000
175035  41.018  18.828  54.550 0.0000000000
173228  41.200  17.053  56.012 0.0000000000
174079  40.978  17.588  55.608 0.0000000000
173229  40.400  17.105  55.645 0.0000000000
173230  39.919  16.689  55.612 0.0000000000
172349  40.283  16.247  55.903 0.0000000000
171449  42.476  14.953  57.027 0.0000000000
171457  42.292  15.394  56.796 0.0000000000
170523  41.744  14.726  56.837 0.0000000000
168451  40.839  13.409  55.770 0.0000000000
169544  40.869  13.946  56.230 0.0000000000
168452  40.302  13.830  55.542 0.0000000000
169546  39.902  14.483  55.564 0.0000000000
168457  40.069  13.706  54.945 0.0000000000
168470  39.376  13.600  54.143 0.0000000000
168469  40.228  13.376  54.046 0.0000000000
168507  40.887  13.131  52.420 0.0000000000
168508  40.023  13.110  52.340 0.0000000000
168519  39.548  12.945  51.314 0.0000000000
165312  46.007  11.167  56.861 0.0000000000
166329  45.297  11.713  57.063 0.0000000000
165320  45.610  10.956  56.340 0.0000000000
166371  45.670  11.359  53.285 0.0000000000
165344  45.275  10.967  54.470 0.0000000000
166372  44.896  11.548  53.433 0.0000000000
166358  43.991  11.505  54.192 0.0000000000
166396  44.511  11.684  53.087 0.0000000000
166436  44.856  11.435  49.731 0.0000000000
166424  45.696  11.527  50.236 0.0000000000
166448  45.158  12.190  49.385 0.0000000000
176033  38.108  19.144  53.037 0.0000000000
175053  38.415  18.866  53.541 0.0000000000
176032  38.810  19.255  53.048 0.0000000000
175052  39.164  18.918  53.602 0.0000000000
175037  39.460  18.574  54.209 0.0000000000
177034  40.433  20.335  49.770 0.0000000000
177057  39.977  20.358  49.160 0.0000000000
177035  39.638  20.367  49.887 0.0000000000
177017  39.319  20.237  50.624 0.0000000000
177018  38.457  19.990  50.844 0.0000000000
176078  37.798  19.769  51.332 0.0000000000
176077  38.344  19.778  51.443 0.0000000000
176047  38.404  19.490  52.501 0.0000000000
163144  43.019  9.511  61.851 0.0000000000
163162  42.794  9.759  61.315 0.0000000000
163163  42.206  9.662  61.320 0.0000000000
164194  41.682  10.051  60.601 0.0000000000
164225  41.353  10.422  59.378 0.0000000000
179564  44.797  22.498  50.537 0.0000000000
179554  45.040  22.159  51.181 0.0000000000
179555  44.618  22.698  51.232 0.0000000000
179548  44.455  22.704  52.041 0.0000000000
176932  39.124  19.802  57.792 0.0000000000
175970  39.942  19.850  58.046 0.0000000000
174968  40.286  18.233  59.141 0.0000000000
181368  42.215  23.983  49.042 0.0000000000
181388  42.231  23.710  48.415 0.0000000000
181367  42.488  23.805  48.721 0.0000000000
180499  43.284  23.074  48.684 0.0000000000
179592  44.103  22.408  48.580 0.0000000000
179575  44.042  22.769  49.493 0.0000000000
179574  44.497  22.619  49.833 0.0000000000
170519  44.449  14.954  56.873 0.0000000000
169535  44.575  14.247  57.194 0.0000000000
167369  44.426  12.604  57.226 0.0000000000
172357  37.812  16.019  54.895 0.0000000000
171475  37.299  15.429  54.801 0.0000000000
170539  37.521  14.926  54.794 0.0000000000
170548  37.584  14.454  54.608 0.0000000000
168472  37.733  13.356  53.892 0.0000000000
168495  38.873  12.979  53.345 0.0000000000
175237  41.800  18.658  42.502 0.0000000000
175238  41.108  18.835  42.325 0.0000000000
175225  41.174  18.898  43.124 0.0000000000
175210  40.499  19.146  43.797 0.0000000000
176217  39.298  19.530  44.687 0.0000000000
175059  34.719  18.702  52.864 0.0000000000
174124  34.256  18.577  53.012 0.0000000000
173259  34.256  17.524  53.556 0.0000000000
173250  33.861  16.865  53.883 0.0000000000
180444  40.467  23.514  51.258 0.0000000000
181321  40.723  23.566  52.272 0.0000000000
180427  39.799  23.346  51.981 0.0000000000
180409  39.813  23.145  52.625 0.0000000000
181376  36.077  24.327  49.508 0.0000000000
181396  36.430  24.444  49.166 0.0000000000
181375  36.816  24.228  49.495 0.0000000000
181355  38.071  23.858  49.773 0.0000000000
181354  38.753  23.921  49.693 0.0000000000
181353  39.420  23.948  49.681 0.0000000000
180483  39.327  23.703  50.173 0.0000000000
180463  39.989  23.695  50.615 0.0000000000
165297  45.141  11.685  59.249 0.0000000000
165296  45.584  11.319  58.912 0.0000000000
164241  45.722  10.459  59.142 0.0000000000
163228  45.893  9.942  58.887 0.0000000000
163251  45.806  9.241  57.037 0.0000000000
164283  42.814  9.980  56.314 0.0000000000
164282  43.579  9.781  56.443 0.0000000000
164298  42.719  9.982  55.519 0.0000000000
176058  42.727  20.025  51.407 0.0000000000
175063  43.778  19.318  52.707 0.0000000000
176979  44.709  20.088  53.650 0.0000000000
176020  44.679  19.809  54.069 0.0000000000
176014  44.773  19.315  54.440 0.0000000000
175017  44.881  18.731  55.042 0.0000000000
174074  45.034  18.058  55.482 0.0000000000
181279  42.084  24.005  54.924 0.0000000000
180363  42.779  23.602  55.081 0.0000000000
180345  42.319  23.457  55.673 0.0000000000
178646  42.672  22.513  56.066 0.0000000000
176914  42.570  19.926  59.236 0.0000000000
177775  42.736  20.648  58.633 0.0000000000
176913  42.972  20.074  59.201 0.0000000000
175949  43.687  19.377  59.052 0.0000000000
175957  43.879  19.391  58.604 0.0000000000
173177  44.013  16.932  59.076 0.0000000000
171407  43.960  15.283  59.517 0.0000000000
171408  43.480  15.015  59.932 0.0000000000
170461  43.409  14.439  60.284 0.0000000000
171367  42.126  15.148  61.808 0.0000000000
170422  42.674  15.033  61.918 0.0000000000
169440  42.897  14.568  62.489 0.0000000000
168353  43.018  13.838  62.782 0.0000000000
185931  40.422  29.441  43.967 0.0000000000
185134  40.724  28.220  43.494 0.0000000000
184328  41.241  27.591  43.357 0.0000000000
183647  41.554  26.876  43.215 0.0000000000
182993  41.494  26.429  43.034 0.0000000000
182289  41.703  25.162  42.558 0.0000000000
180587  41.813  23.966  42.196 0.0000000000
182981  36.903  26.027  44.506 0.0000000000
182996  37.321  26.037  44.126 0.0000000000
182262  37.553  25.012  44.279 0.0000000000
181463  37.816  24.420  44.448 0.0000000000
178757  41.721  21.605  45.688 0.0000000000
178759  40.639  21.776  45.124 0.0000000000
177923  41.839  21.213  45.110 0.0000000000
177933  41.268  20.956  44.073 0.0000000000
177133  41.483  20.655  43.247 0.0000000000
177141  41.283  20.976  42.753 0.0000000000
177132  42.126  20.367  43.214 0.0000000000
176241  43.119  19.748  42.645 0.0000000000
175236  43.957  19.023  42.195 0.0000000000
176239  44.045  19.214  43.201 0.0000000000
175206  44.396  18.878  44.026 0.0000000000
175191  44.515  18.956  44.859 0.0000000000
177068  45.173  20.256  48.516 0.0000000000
176142  44.642  19.802  48.112 0.0000000000
176126  44.551  20.112  48.594 0.0000000000
177070  43.763  20.080  48.515 0.0000000000
176111  43.295  19.963  48.578 0.0000000000
177053  42.816  20.076  49.007 0.0000000000
177030  42.874  20.270  49.589 0.0000000000
177012  42.907  20.228  50.139 0.0000000000
175023  42.162  18.582  54.657 0.0000000000
175024  41.470  18.572  54.883 0.0000000000
174088  41.954  18.175  55.247 0.0000000000
174078  41.625  17.678  55.716 0.0000000000
173218  41.695  16.670  56.297 0.0000000000
168443  42.196  13.080  56.591 0.0000000000
169537  41.814  14.027  56.920 0.0000000000
167379  41.727  12.996  56.074 0.0000000000
167386  41.014  12.987  55.244 0.0000000000
168468  40.917  13.071  54.014 0.0000000000
165328  46.849  10.453  55.402 0.0000000000
165336  46.335  10.699  54.718 0.0000000000
165342  46.467  10.797  53.979 0.0000000000
165350  46.416  10.989  53.351 0.0000000000
166412  45.980  11.807  51.998 0.0000000000
174114  35.930  18.010  53.590 0.0000000000
174107  36.267  17.564  53.859 0.0000000000
174106  36.846  17.573  54.000 0.0000000000
173246  37.203  16.963  54.438 0.0000000000
175039  38.000  18.380  53.918 0.0000000000
173245  37.737  17.408  54.464 0.0000000000
173241  37.529  16.539  54.764 0.0000000000
171469  38.830  15.536  55.221 0.0000000000
176183  41.211  19.683  46.142 0.0000000000
176184  40.530  19.742  46.090 0.0000000000
176150  39.646  20.098  47.332 0.0000000000
177058  39.169  20.456  49.252 0.0000000000
176079  37.065  19.813  51.202 0.0000000000
176066  36.429  19.511  51.879 0.0000000000
175067  36.334  18.933  52.668 0.0000000000
175056  36.454  18.550  53.260 0.0000000000
181377  35.621  24.247  49.806 0.0000000000
181358  35.980  23.865  50.288 0.0000000000
180487  36.696  23.556  50.645 0.0000000000
163176  44.462  10.019  61.079 0.0000000000
163193  44.981  10.019  60.272 0.0000000000
163194  44.423  9.733  60.032 0.0000000000
164221  44.204  9.826  59.620 0.0000000000
164243  43.514  10.027  58.876 0.0000000000
164207  42.780  10.077  60.197 0.0000000000
164244  42.644  10.366  58.686 0.0000000000
164261  42.765  10.242  57.802 0.0000000000
164273  42.189  10.286  56.977 0.0000000000
176073  44.954  20.203  50.370 0.0000000000
176055  44.595  20.005  50.962 0.0000000000
176997  45.172  20.258  51.157 0.0000000000
177848  44.893  21.067  52.380 0.0000000000
178680  44.992  21.608  51.827 0.0000000000
177849  44.718  21.173  52.782 0.0000000000
177842  44.743  20.891  52.876 0.0000000000
178614  40.451  21.732  56.874 0.0000000000
178613  41.124  21.816  57.079 0.0000000000
177791  40.655  21.224  57.483 0.0000000000
177783  41.086  20.945  57.934 0.0000000000
176929  41.372  20.526  58.239 0.0000000000
176922  40.713  19.781  58.423 0.0000000000
176921  41.194  19.967  58.445 0.0000000000
176920  41.988  20.204  58.708 0.0000000000
175951  42.407  19.281  59.496 0.0000000000
175945  42.585  18.899  59.775 0.0000000000
174004  43.113  17.016  60.952 0.0000000000
174005  42.704  17.259  60.833 0.0000000000
173151  42.289  16.773  60.913 0.0000000000
172254  42.277  15.836  61.212 0.0000000000
172261  41.812  16.101  60.939 0.0000000000
172255  41.992  15.655  61.206 0.0000000000
171368  41.902  15.061  61.775 0.0000000000
170424  41.592  14.821  61.918 0.0000000000
170418  41.489  14.368  62.565 0.0000000000
184346  39.661  26.885  42.998 0.0000000000
180534  38.995  23.698  47.003 0.0000000000
180545  38.742  23.487  46.507 0.0000000000
180543  40.565  22.954  46.699 0.0000000000
179613  41.337  22.408  46.693 0.0000000000
180530  41.993  22.921  47.587 0.0000000000
179605  41.735  22.630  47.172 0.0000000000
178740  41.782  22.038  46.518 0.0000000000
178747  42.428  21.530  46.475 0.0000000000
177914  42.557  21.262  45.870 0.0000000000
177913  43.435  20.744  45.696 0.0000000000
177109  43.960  20.393  45.551 0.0000000000
177904  44.047  20.898  46.730 0.0000000000
177903  44.612  20.680  46.957 0.0000000000
177896  44.849  20.990  47.590 0.0000000000
178717  44.546  22.027  48.488 0.0000000000
177889  45.152  21.321  48.458 0.0000000000
177888  45.262  20.793  48.347 0.0000000000
177049  45.316  20.479  48.934 0.0000000000
176092  45.096  20.298  49.874 0.0000000000
173225  43.619  17.069  55.620 0.0000000000
172347  43.017  16.482  56.267 0.0000000000
172333  43.569  16.212  56.292 0.0000000000
170521  43.329  15.274  56.998 0.0000000000
170511  43.741  14.421  57.200 0.0000000000
169529  42.848  13.922  57.276 0.0000000000
167377  42.768  12.471  56.381 0.0000000000
166348  42.661  11.936  55.415 0.0000000000
167399  42.789  12.048  54.095 0.0000000000
164368  45.463  10.481  51.830 0.0000000000
165384  46.142  10.807  51.259 0.0000000000
165403  44.712  10.973  50.520 0.0000000000
168500  35.171  12.683  53.700 0.0000000000
170551  35.703  14.768  54.101 0.0000000000
170550  36.391  14.774  54.201 0.0000000000
169570  36.015  14.052  54.028 0.0000000000
168499  35.891  12.671  53.657 0.0000000000
167422  36.122  12.136  53.205 0.0000000000
167458  37.214  12.133  51.568 0.0000000000
175239  40.337  19.038  42.103 0.0000000000
175240  39.613  19.272  41.844 0.0000000000
176201  40.349  19.569  45.350 0.0000000000
176202  39.505  19.702  45.399 0.0000000000
181328  43.031  23.987  51.750 0.0000000000
181310  42.308  24.250  53.369 0.0000000000
181312  40.825  23.647  52.851 0.0000000000
181311  41.500  23.903  53.135 0.0000000000
181294  41.781  24.113  54.002 0.0000000000
181271  41.489  24.057  55.199 0.0000000000
180347  41.135  23.689  55.522 0.0000000000
178625  40.150  22.206  56.451 0.0000000000
178615  39.912  21.721  56.668 0.0000000000
177805  39.499  21.484  56.730 0.0000000000
177793  39.236  21.007  57.050 0.0000000000
184300  35.948  27.023  44.877 0.0000000000
183624  35.847  26.686  45.172 0.0000000000
182982  36.499  26.073  44.885 0.0000000000
182968  36.645  25.623  45.107 0.0000000000
181453  37.354  24.466  45.520 0.0000000000
182193  36.808  24.675  48.442 0.0000000000
181432  37.598  24.568  47.130 0.0000000000
181430  38.730  23.759  46.967 0.0000000000
181414  39.048  23.933  47.490 0.0000000000
181390  40.659  23.936  48.220 0.0000000000
181370  40.446  24.105  49.097 0.0000000000
181369  41.339  24.157  49.091 0.0000000000
181350  42.066  23.983  49.931 0.0000000000
181349  42.587  23.951  50.258 0.0000000000
168428  45.326  13.525  58.221 0.0000000000
167365  45.439  12.917  58.045 0.0000000000
166323  46.091  11.638  57.455 0.0000000000
165311  46.460  11.084  57.283 0.0000000000
164269  46.537  10.489  57.902 0.0000000000
164280  46.853  10.325  57.093 0.0000000000
164306  47.392  9.836  55.132 0.0000000000
163286  47.303  9.428  53.419 0.0000000000
164334  45.801  9.833  53.117 0.0000000000
163213  45.295  9.575  59.598 0.0000000000
163239  45.683  9.265  57.966 0.0000000000
164296  44.432  9.590  55.770 0.0000000000
163264  44.974  9.430  56.161 0.0000000000
163280  45.959  9.321  54.259 0.0000000000
164349  45.328  10.235  52.210 0.0000000000
165364  44.704  10.447  51.874 0.0000000000
176030  40.411  19.519  53.141 0.0000000000
176044  40.773  19.849  52.438 0.0000000000
175048  42.598  19.247  53.394 0.0000000000
175033  42.335  18.922  54.037 0.0000000000
174100  42.720  18.543  54.359 0.0000000000
174086  43.605  17.816  54.980 0.0000000000
176039  44.581  19.859  51.703 0.0000000000
176026  44.081  19.372  52.640 0.0000000000
175045  44.456  19.193  53.276 0.0000000000
174098  43.956  18.189  54.266 0.0000000000
173236  43.752  17.460  55.300 0.0000000000
173224  44.326  16.919  55.526 0.0000000000
172344  44.640  16.411  55.894 0.0000000000
171464  44.787  16.048  56.171 0.0000000000
172343  45.061  16.290  56.142 0.0000000000
171446  45.310  15.483  57.213 0.0000000000
171443  45.236  15.113  57.822 0.0000000000
180424  43.564  23.722  52.388 0.0000000000
180406  43.989  23.441  52.751 0.0000000000
179541  43.958  22.989  53.606 0.0000000000
180362  43.145  23.511  54.726 0.0000000000
178667  43.694  22.421  54.504 0.0000000000
179535  44.019  22.485  53.906 0.0000000000
178662  43.685  21.580  54.856 0.0000000000
177834  43.812  21.174  54.995 0.0000000000
176973  44.019  20.537  55.708 0.0000000000
178612  41.823  21.878  57.243 0.0000000000
178621  42.884  21.786  56.752 0.0000000000
177779  43.246  20.745  58.168 0.0000000000
177787  43.246  20.931  57.835 0.0000000000
177803  43.227  21.306  56.970 0.0000000000
176958  43.692  20.714  56.710 0.0000000000
176957  43.957  20.241  56.494 0.0000000000
176000  44.282  19.720  56.207 0.0000000000
174999  44.518  19.077  56.701 0.0000000000
174060  44.678  18.461  57.092 0.0000000000
174041  44.856  17.252  57.673 0.0000000000
172329  45.343  15.985  57.610 0.0000000000
171444  45.119  15.556  58.039 0.0000000000
170506  45.078  14.517  58.090 0.0000000000
169520  45.038  13.933  58.417 0.0000000000
168424  44.800  13.270  58.859 0.0000000000
168419  44.509  13.223  59.192 0.0000000000
170486  43.881  14.438  59.457 0.0000000000
168420  44.176  13.268  59.513 0.0000000000
166311  44.766  12.094  59.429 0.0000000000
166312  44.418  12.108  59.790 0.0000000000
165265  44.480  11.354  60.433 0.0000000000
169486  43.273  13.946  60.794 0.0000000000
169465  43.181  14.130  61.353 0.0000000000
168406  43.440  13.339  60.740 0.0000000000
166281  43.595  12.538  61.025 0.0000000000
165249  44.091  11.508  61.124 0.0000000000
165248  44.362  11.017  61.059 0.0000000000
164189  44.331  10.509  61.404 0.0000000000
164176  44.223  10.114  61.855 0.0000000000
163129  44.018  9.520  62.063 0.0000000000
163116  44.079  9.344  62.796 0.0000000000
183018  43.067  25.961  42.139 0.0000000000
183661  42.571  26.592  43.009 0.0000000000
182301  43.311  25.161  42.370 0.0000000000
182302  43.057  25.331  41.709 0.0000000000
179683  42.872  23.317  41.150 0.0000000000
178813  42.840  22.597  40.623 0.0000000000
177980  42.140  21.705  40.325 0.0000000000
183008  39.274  25.792  42.785 0.0000000000
182292  39.598  25.203  42.713 0.0000000000
180553  38.838  23.110  45.506 0.0000000000
179631  39.097  22.850  44.745 0.0000000000
178766  40.298  21.712  44.588 0.0000000000
180601  39.678  24.121  42.424 0.0000000000
182304  40.239  24.690  42.354 0.0000000000
181508  40.907  23.996  42.136 0.0000000000
179668  41.436  22.781  42.100 0.0000000000
178790  41.745  22.064  41.906 0.0000000000
177149  41.861  21.022  41.949 0.0000000000
178789  42.294  21.921  41.805 0.0000000000
177958  42.886  21.828  41.307 0.0000000000
177970  42.826  21.414  40.797 0.0000000000
177169  42.551  20.832  40.350 0.0000000000
175268  42.267  19.580  40.252 0.0000000000
174228  42.884  18.098  41.492 0.0000000000
173343  44.223  17.851  41.657 0.0000000000
174227  43.445  17.843  41.896 0.0000000000
174218  42.869  18.111  42.247 0.0000000000
175223  42.491  18.708  43.664 0.0000000000
175207  42.474  18.841  44.172 0.0000000000
175179  42.220  19.224  45.367 0.0000000000
177114  44.206  20.004  45.166 0.0000000000
176198  44.556  19.550  45.427 0.0000000000
175176  44.279  18.926  45.714 0.0000000000
175150  44.633  19.261  47.325 0.0000000000
175163  44.111  18.899  46.811 0.0000000000
175177  43.615  18.660  45.729 0.0000000000
175165  43.088  18.797  46.253 0.0000000000
175166  42.527  19.168  46.100 0.0000000000
176182  41.883  19.532  46.124 0.0000000000
176147  41.688  19.974  47.482 0.0000000000
177072  41.496  20.131  48.112 0.0000000000
177054  42.304  20.045  49.014 0.0000000000
177033  41.215  20.276  49.648 0.0000000000
177015  40.899  20.401  50.389 0.0000000000
177000  40.594  20.355  51.132 0.0000000000
174102  39.676  18.133  54.678 0.0000000000
175025  40.801  18.454  54.961 0.0000000000
174101  40.149  18.149  54.878 0.0000000000
174091  39.886  17.723  55.038 0.0000000000
173238  39.642  17.062  55.260 0.0000000000
172350  39.478  16.243  55.448 0.0000000000
170531  39.080  15.133  55.279 0.0000000000
173216  42.593  16.644  56.330 0.0000000000
172336  41.926  16.116  56.455 0.0000000000
172337  41.097  16.207  56.252 0.0000000000
169538  41.280  14.125  56.594 0.0000000000
170524  41.133  14.840  56.495 0.0000000000
171459  40.887  15.462  56.303 0.0000000000
170529  40.118  14.937  55.791 0.0000000000
170530  39.537  14.947  55.461 0.0000000000
169553  38.989  14.403  54.833 0.0000000000
169565  39.260  14.058  54.623 0.0000000000
167456  38.744  12.633  51.367 0.0000000000
167368  45.090  12.720  57.535 0.0000000000
166338  44.608  11.441  56.470 0.0000000000
165330  45.301  10.809  55.535 0.0000000000
165331  44.633  11.040  55.458 0.0000000000
166346  43.982  11.307  55.464 0.0000000000
166353  43.654  11.506  54.816 0.0000000000
166359  43.391  11.733  54.174 0.0000000000
167418  43.299  11.972  53.402 0.0000000000
166423  46.402  11.369  50.641 0.0000000000
167449  46.571  11.956  50.942 0.0000000000
167451  45.615  12.039  51.627 0.0000000000
168562  44.624  12.659  49.565 0.0000000000
167481  44.760  12.534  50.866 0.0000000000
167452  44.855  12.234  51.747 0.0000000000
167454  43.568  12.139  51.991 0.0000000000
167455  43.102  12.263  52.194 0.0000000000
167439  42.826  12.411  52.681 0.0000000000
168505  42.357  12.770  52.358 0.0000000000
168517  41.352  13.148  51.664 0.0000000000
164210  40.855  10.227  59.812 0.0000000000
164247  40.498  10.186  58.543 0.0000000000
164265  39.905  9.964  57.503 0.0000000000
164264  40.565  10.198  57.699 0.0000000000
163128  44.142  9.735  61.837 0.0000000000
163130  43.430  9.342  62.381 0.0000000000
163141  44.140  9.796  61.712 0.0000000000
163142  43.932  9.693  61.665 0.0000000000
163161  43.425  9.845  61.177 0.0000000000
163164  41.530  9.682  61.184 0.0000000000
163177  44.129  9.842  60.736 0.0000000000
163195  43.855  9.926  60.038 0.0000000000
163196  40.305  9.970  59.785 0.0000000000
163212  45.407  10.038  59.585 0.0000000000
163216  39.656  9.817  58.834 0.0000000000
163227  46.133  10.104  58.614 0.0000000000
163237  46.319  10.017  58.347 0.0000000000
163238  46.241  9.478  58.279 0.0000000000
163240  44.999  9.340  57.687 0.0000000000
163249  46.706  9.835  57.719 0.0000000000
163269  47.700  9.631  54.307 0.0000000000
163270  47.539  9.479  54.532 0.0000000000
163272  45.824  9.341  54.914 0.0000000000
163277  47.651  9.542  54.065 0.0000000000
163278  47.165  9.249  53.988 0.0000000000
163285  47.533  9.511  53.669 0.0000000000
164164  44.207  9.862  62.058 0.0000000000
164190  44.188  11.047  61.471 0.0000000000
164192  42.724  9.982  60.800 0.0000000000
164193  42.174  9.996  60.731 0.0000000000
164206  43.299  10.012  60.336 0.0000000000
164209  41.401  10.238  60.110 0.0000000000
164223  42.786  10.203  59.508 0.0000000000
164226  40.737  10.228  59.237 0.0000000000
164240  45.874  10.769  58.828 0.0000000000
164242  44.236  9.768  59.043 0.0000000000
164245  41.892  10.508  58.873 0.0000000000
164248  40.012  9.958  58.142 0.0000000000
164258  45.940  10.251  58.887 0.0000000000
164260  43.502  9.957  58.062 0.0000000000
164262  42.397  10.356  57.423 0.0000000000
164263  41.149  10.421  57.964 0.0000000000
164272  42.865  10.051  57.042 0.0000000000
164281  44.316  9.606  56.652 0.0000000000
164294  47.267  9.485  55.654 0.0000000000
164295  45.231  9.436  55.576 0.0000000000
164305  47.596  9.902  54.316 0.0000000000
164307  47.305  9.459  55.252 0.0000000000
164318  47.547  9.882  53.761 0.0000000000
164319  46.682  9.407  53.811 0.0000000000
164320  46.191  9.511  53.802 0.0000000000
164332  47.347  9.803  53.368 0.0000000000
164333  46.772  9.788  53.283 0.0000000000
164350  44.409  10.205  52.413 0.0000000000
164367  45.723  10.493  51.798 0.0000000000
165281  45.306  10.803  59.494 0.0000000000
165295  45.974  10.938  58.642 0.0000000000
165300  41.599  10.558  58.112 0.0000000000
165306  42.091  10.499  57.872 0.0000000000
165307  41.663  10.531  57.629 0.0000000000
165313  42.028  10.464  57.437 0.0000000000
165321  44.932  11.058  56.076 0.0000000000
165322  44.354  11.192  55.971 0.0000000000
165329  46.077  10.728  55.540 0.0000000000
165335  47.102  10.444  54.455 0.0000000000
165337  45.613  10.761  54.854 0.0000000000
165338  44.986  10.974  54.868 0.0000000000
165340  47.316  10.254  53.379 0.0000000000
165341  46.970  10.602  53.637 0.0000000000
165343  45.693  10.974  54.079 0.0000000000
165385  45.264  10.695  51.473 0.0000000000
165401  45.969  11.123  50.658 0.0000000000
165402  45.518  11.064  50.740 0.0000000000
166267  43.569  12.388  61.431 0.0000000000
166280  43.769  12.143  60.863 0.0000000000
166299  44.527  11.780  59.880 0.0000000000
166328  46.000  11.411  57.164 0.0000000000
166331  43.381  12.210  56.596 0.0000000000
166332  42.994  12.380  56.455 0.0000000000
166341  42.494  12.242  55.804 0.0000000000
166354  43.003  11.768  54.783 0.0000000000
166356  45.284  11.319  53.736 0.0000000000
166357  44.835  11.317  54.142 0.0000000000
166369  46.572  11.273  52.478 0.0000000000
166370  46.282  11.329  52.773 0.0000000000
166373  44.112  11.619  53.444 0.0000000000
166374  43.677  11.678  53.792 0.0000000000
166393  46.296  11.613  52.259 0.0000000000
166394  45.596  11.695  52.362 0.0000000000
166410  46.650  11.515  51.295 0.0000000000
166411  46.337  11.838  51.769 0.0000000000
166435  45.342  11.903  49.587 0.0000000000
166449  44.788  12.070  49.114 0.0000000000
167339  43.805  12.509  60.398 0.0000000000
167351  43.944  12.800  60.024 0.0000000000
167352  43.743  12.827  60.319 0.0000000000
167358  44.620  12.831  59.299 0.0000000000
167371  42.882  12.735  56.700 0.0000000000
167372  42.435  12.950  56.635 0.0000000000
167378  42.258  12.675  56.213 0.0000000000
167385  41.515  12.790  55.563 0.0000000000
167401  41.516  12.691  54.026 0.0000000000
167435  45.216  12.006  52.009 0.0000000000
167436  44.826  12.015  52.288 0.0000000000
167437  44.140  11.834  52.628 0.0000000000
167438  43.425  12.072  52.646 0.0000000000
167440  42.253  12.603  52.853 0.0000000000
167450  46.309  12.165  51.213 0.0000000000
167453  44.232  12.171  51.931 0.0000000000
167463  46.616  11.758  50.793 0.0000000000
167464  46.298  12.085  50.475 0.0000000000
167465  45.650  12.293  50.878 0.0000000000
167466  44.978  12.406  51.147 0.0000000000
167479  45.730  12.146  49.985 0.0000000000
167480  45.778  12.345  50.361 0.0000000000
167482  44.518  12.507  50.924 0.0000000000
167492  45.360  12.331  49.633 0.0000000000
167493  44.954  12.432  49.418 0.0000000000
168393  43.290  13.450  61.285 0.0000000000
168411  43.881  13.194  59.878 0.0000000000
168423  45.089  13.487  58.564 0.0000000000
168436  42.410  13.324  56.956 0.0000000000
168437  42.014  13.648  56.945 0.0000000000
168442  44.689  13.768  57.355 0.0000000000
168444  41.697  13.391  56.474 0.0000000000
168450  41.440  13.138  55.989 0.0000000000
168458  39.577  13.930  54.685 0.0000000000
168522  45.218  12.431  50.838 0.0000000000
168523  44.985  12.515  50.783 0.0000000000
168535  45.319  12.502  50.440 0.0000000000
168536  44.705  12.645  50.538 0.0000000000
168547  45.447  12.423  49.993 0.0000000000
168548  45.012  12.627  49.919 0.0000000000
169513  43.914  13.834  59.543 0.0000000000
169516  44.906  13.647  58.643 0.0000000000
169517  44.683  13.910  58.733 0.0000000000
169518  44.235  14.056  59.121 0.0000000000
169521  44.871  14.377  58.443 0.0000000000
169526  44.400  13.832  57.303 0.0000000000
169536  44.114  14.546  57.091 0.0000000000
169539  40.836  14.396  56.322 0.0000000000
169551  40.021  14.085  55.433 0.0000000000
170417  42.061  14.642  62.596 0.0000000000
170419  41.185  14.200  62.537 0.0000000000
170423  42.151  14.989  62.104 0.0000000000
170431  41.386  15.053  61.496 0.0000000000
170441  40.840  15.078  61.101 0.0000000000
170462  40.349  15.205  60.632 0.0000000000
170510  45.254  14.670  57.575 0.0000000000
170513  42.563  14.538  57.181 0.0000000000
170514  42.107  14.409  57.078 0.0000000000
170520  43.838  15.033  56.969 0.0000000000
170522  42.234  14.801  57.006 0.0000000000
170525  40.612  14.890  56.167 0.0000000000
170536  39.167  14.741  55.128 0.0000000000
171372  42.607  15.465  61.271 0.0000000000
171373  42.179  15.466  61.428 0.0000000000
171374  41.688  15.328  61.349 0.0000000000
171383  40.571  15.274  60.713 0.0000000000
171388  43.220  15.134  60.336 0.0000000000
171389  40.779  15.875  60.426 0.0000000000
171448  42.816  15.087  57.047 0.0000000000
171460  40.393  15.498  56.009 0.0000000000
171466  44.101  15.912  56.371 0.0000000000
171468  39.287  15.557  55.425 0.0000000000
172259  42.970  16.101  60.998 0.0000000000
172260  42.460  16.272  61.127 0.0000000000
172262  41.357  15.863  60.862 0.0000000000
172268  41.608  16.531  60.508 0.0000000000
172277  43.540  15.632  59.974 0.0000000000
172319  44.606  16.333  58.469 0.0000000000
172334  43.223  16.175  56.424 0.0000000000
172335  42.649  16.272  56.452 0.0000000000
172338  40.650  15.861  56.150 0.0000000000
172346  43.369  16.526  56.103 0.0000000000
172351  39.053  15.897  55.332 0.0000000000
172355  39.191  16.629  55.174 0.0000000000
173149  43.099  16.618  60.949 0.0000000000
173155  43.651  16.805  60.168 0.0000000000
173164  43.780  16.874  59.756 0.0000000000
173196  44.872  16.798  57.854 0.0000000000
173211  45.304  16.510  57.062 0.0000000000
173217  42.287  16.672  56.369 0.0000000000
173235  44.023  17.425  55.234 0.0000000000
173322  43.734  17.840  42.728 0.0000000000
173331  44.202  17.838  42.181 0.0000000000
173332  43.818  17.677  42.320 0.0000000000
173344  43.937  17.629  41.741 0.0000000000
173350  44.100  17.911  41.366 0.0000000000
173351  44.037  17.680  41.434 0.0000000000
174006  42.247  17.304  60.610 0.0000000000
174020  40.342  17.778  59.349 0.0000000000
174090  40.479  17.892  55.240 0.0000000000
174092  39.313  17.568  54.833 0.0000000000
174183  44.168  18.780  45.353 0.0000000000
174184  43.951  18.672  45.295 0.0000000000
174185  43.558  18.507  45.203 0.0000000000
174189  44.191  18.707  45.065 0.0000000000
174196  44.205  18.549  44.396 0.0000000000
174207  42.842  18.346  43.063 0.0000000000
174208  42.412  18.509  42.578 0.0000000000
174217  43.380  17.892  42.583 0.0000000000
174226  44.359  18.208  41.983 0.0000000000
174229  42.144  18.484  41.213 0.0000000000
174236  44.236  18.173  41.422 0.0000000000
174239  42.215  18.713  40.577 0.0000000000
174240  41.821  18.896  40.493 0.0000000000
174965  41.983  19.017  59.476 0.0000000000
174966  41.571  18.802  59.465 0.0000000000
174972  40.511  18.950  58.802 0.0000000000
175018  44.753  19.105  55.434 0.0000000000
175026  40.426  18.300  54.906 0.0000000000
175054  37.745  18.771  53.415 0.0000000000
175065  37.417  18.921  53.080 0.0000000000
175069  35.120  18.940  52.457 0.0000000000
175139  44.145  19.274  47.645 0.0000000000
175141  43.483  19.287  47.388 0.0000000000
175151  44.318  19.208  47.392 0.0000000000
175152  43.789  19.115  47.073 0.0000000000
175153  43.194  19.086  46.948 0.0000000000
175162  44.671  19.191  47.011 0.0000000000
175178  42.956  18.665  45.453 0.0000000000
175180  41.552  19.317  45.104 0.0000000000
175193  42.060  19.056  44.632 0.0000000000
175196  39.997  19.377  44.343 0.0000000000
175209  41.272  18.958  43.878 0.0000000000
175221  44.274  18.783  43.177 0.0000000000
175222  44.090  19.012  42.742 0.0000000000
175224  42.003  18.720  43.249 0.0000000000
175228  38.470  19.172  43.306 0.0000000000
175235  44.278  18.654  42.399 0.0000000000
175245  44.221  18.645  41.742 0.0000000000
175246  43.798  19.024  41.540 0.0000000000
175247  41.739  18.642  41.856 0.0000000000
175256  44.041  18.584  41.187 0.0000000000
175950  43.227  19.474  59.476 0.0000000000
175958  43.578  19.797  58.791 0.0000000000
175959  41.514  19.698  58.711 0.0000000000
175968  43.905  19.672  57.835 0.0000000000
175971  39.465  19.584  58.038 0.0000000000
176050  36.423  19.229  52.306 0.0000000000
176072  45.180  20.310  50.141 0.0000000000
176076  42.689  20.161  50.687 0.0000000000
176109  44.400  20.318  49.101 0.0000000000
176110  44.060  20.267  48.809 0.0000000000
176112  43.057  19.927  48.575 0.0000000000
176113  42.664  19.899  48.555 0.0000000000
176125  44.867  20.238  48.894 0.0000000000
176127  44.017  20.054  48.414 0.0000000000
176128  43.532  19.873  48.374 0.0000000000
176130  42.539  19.757  48.071 0.0000000000
176162  44.836  19.505  47.468 0.0000000000
176163  44.479  19.327  47.636 0.0000000000
176164  42.700  19.400  47.092 0.0000000000
176166  41.474  19.855  46.750 0.0000000000
176167  40.767  19.914  46.721 0.0000000000
176197  44.869  19.335  45.940 0.0000000000
176200  41.030  19.486  45.564 0.0000000000
176227  44.216  19.291  43.759 0.0000000000
176228  43.735  19.572  43.594 0.0000000000
176230  38.916  19.423  44.328 0.0000000000
176231  38.660  19.376  44.360 0.0000000000
176240  43.694  19.380  42.800 0.0000000000
176251  43.497  19.425  42.061 0.0000000000
176915  42.183  19.712  59.145 0.0000000000
176918  43.260  20.188  58.926 0.0000000000
176919  42.760  20.423  58.839 0.0000000000
176974  43.826  20.669  56.221 0.0000000000
176986  44.647  20.448  53.500 0.0000000000
177003  38.670  19.841  51.329 0.0000000000
177009  45.486  20.469  50.167 0.0000000000
177027  45.489  20.512  49.517 0.0000000000
177050  44.226  20.342  49.013 0.0000000000
177051  43.750  20.257  48.843 0.0000000000
177052  43.311  20.151  48.822 0.0000000000
177069  45.048  20.017  48.205 0.0000000000
177071  43.591  20.096  48.618 0.0000000000
177085  45.220  20.415  48.097 0.0000000000
177087  41.170  20.196  47.823 0.0000000000
177088  40.631  20.284  47.856 0.0000000000
177099  44.559  20.447  46.600 0.0000000000
177107  44.783  20.121  46.400 0.0000000000
177115  43.706  20.309  44.991 0.0000000000
177116  43.286  20.413  44.660 0.0000000000
177125  41.847  20.553  43.769 0.0000000000
177130  43.299  19.950  43.711 0.0000000000
177139  42.529  20.181  42.555 0.0000000000
177776  42.496  20.672  58.642 0.0000000000
177780  42.913  20.796  58.373 0.0000000000
177804  42.747  21.696  57.115 0.0000000000
177862  45.601  20.889  50.254 0.0000000000
177863  45.474  20.906  50.668 0.0000000000
177879  45.303  21.540  48.879 0.0000000000
177895  45.179  20.653  47.885 0.0000000000
177897  44.345  21.296  47.340 0.0000000000
177906  42.747  21.465  46.436 0.0000000000
177912  43.948  20.555  45.993 0.0000000000
177924  41.030  21.393  44.808 0.0000000000
177925  40.634  21.540  44.716 0.0000000000
177931  42.536  20.466  44.349 0.0000000000
177941  41.011  21.115  43.212 0.0000000000
177949  41.358  21.140  42.267 0.0000000000
177951  40.670  21.433  43.063 0.0000000000
177979  42.578  22.213  40.461 0.0000000000
178611  42.374  21.775  57.364 0.0000000000
178666  43.842  21.760  54.438 0.0000000000
178674  44.868  21.482  52.264 0.0000000000
178695  45.615  21.373  49.907 0.0000000000
178696  45.492  21.549  50.157 0.0000000000
178704  45.293  21.807  49.339 0.0000000000
178705  44.860  22.021  48.974 0.0000000000
178718  44.119  22.210  48.118 0.0000000000
178726  44.857  21.611  48.169 0.0000000000
178728  43.785  22.087  47.610 0.0000000000
178739  42.200  21.877  46.720 0.0000000000
178748  42.026  21.683  46.149 0.0000000000
178749  41.427  21.963  46.053 0.0000000000
178758  41.264  21.685  45.409 0.0000000000
178760  40.027  21.987  45.069 0.0000000000
178767  39.824  22.059  44.384 0.0000000000
178779  40.643  21.770  42.533 0.0000000000
178791  40.890  22.027  42.186 0.0000000000
178802  43.240  22.447  41.187 0.0000000000
179481  40.475  22.756  56.187 0.0000000000
179496  42.714  23.047  55.704 0.0000000000
179582  44.837  22.237  49.437 0.0000000000
179584  43.840  22.761  48.950 0.0000000000
179602  43.325  22.456  47.702 0.0000000000
179603  42.750  22.447  47.549 0.0000000000
179604  42.180  22.510  47.371 0.0000000000
179612  41.928  22.262  46.946 0.0000000000
179614  40.761  22.539  46.448 0.0000000000
179615  40.257  22.645  46.248 0.0000000000
179621  40.964  22.217  46.206 0.0000000000
179624  39.318  22.694  45.327 0.0000000000
179666  42.806  22.610  41.783 0.0000000000
179671  39.684  23.629  42.420 0.0000000000
179692  42.953  23.052  40.939 0.0000000000
180337  41.950  23.380  55.844 0.0000000000
180338  41.509  23.341  55.918 0.0000000000
180364  42.291  23.757  55.342 0.0000000000
180386  43.327  23.697  54.273 0.0000000000
180387  43.017  23.732  54.620 0.0000000000
180425  40.886  23.566  51.791 0.0000000000
180426  40.345  23.487  51.852 0.0000000000
180447  38.621  23.103  51.581 0.0000000000
180461  40.999  23.736  50.833 0.0000000000
180462  40.617  23.696  50.811 0.0000000000
180485  38.021  23.507  50.366 0.0000000000
180500  42.803  23.621  48.977 0.0000000000
180501  42.544  23.811  49.359 0.0000000000
180514  43.147  22.880  48.268 0.0000000000
180516  41.794  23.418  47.906 0.0000000000
180533  39.485  23.651  47.015 0.0000000000
180542  40.985  22.754  46.758 0.0000000000
180552  39.374  22.776  45.748 0.0000000000
180585  42.691  23.855  42.465 0.0000000000
180597  41.948  23.395  42.171 0.0000000000
180598  41.240  23.590  42.137 0.0000000000
180599  40.587  23.643  42.159 0.0000000000
180600  40.054  23.875  42.170 0.0000000000
180612  43.179  23.665  41.396 0.0000000000
180613  42.749  23.753  41.045 0.0000000000
181270  41.825  23.968  55.237 0.0000000000
181278  42.550  23.915  54.805 0.0000000000
181280  41.244  24.064  54.536 0.0000000000
181320  41.234  23.699  52.386 0.0000000000
181337  43.213  23.982  51.209 0.0000000000
181374  37.433  24.171  49.305 0.0000000000
181387  42.558  23.601  48.547 0.0000000000
181412  40.423  23.816  47.698 0.0000000000
181431  38.180  23.973  46.827 0.0000000000
181490  42.830  24.354  42.571 0.0000000000
181491  42.061  24.457  42.522 0.0000000000
181493  40.825  24.693  42.264 0.0000000000
181494  39.868  24.735  42.513 0.0000000000
181507  42.903  24.940  41.398 0.0000000000
181509  40.549  24.318  42.202 0.0000000000
181510  39.998  24.378  42.293 0.0000000000
181511  39.740  24.435  42.494 0.0000000000
181522  43.013  24.123  41.218 0.0000000000
182263  37.222  25.057  44.828 0.0000000000
182288  42.389  25.052  42.894 0.0000000000
182291  40.242  25.183  42.541 0.0000000000
182303  40.555  24.817  42.338 0.0000000000
182955  36.022  25.903  45.819 0.0000000000
182969  36.210  26.106  45.257 0.0000000000
182992  41.777  26.340  43.035 0.0000000000
183003  42.804  25.801  42.875 0.0000000000
183006  40.575  25.858  42.700 0.0000000000
183007  39.905  25.816  42.736 0.0000000000
183019  42.694  25.973  41.630 0.0000000000
183625  35.443  26.724  45.562 0.0000000000
183637  36.308  26.576  44.756 0.0000000000
183645  42.402  26.851  43.189 0.0000000000
183646  42.123  26.791  43.206 0.0000000000
183662  42.240  26.231  43.081 0.0000000000
183663  41.254  26.544  43.031 0.0000000000
183664  40.822  26.471  42.902 0.0000000000
183666  39.545  26.359  42.831 0.0000000000
183667  38.961  26.362  42.975 0.0000000000
183678  42.854  26.518  42.530 0.0000000000
183680  42.271  26.951  41.680 0.0000000000
184302  34.957  28.068  45.342 0.0000000000
184315  36.227  27.423  44.497 0.0000000000
184325  42.561  26.911  43.018 0.0000000000
184326  42.518  27.120  43.198 0.0000000000
184330  39.766  27.443  43.209 0.0000000000
184343  42.659  27.590  42.842 0.0000000000
184347  39.298  26.720  42.941 0.0000000000
184359  42.845  27.082  42.397 0.0000000000
184360  42.510  27.564  41.993 0.0000000000
185115  41.543  29.035  43.694 0.0000000000
185916  34.448  29.224  45.493 0.0000000000
185946  41.269  29.068  43.748 0.0000000000
185947  40.849  28.911  43.727 0.0000000000
185948  40.188  28.780  43.672 0.0000000000
186732  41.427  29.808  44.335 0.0000000000
187536  41.890  30.186  44.590 0.0000000000
