#!ascii label  , from subject sub-36 vox2ras=TkReg
1430
95181  19.309  -33.968  69.014 0.0000000000
118255  38.355  -20.065  58.637 0.0000000000
100487  29.455  -30.842  64.481 0.0000000000
80243  7.823  -42.387  79.475 0.0000000000
86158  18.884  -39.035  72.214 0.0000000000
108765  30.097  -25.291  63.537 0.0000000000
81632  14.694  -41.818  74.698 0.0000000000
78994  13.443  -44.181  77.755 0.0000000000
80374  17.532  -42.766  72.343 0.0000000000
120925  42.519  -19.627  58.638 0.0000000000
101754  20.910  -28.988  72.380 0.0000000000
100403  24.121  -30.564  68.406 0.0000000000
97761  23.103  -33.335  70.509 0.0000000000
126947  40.271  -15.151  58.200 0.0000000000
125728  43.917  -15.559  56.272 0.0000000000
119616  33.943  -19.418  61.004 0.0000000000
113998  38.606  -24.577  61.905 0.0000000000
111537  33.795  -24.991  61.611 0.0000000000
103428  34.428  -29.735  64.648 0.0000000000
86168  24.141  -39.509  70.907 0.0000000000
76214  7.093  -45.297  82.259 0.0000000000
74846  2.572  -45.861  84.199 0.0000000000
74779  0.770  -45.050  88.767 0.0000000000
91466  18.675  -36.287  71.545 0.0000000000
80413  21.404  -42.155  70.150 0.0000000000
104763  24.400  -27.499  66.587 0.0000000000
101831  28.449  -31.676  69.310 0.0000000000
130896  46.978  -12.587  56.971 0.0000000000
118253  40.111  -20.375  58.547 0.0000000000
115318  40.649  -22.612  60.071 0.0000000000
99010  19.017  -31.036  70.633 0.0000000000
101841  20.663  -30.704  69.241 0.0000000000
96504  21.446  -33.468  69.434 0.0000000000
122075  37.588  -17.553  59.124 0.0000000000
124403  39.005  -15.783  59.909 0.0000000000
122090  39.401  -17.779  58.107 0.0000000000
122110  40.929  -17.888  57.797 0.0000000000
69363  1.073  -49.197  88.172 0.0000000000
115290  33.585  -22.728  60.700 0.0000000000
114001  31.820  -22.743  62.390 0.0000000000
104839  30.205  -28.288  62.988 0.0000000000
104855  32.254  -28.283  62.758 0.0000000000
101921  32.246  -30.680  64.767 0.0000000000
100415  31.586  -31.176  66.796 0.0000000000
80253  10.367  -43.085  78.794 0.0000000000
78964  12.894  -44.648  79.400 0.0000000000
78953  10.011  -43.953  80.153 0.0000000000
77597  9.327  -45.775  81.947 0.0000000000
78941  7.276  -44.159  80.347 0.0000000000
78891  3.575  -43.393  83.387 0.0000000000
74810  1.284  -45.417  86.264 0.0000000000
88875  18.961  -37.825  71.808 0.0000000000
87575  20.361  -39.342  69.095 0.0000000000
84798  18.849  -40.609  69.678 0.0000000000
79056  18.411  -43.890  74.606 0.0000000000
79053  20.749  -43.655  74.410 0.0000000000
99022  25.476  -32.079  70.391 0.0000000000
100379  26.171  -31.131  68.873 0.0000000000
113990  30.602  -22.810  64.112 0.0000000000
107422  29.555  -24.965  64.924 0.0000000000
106141  28.738  -27.580  64.068 0.0000000000
79059  16.317  -43.471  75.086 0.0000000000
79007  16.059  -44.712  77.509 0.0000000000
80297  13.572  -42.585  76.224 0.0000000000
81588  11.168  -41.600  77.478 0.0000000000
83097  9.068  -40.345  78.863 0.0000000000
84773  17.921  -40.727  70.995 0.0000000000
84761  16.857  -41.033  72.119 0.0000000000
80359  16.232  -42.537  73.481 0.0000000000
103249  22.194  -27.008  72.584 0.0000000000
103322  23.152  -27.713  70.559 0.0000000000
103324  22.232  -29.166  69.965 0.0000000000
99041  23.061  -31.943  69.102 0.0000000000
129563  43.529  -13.274  57.244 0.0000000000
125712  41.867  -15.518  57.310 0.0000000000
123282  43.030  -17.811  57.575 0.0000000000
118238  35.999  -19.977  59.456 0.0000000000
115304  37.951  -23.045  59.847 0.0000000000
115306  36.123  -22.818  59.962 0.0000000000
112770  35.956  -24.798  61.898 0.0000000000
107455  35.941  -26.730  63.226 0.0000000000
110179  31.697  -25.293  61.983 0.0000000000
106153  34.515  -27.918  62.869 0.0000000000
91527  22.229  -36.944  69.089 0.0000000000
91481  22.871  -36.199  70.372 0.0000000000
122069  35.657  -17.841  60.827 0.0000000000
81550  5.951  -41.436  81.253 0.0000000000
77621  5.491  -44.050  81.747 0.0000000000
74872  4.676  -45.540  82.827 0.0000000000
73592  4.822  -47.040  84.295 0.0000000000
72232  2.529  -47.977  85.373 0.0000000000
72218  0.833  -47.580  87.164 0.0000000000
73496  -0.120  -46.317  88.965 0.0000000000
73460  -0.506  -46.328  90.218 0.0000000000
92739  18.738  -35.664  69.817 0.0000000000
88926  21.547  -38.113  68.654 0.0000000000
83253  23.170  -41.102  70.710 0.0000000000
80395  19.304  -43.116  71.276 0.0000000000
103451  26.816  -29.320  64.773 0.0000000000
103360  24.630  -29.323  68.251 0.0000000000
101892  26.273  -30.312  66.610 0.0000000000
100437  28.589  -31.308  66.555 0.0000000000
93857  23.290  -35.147  72.037 0.0000000000
129576  49.651  -13.339  56.301 0.0000000000
128209  45.421  -13.841  56.505 0.0000000000
126982  47.881  -15.000  55.843 0.0000000000
118254  39.210  -20.254  58.515 0.0000000000
118233  40.715  -21.165  59.077 0.0000000000
116693  39.222  -21.623  59.091 0.0000000000
97763  18.438  -32.438  69.815 0.0000000000
97778  20.050  -32.446  68.989 0.0000000000
95180  20.281  -33.972  69.035 0.0000000000
120938  37.669  -18.581  58.651 0.0000000000
122091  38.524  -17.884  58.325 0.0000000000
119650  38.766  -19.420  58.429 0.0000000000
120935  40.038  -18.674  58.208 0.0000000000
69337  0.079  -49.184  89.343 0.0000000000
116636  31.988  -20.955  62.578 0.0000000000
115263  31.582  -21.473  63.315 0.0000000000
103468  30.083  -29.450  63.603 0.0000000000
103467  30.977  -29.285  63.236 0.0000000000
101942  30.743  -30.531  64.350 0.0000000000
100433  31.794  -31.247  66.036 0.0000000000
100453  30.530  -31.476  65.543 0.0000000000
80254  9.421  -42.783  78.865 0.0000000000
80240  10.605  -43.695  79.592 0.0000000000
78954  9.328  -43.661  80.015 0.0000000000
78939  9.252  -44.316  80.532 0.0000000000
80229  7.968  -43.536  79.844 0.0000000000
87536  19.221  -38.568  71.500 0.0000000000
86182  19.215  -39.544  70.007 0.0000000000
86183  18.651  -39.902  70.188 0.0000000000
77740  18.507  -44.474  76.253 0.0000000000
105995  23.196  -25.722  70.905 0.0000000000
99007  26.371  -31.470  70.788 0.0000000000
107444  28.920  -26.372  64.591 0.0000000000
107425  27.958  -26.176  64.983 0.0000000000
80324  15.145  -42.588  74.892 0.0000000000
80309  15.115  -43.282  75.821 0.0000000000
80310  14.353  -42.540  75.558 0.0000000000
83153  11.698  -40.877  76.789 0.0000000000
84624  10.980  -40.248  77.268 0.0000000000
83114  10.306  -40.953  77.805 0.0000000000
84740  17.058  -40.353  72.900 0.0000000000
84721  14.795  -40.895  74.045 0.0000000000
83199  15.366  -41.298  73.559 0.0000000000
81646  15.451  -41.942  73.915 0.0000000000
80343  16.092  -42.854  74.189 0.0000000000
103276  22.398  -27.616  71.707 0.0000000000
103278  21.277  -28.986  71.039 0.0000000000
97776  22.157  -32.957  69.595 0.0000000000
100366  22.289  -31.355  69.179 0.0000000000
97775  23.043  -32.637  69.693 0.0000000000
97741  24.323  -32.780  71.054 0.0000000000
97742  23.818  -33.248  71.158 0.0000000000
125692  39.554  -15.466  58.701 0.0000000000
128199  41.838  -14.213  57.651 0.0000000000
125700  41.306  -15.758  57.629 0.0000000000
120933  41.903  -19.168  58.277 0.0000000000
123283  42.156  -17.407  57.502 0.0000000000
122088  42.487  -18.784  58.148 0.0000000000
119641  34.965  -19.720  59.878 0.0000000000
116680  35.977  -21.255  59.793 0.0000000000
116682  34.411  -20.740  60.231 0.0000000000
112780  33.800  -24.187  61.126 0.0000000000
114013  34.869  -23.744  60.876 0.0000000000
111535  35.046  -24.572  61.539 0.0000000000
110166  35.745  -25.638  62.589 0.0000000000
110167  35.100  -25.653  62.298 0.0000000000
111520  30.364  -24.120  63.489 0.0000000000
111529  31.085  -24.229  62.594 0.0000000000
110180  30.947  -25.128  62.335 0.0000000000
103445  33.311  -29.444  63.789 0.0000000000
106155  33.234  -28.157  62.672 0.0000000000
104815  34.549  -28.714  63.561 0.0000000000
104813  35.428  -28.157  64.089 0.0000000000
88906  23.830  -38.297  69.658 0.0000000000
88891  23.634  -37.742  70.052 0.0000000000
120902  34.289  -18.309  61.927 0.0000000000
120920  34.718  -18.735  60.652 0.0000000000
120927  35.811  -18.410  59.890 0.0000000000
79009  14.215  -43.860  77.172 0.0000000000
78993  14.435  -44.203  78.142 0.0000000000
77598  8.499  -45.361  82.200 0.0000000000
77580  9.693  -45.921  82.837 0.0000000000
76189  8.409  -45.561  83.167 0.0000000000
76169  7.078  -46.023  83.523 0.0000000000
81531  5.284  -41.299  82.146 0.0000000000
80220  5.411  -42.621  81.274 0.0000000000
80211  4.466  -42.634  82.507 0.0000000000
76195  3.125  -44.804  83.385 0.0000000000
76218  3.640  -44.599  82.899 0.0000000000
74860  4.019  -45.845  83.333 0.0000000000
74843  5.261  -46.633  83.726 0.0000000000
73593  3.889  -47.061  84.253 0.0000000000
72247  3.854  -47.637  84.910 0.0000000000
73575  2.861  -47.125  84.677 0.0000000000
74790  0.964  -45.413  87.985 0.0000000000
73544  1.160  -46.732  86.748 0.0000000000
73514  0.824  -45.998  87.742 0.0000000000
72206  -0.127  -47.428  87.752 0.0000000000
74781  0.033  -45.807  88.936 0.0000000000
95102  17.305  -33.919  74.038 0.0000000000
93870  17.989  -34.537  71.838 0.0000000000
91497  19.159  -36.430  70.030 0.0000000000
90263  19.989  -36.601  69.189 0.0000000000
90246  20.012  -37.389  69.558 0.0000000000
83290  20.968  -41.333  68.963 0.0000000000
83305  21.698  -40.779  68.986 0.0000000000
81702  22.336  -42.034  70.557 0.0000000000
83274  17.664  -41.577  70.981 0.0000000000
81728  18.397  -42.062  70.701 0.0000000000
79125  18.731  -43.252  71.771 0.0000000000
79052  21.664  -43.936  74.365 0.0000000000
114026  37.779  -23.676  60.190 0.0000000000
115289  39.387  -23.559  60.738 0.0000000000
113997  39.630  -23.923  61.939 0.0000000000
107409  25.265  -26.601  66.040 0.0000000000
106127  26.082  -27.473  64.924 0.0000000000
104780  25.254  -28.407  65.479 0.0000000000
103343  23.625  -28.844  69.249 0.0000000000
104705  23.668  -28.084  69.569 0.0000000000
103361  24.249  -29.653  68.635 0.0000000000
101832  27.571  -31.569  69.024 0.0000000000
101858  26.303  -30.744  67.907 0.0000000000
101857  27.249  -31.357  68.196 0.0000000000
100438  27.772  -31.071  66.537 0.0000000000
101873  28.532  -31.794  67.917 0.0000000000
100400  29.779  -31.290  67.914 0.0000000000
92692  22.968  -35.869  71.631 0.0000000000
129557  48.268  -13.041  56.839 0.0000000000
126956  43.779  -14.480  56.758 0.0000000000
129562  44.329  -13.285  56.975 0.0000000000
126973  44.894  -15.001  56.120 0.0000000000
125724  46.994  -15.779  55.828 0.0000000000
124467  48.420  -16.325  55.622 0.0000000000
84702  13.982  -40.576  74.821 0.0000000000
83181  13.489  -41.053  75.461 0.0000000000
119647  41.413  -19.883  58.564 0.0000000000
118215  42.446  -20.794  59.736 0.0000000000
118232  41.603  -20.663  59.097 0.0000000000
101756  19.739  -29.737  71.290 0.0000000000
101788  20.220  -29.842  70.227 0.0000000000
100370  19.732  -30.879  69.634 0.0000000000
99044  20.544  -31.730  69.061 0.0000000000
96503  22.142  -33.775  69.895 0.0000000000
124389  38.682  -16.143  60.387 0.0000000000
123247  38.268  -16.703  59.193 0.0000000000
123267  38.658  -16.965  58.535 0.0000000000
124431  39.577  -16.064  58.237 0.0000000000
124429  40.916  -16.436  57.749 0.0000000000
122111  40.136  -17.713  57.948 0.0000000000
120934  40.943  -19.045  58.273 0.0000000000
69362  2.013  -49.801  87.907 0.0000000000
119603  32.859  -19.826  61.821 0.0000000000
116663  33.340  -21.171  60.780 0.0000000000
116648  32.557  -21.191  61.537 0.0000000000
115291  32.969  -22.404  61.005 0.0000000000
112781  32.951  -24.171  61.459 0.0000000000
106156  30.185  -26.751  63.159 0.0000000000
107475  30.936  -26.591  62.430 0.0000000000
104838  31.273  -28.605  62.898 0.0000000000
101958  32.145  -29.627  63.498 0.0000000000
101920  33.133  -30.353  64.609 0.0000000000
101889  32.868  -31.071  66.203 0.0000000000
101850  32.898  -30.670  68.035 0.0000000000
83210  24.791  -41.084  72.935 0.0000000000
80265  11.998  -43.857  78.145 0.0000000000
78980  12.685  -44.238  78.466 0.0000000000
80252  11.293  -43.838  78.921 0.0000000000
78951  11.372  -44.741  79.737 0.0000000000
78937  10.846  -45.144  80.338 0.0000000000
78921  8.656  -44.830  80.974 0.0000000000
77619  7.189  -44.822  81.306 0.0000000000
80189  4.210  -42.180  83.778 0.0000000000
78876  2.813  -43.182  84.783 0.0000000000
77546  2.527  -44.422  85.022 0.0000000000
73596  1.881  -46.046  84.905 0.0000000000
76109  1.893  -44.466  86.322 0.0000000000
76078  1.727  -44.192  88.395 0.0000000000
76066  1.544  -44.067  89.227 0.0000000000
88876  18.956  -37.366  71.361 0.0000000000
88908  19.782  -37.838  69.863 0.0000000000
87560  19.812  -38.936  69.639 0.0000000000
86213  19.427  -40.266  69.210 0.0000000000
81748  20.220  -42.112  69.422 0.0000000000
79090  17.649  -43.393  73.182 0.0000000000
79089  18.488  -43.580  73.085 0.0000000000
79055  19.142  -43.888  74.686 0.0000000000
111517  37.990  -25.478  62.793 0.0000000000
106059  23.969  -26.815  68.255 0.0000000000
99058  25.021  -31.728  68.990 0.0000000000
101835  25.215  -30.882  68.356 0.0000000000
100365  26.033  -31.475  69.604 0.0000000000
100351  26.668  -31.269  70.253 0.0000000000
130880  46.386  -12.121  57.301 0.0000000000
70739  -1.188  -48.287  89.602 0.0000000000
112754  30.267  -23.051  64.571 0.0000000000
110150  29.811  -23.841  64.842 0.0000000000
107442  29.778  -25.612  63.981 0.0000000000
106139  29.664  -26.717  63.892 0.0000000000
106159  29.092  -28.175  63.631 0.0000000000
103470  28.898  -29.360  63.770 0.0000000000
77741  17.614  -44.674  76.328 0.0000000000
77742  17.159  -45.021  76.751 0.0000000000
79021  16.595  -44.541  76.560 0.0000000000
79023  14.876  -43.695  76.545 0.0000000000
80284  13.621  -43.444  76.938 0.0000000000
81611  13.043  -41.730  76.169 0.0000000000
81598  12.635  -42.208  76.635 0.0000000000
80275  11.900  -43.087  77.274 0.0000000000
81575  10.737  -42.368  77.695 0.0000000000
81566  9.336  -41.924  78.498 0.0000000000
81567  8.879  -41.136  78.969 0.0000000000
84772  18.320  -40.155  71.190 0.0000000000
84759  17.665  -40.326  72.030 0.0000000000
84774  17.591  -40.985  71.318 0.0000000000
83232  16.799  -41.398  71.955 0.0000000000
84742  15.732  -40.815  73.196 0.0000000000
83212  16.111  -41.274  72.626 0.0000000000
80375  17.009  -42.480  72.629 0.0000000000
79077  16.991  -43.322  74.186 0.0000000000
79058  16.949  -43.721  75.003 0.0000000000
103247  22.394  -25.940  72.319 0.0000000000
103298  22.341  -26.175  70.988 0.0000000000
103275  22.324  -26.814  71.689 0.0000000000
103323  22.931  -28.676  70.441 0.0000000000
101837  22.898  -29.899  69.076 0.0000000000
101839  21.574  -30.088  69.222 0.0000000000
100384  22.222  -30.623  69.141 0.0000000000
99060  23.402  -31.340  68.858 0.0000000000
99039  24.631  -32.189  69.345 0.0000000000
97740  25.083  -32.418  71.027 0.0000000000
129545  42.726  -13.170  57.695 0.0000000000
128213  42.879  -14.293  57.017 0.0000000000
125710  43.161  -15.722  56.706 0.0000000000
124428  41.575  -16.641  57.594 0.0000000000
124443  42.122  -16.366  57.295 0.0000000000
118237  36.871  -20.112  59.019 0.0000000000
116694  38.307  -21.553  59.205 0.0000000000
116679  36.809  -21.586  59.525 0.0000000000
115305  37.070  -22.993  59.807 0.0000000000
114027  36.845  -23.645  60.326 0.0000000000
115307  35.171  -22.334  60.375 0.0000000000
114012  35.651  -23.991  60.865 0.0000000000
114000  37.076  -24.565  61.692 0.0000000000
111518  37.312  -25.562  62.675 0.0000000000
110149  37.144  -26.024  63.522 0.0000000000
114002  31.233  -22.921  62.843 0.0000000000
112782  32.230  -24.125  61.912 0.0000000000
111538  32.790  -24.858  61.708 0.0000000000
107474  31.852  -26.684  62.180 0.0000000000
107473  32.885  -26.807  62.140 0.0000000000
108772  34.261  -26.343  62.266 0.0000000000
107456  35.570  -27.123  63.215 0.0000000000
92755  20.975  -35.777  68.788 0.0000000000
93928  21.068  -35.368  69.028 0.0000000000
92736  22.160  -36.188  69.515 0.0000000000
90217  23.812  -37.145  71.302 0.0000000000
122077  36.484  -17.933  59.809 0.0000000000
120926  36.644  -18.584  59.229 0.0000000000
81557  7.616  -41.171  79.742 0.0000000000
83081  6.899  -40.658  80.708 0.0000000000
80244  7.234  -41.915  80.009 0.0000000000
80231  6.396  -42.446  80.626 0.0000000000
77641  6.366  -43.965  80.975 0.0000000000
76237  6.519  -44.896  81.792 0.0000000000
77600  4.440  -44.029  82.476 0.0000000000
76239  5.103  -44.569  82.078 0.0000000000
76192  5.806  -45.716  82.573 0.0000000000
74858  5.752  -46.185  83.144 0.0000000000
73591  5.662  -47.006  84.455 0.0000000000
70792  2.476  -49.005  86.140 0.0000000000
72250  1.863  -46.968  85.649 0.0000000000
72233  1.764  -47.531  85.954 0.0000000000
69394  2.020  -49.272  86.717 0.0000000000
70764  0.834  -48.644  87.672 0.0000000000
70750  -0.492  -48.508  88.495 0.0000000000
70737  -0.567  -48.460  88.950 0.0000000000
73478  0.230  -46.012  89.882 0.0000000000
73459  -0.434  -46.409  89.768 0.0000000000
70730  -1.266  -47.747  89.210 0.0000000000
96488  18.144  -33.158  70.160 0.0000000000
96450  17.935  -33.245  71.899 0.0000000000
93910  19.122  -34.808  69.092 0.0000000000
91529  20.500  -36.345  68.823 0.0000000000
90261  21.912  -37.318  68.820 0.0000000000
86208  23.319  -38.944  68.898 0.0000000000
87574  21.304  -39.034  68.860 0.0000000000
86209  22.839  -39.481  69.065 0.0000000000
84783  23.551  -40.123  70.267 0.0000000000
84786  18.235  -40.789  70.199 0.0000000000
81749  19.374  -42.183  69.750 0.0000000000
80393  20.942  -42.829  70.849 0.0000000000
79087  20.069  -43.585  72.700 0.0000000000
79086  20.636  -43.469  72.338 0.0000000000
80355  22.202  -43.286  72.259 0.0000000000
115320  39.250  -22.725  59.711 0.0000000000
106125  27.277  -27.126  64.515 0.0000000000
104817  27.598  -28.767  64.279 0.0000000000
101945  28.133  -30.430  64.548 0.0000000000
106027  23.205  -26.389  70.137 0.0000000000
106058  23.941  -27.373  68.600 0.0000000000
103378  24.929  -28.817  67.303 0.0000000000
101859  25.328  -30.482  68.078 0.0000000000
103377  25.326  -29.698  67.245 0.0000000000
103394  25.321  -29.414  66.589 0.0000000000
101908  26.676  -30.316  66.023 0.0000000000
100473  27.764  -30.904  65.476 0.0000000000
100471  29.149  -31.115  65.066 0.0000000000
100417  29.995  -31.461  67.164 0.0000000000
93894  21.639  -34.648  69.749 0.0000000000
95160  22.111  -34.443  70.275 0.0000000000
96471  23.151  -34.261  71.201 0.0000000000
95113  23.577  -34.824  72.972 0.0000000000
97719  24.006  -34.175  71.695 0.0000000000
130892  49.784  -12.593  57.109 0.0000000000
130898  45.421  -12.597  56.988 0.0000000000
130897  46.243  -12.643  56.849 0.0000000000
126972  45.663  -15.011  55.982 0.0000000000
128228  46.708  -14.411  56.195 0.0000000000
129579  47.457  -13.758  56.434 0.0000000000
128225  48.757  -14.009  56.111 0.0000000000
128238  49.497  -14.196  55.595 0.0000000000
118234  39.677  -21.048  58.798 0.0000000000
118235  38.763  -20.892  58.816 0.0000000000
96507  18.737  -33.106  69.342 0.0000000000
96506  19.667  -33.193  69.043 0.0000000000
119651  37.976  -19.281  58.543 0.0000000000
101943  29.810  -30.222  64.080 0.0000000000
101961  30.378  -30.081  63.906 0.0000000000
100486  30.199  -30.783  64.539 0.0000000000
100469  30.714  -30.969  64.899 0.0000000000
100470  29.953  -31.158  65.003 0.0000000000
80255  8.648  -42.207  78.942 0.0000000000
80242  8.794  -43.175  79.469 0.0000000000
80228  8.744  -43.734  80.127 0.0000000000
86169  18.954  -39.604  70.952 0.0000000000
77723  19.134  -44.639  76.765 0.0000000000
105994  23.238  -25.642  71.493 0.0000000000
80325  14.669  -42.252  75.090 0.0000000000
81619  14.435  -42.076  75.217 0.0000000000
83190  14.670  -41.220  74.265 0.0000000000
81647  14.955  -41.565  74.179 0.0000000000
81631  15.222  -42.164  74.472 0.0000000000
103277  21.938  -28.510  71.593 0.0000000000
103252  21.350  -28.879  71.775 0.0000000000
97760  23.791  -32.885  70.314 0.0000000000
125691  39.785  -15.179  58.600 0.0000000000
126937  39.755  -15.090  58.819 0.0000000000
126936  40.113  -14.829  58.772 0.0000000000
126935  40.569  -14.538  58.645 0.0000000000
128200  41.247  -14.351  58.047 0.0000000000
126946  40.740  -14.860  58.111 0.0000000000
120932  42.699  -19.243  58.458 0.0000000000
122087  43.249  -18.890  58.579 0.0000000000
69392  3.687  -49.425  86.850 0.0000000000
119631  34.195  -19.887  60.398 0.0000000000
118219  34.678  -20.226  60.020 0.0000000000
118220  34.258  -20.323  60.302 0.0000000000
112779  34.642  -24.181  61.180 0.0000000000
111536  34.565  -24.706  61.547 0.0000000000
111527  34.589  -25.205  61.980 0.0000000000
110170  30.385  -24.865  63.076 0.0000000000
111530  30.735  -24.468  62.831 0.0000000000
108776  30.562  -25.808  62.639 0.0000000000
101938  33.616  -29.620  64.036 0.0000000000
103444  34.112  -29.204  63.847 0.0000000000
87559  23.874  -38.904  69.519 0.0000000000
87547  24.168  -38.882  70.226 0.0000000000
86157  24.030  -39.389  71.823 0.0000000000
120911  34.136  -18.954  61.112 0.0000000000
120910  34.449  -18.639  61.047 0.0000000000
119615  34.266  -19.024  60.880 0.0000000000
119630  34.609  -19.170  60.392 0.0000000000
79010  13.651  -43.888  77.248 0.0000000000
77599  7.766  -45.181  81.967 0.0000000000
76213  7.853  -45.315  82.576 0.0000000000
76190  7.445  -45.498  83.170 0.0000000000
81532  4.844  -41.787  82.391 0.0000000000
76170  2.977  -45.250  84.003 0.0000000000
74861  3.510  -45.434  83.560 0.0000000000
74845  3.449  -46.132  83.861 0.0000000000
73594  2.940  -46.811  84.353 0.0000000000
74802  0.802  -45.906  87.657 0.0000000000
74791  0.567  -45.901  88.106 0.0000000000
74792  0.064  -46.139  88.410 0.0000000000
74780  0.345  -45.530  88.953 0.0000000000
93846  17.530  -34.788  73.497 0.0000000000
91467  18.405  -35.701  71.837 0.0000000000
92693  18.192  -35.161  72.172 0.0000000000
91482  18.930  -36.349  70.726 0.0000000000
90247  19.686  -37.039  69.776 0.0000000000
90233  19.250  -36.786  70.422 0.0000000000
81747  21.051  -41.686  69.219 0.0000000000
81746  21.559  -41.458  69.416 0.0000000000
80392  21.810  -42.440  70.693 0.0000000000
80391  22.473  -42.329  70.906 0.0000000000
81704  17.665  -42.104  71.423 0.0000000000
81703  18.134  -42.299  71.157 0.0000000000
80373  18.091  -42.818  71.959 0.0000000000
114010  37.710  -24.311  60.859 0.0000000000
114009  38.762  -23.935  60.815 0.0000000000
106091  24.372  -26.933  66.861 0.0000000000
107392  24.665  -26.394  66.705 0.0000000000
106109  24.716  -27.058  66.263 0.0000000000
104800  25.263  -27.907  65.418 0.0000000000
103414  24.964  -28.434  65.944 0.0000000000
101836  23.390  -29.730  68.965 0.0000000000
101861  23.988  -30.040  68.606 0.0000000000
101856  28.040  -31.844  68.470 0.0000000000
101855  28.874  -31.759  68.664 0.0000000000
101830  29.257  -31.387  69.359 0.0000000000
130878  47.753  -12.045  57.659 0.0000000000
130894  48.366  -12.516  57.321 0.0000000000
130895  47.678  -12.552  57.153 0.0000000000
126975  43.745  -15.180  56.476 0.0000000000
126974  44.112  -14.885  56.426 0.0000000000
86098  13.773  -39.926  75.194 0.0000000000
86079  13.735  -39.179  75.996 0.0000000000
86115  14.374  -39.901  74.655 0.0000000000
118252  40.862  -20.348  58.747 0.0000000000
116691  40.692  -21.829  59.382 0.0000000000
118217  41.053  -21.656  59.507 0.0000000000
100331  19.409  -29.974  71.895 0.0000000000
101771  19.826  -29.876  70.753 0.0000000000
100354  19.456  -30.776  70.103 0.0000000000
96505  20.577  -33.280  69.166 0.0000000000
97777  21.048  -32.654  69.141 0.0000000000
122066  37.364  -17.254  59.693 0.0000000000
123248  37.815  -16.980  59.501 0.0000000000
123266  39.296  -16.826  58.171 0.0000000000
123286  39.880  -16.873  57.928 0.0000000000
119648  40.499  -19.648  58.442 0.0000000000
118185  32.880  -20.462  61.382 0.0000000000
118172  32.342  -20.289  62.200 0.0000000000
115276  31.874  -21.938  62.480 0.0000000000
116649  32.293  -21.795  61.846 0.0000000000
115292  32.361  -22.588  61.780 0.0000000000
114015  32.952  -23.363  61.157 0.0000000000
114016  32.337  -23.396  61.829 0.0000000000
104858  30.305  -27.436  62.955 0.0000000000
104857  30.891  -27.793  62.832 0.0000000000
101941  31.587  -30.295  64.164 0.0000000000
101959  31.654  -29.804  63.563 0.0000000000
101940  32.458  -29.997  63.959 0.0000000000
101905  32.917  -30.855  65.432 0.0000000000
101906  32.429  -30.950  65.228 0.0000000000
100414  32.315  -31.151  66.547 0.0000000000
100397  32.173  -31.006  67.388 0.0000000000
101851  31.882  -30.767  68.271 0.0000000000
119602  33.404  -19.268  61.910 0.0000000000
80266  10.961  -43.270  77.873 0.0000000000
80251  11.842  -44.067  78.715 0.0000000000
80239  11.128  -44.127  79.595 0.0000000000
78952  10.666  -44.419  79.957 0.0000000000
78936  11.626  -45.182  80.534 0.0000000000
78919  10.330  -45.544  80.896 0.0000000000
78938  10.040  -44.866  80.332 0.0000000000
78940  8.326  -44.204  80.466 0.0000000000
78922  7.929  -44.761  80.794 0.0000000000
77618  8.137  -45.099  81.443 0.0000000000
77545  2.575  -43.727  85.293 0.0000000000
77528  2.302  -44.173  85.787 0.0000000000
76129  2.036  -44.733  85.680 0.0000000000
77514  2.176  -43.724  86.701 0.0000000000
90175  18.779  -37.155  73.084 0.0000000000
90176  18.562  -36.781  72.895 0.0000000000
90198  18.678  -36.855  71.995 0.0000000000
88858  18.793  -37.353  72.036 0.0000000000
88892  19.238  -37.952  70.882 0.0000000000
87548  19.434  -38.762  70.468 0.0000000000
86198  18.813  -39.941  69.598 0.0000000000
84814  19.983  -40.712  68.908 0.0000000000
83309  19.341  -40.996  69.465 0.0000000000
79076  17.764  -43.587  74.073 0.0000000000
79075  18.445  -43.713  73.893 0.0000000000
77765  18.801  -43.937  74.961 0.0000000000
107339  24.029  -26.106  68.674 0.0000000000
106045  23.791  -26.568  69.023 0.0000000000
99038  25.314  -32.081  69.597 0.0000000000
99057  25.596  -31.740  69.354 0.0000000000
99037  25.791  -31.775  69.875 0.0000000000
100342  26.796  -31.345  71.074 0.0000000000
100341  27.405  -31.179  71.093 0.0000000000
70740  -1.586  -48.157  89.902 0.0000000000
111513  30.102  -23.677  64.281 0.0000000000
107460  29.878  -26.271  63.724 0.0000000000
107443  29.552  -26.148  64.244 0.0000000000
104841  28.819  -28.723  63.687 0.0000000000
104816  28.211  -28.419  64.017 0.0000000000
79039  16.698  -43.993  75.689 0.0000000000
79020  17.060  -44.386  76.018 0.0000000000
79040  15.876  -43.720  75.848 0.0000000000
80295  14.783  -43.416  76.224 0.0000000000
80296  14.362  -43.261  76.346 0.0000000000
80283  14.143  -43.558  76.772 0.0000000000
83170  13.022  -41.047  75.768 0.0000000000
81621  13.394  -41.374  75.746 0.0000000000
83171  12.560  -41.018  76.100 0.0000000000
81600  11.551  -41.223  77.061 0.0000000000
81599  12.109  -41.607  76.841 0.0000000000
80286  12.238  -42.414  76.957 0.0000000000
81587  11.727  -42.261  77.186 0.0000000000
80276  11.245  -42.546  77.404 0.0000000000
83115  9.860  -40.633  78.083 0.0000000000
81576  10.156  -41.675  77.966 0.0000000000
81577  9.472  -41.086  78.452 0.0000000000
84758  18.150  -39.968  72.421 0.0000000000
84760  17.239  -40.750  71.921 0.0000000000
83256  17.186  -41.351  71.596 0.0000000000
81661  15.602  -41.678  73.344 0.0000000000
83213  15.667  -41.356  73.115 0.0000000000
81660  16.151  -42.023  73.012 0.0000000000
81659  16.763  -42.302  72.788 0.0000000000
80358  16.831  -42.864  73.247 0.0000000000
79078  16.588  -43.339  74.605 0.0000000000
79038  17.363  -44.134  75.627 0.0000000000
103248  22.171  -26.336  72.532 0.0000000000
103274  22.138  -26.206  71.654 0.0000000000
103301  22.481  -28.531  71.068 0.0000000000
103344  22.874  -29.257  69.447 0.0000000000
103345  22.506  -29.475  69.360 0.0000000000
101812  20.450  -30.272  69.521 0.0000000000
101811  20.975  -29.688  69.745 0.0000000000
101840  21.021  -30.383  69.194 0.0000000000
99061  22.780  -31.165  69.047 0.0000000000
100383  22.851  -30.568  68.965 0.0000000000
99040  23.894  -32.067  69.069 0.0000000000
97759  24.524  -32.571  70.096 0.0000000000
125660  39.394  -15.319  60.341 0.0000000000
130868  42.216  -12.179  58.527 0.0000000000
129537  42.182  -12.794  58.292 0.0000000000
128198  42.462  -13.863  57.455 0.0000000000
128214  42.330  -14.400  57.125 0.0000000000
126958  42.707  -14.971  56.935 0.0000000000
125711  42.451  -15.661  57.034 0.0000000000
123285  40.557  -17.076  57.788 0.0000000000
123284  41.321  -17.278  57.670 0.0000000000
123299  42.669  -17.123  57.191 0.0000000000
124442  42.846  -16.504  56.897 0.0000000000
116695  37.320  -21.287  59.238 0.0000000000
116696  36.472  -20.799  59.444 0.0000000000
115324  35.691  -21.931  60.060 0.0000000000
115323  36.491  -22.153  59.731 0.0000000000
116662  34.362  -21.453  60.333 0.0000000000
115308  33.978  -22.411  60.622 0.0000000000
112778  35.532  -24.410  61.429 0.0000000000
112777  36.098  -24.312  61.308 0.0000000000
114011  36.666  -24.205  61.105 0.0000000000
112769  36.518  -24.621  61.820 0.0000000000
111524  36.942  -24.975  62.332 0.0000000000
111525  36.350  -25.150  62.396 0.0000000000
110158  36.115  -25.942  62.942 0.0000000000
110157  36.710  -25.851  63.118 0.0000000000
108755  36.783  -26.396  63.638 0.0000000000
115264  31.257  -21.884  63.916 0.0000000000
113989  30.980  -22.513  63.613 0.0000000000
111540  31.380  -24.690  62.245 0.0000000000
112783  31.573  -24.140  62.253 0.0000000000
111539  32.023  -24.754  61.983 0.0000000000
110178  32.464  -25.440  61.892 0.0000000000
106173  31.375  -27.328  62.551 0.0000000000
106172  32.440  -27.736  62.456 0.0000000000
106154  33.874  -28.136  62.718 0.0000000000
106171  33.434  -27.605  62.443 0.0000000000
107472  34.011  -27.012  62.395 0.0000000000
108773  33.556  -26.295  62.112 0.0000000000
107471  34.515  -26.702  62.514 0.0000000000
107457  34.777  -27.117  62.841 0.0000000000
91528  21.595  -36.507  69.007 0.0000000000
91511  22.030  -36.242  69.293 0.0000000000
91510  22.592  -36.593  69.427 0.0000000000
88873  24.149  -37.922  71.440 0.0000000000
88874  23.825  -37.633  70.714 0.0000000000
122067  36.880  -17.291  60.220 0.0000000000
122068  36.144  -17.695  60.495 0.0000000000
119639  36.196  -19.248  59.329 0.0000000000
119638  36.776  -19.323  58.959 0.0000000000
79006  16.499  -44.808  77.125 0.0000000000
77708  17.585  -45.304  77.924 0.0000000000
77727  16.473  -45.056  77.836 0.0000000000
77596  10.158  -45.698  82.221 0.0000000000
83079  7.998  -40.221  79.686 0.0000000000
83041  5.934  -40.969  81.761 0.0000000000
83061  6.707  -40.458  81.280 0.0000000000
81549  6.379  -41.404  80.793 0.0000000000
81558  6.948  -41.156  80.368 0.0000000000
81548  6.771  -41.958  80.345 0.0000000000
80230  7.069  -42.862  80.122 0.0000000000
78924  5.788  -43.502  81.217 0.0000000000
77620  6.242  -44.280  81.320 0.0000000000
80203  3.646  -42.946  83.682 0.0000000000
80212  4.185  -42.837  82.965 0.0000000000
78906  3.762  -43.719  82.989 0.0000000000
76193  4.335  -45.546  82.938 0.0000000000
76217  4.462  -44.931  82.513 0.0000000000
74871  5.131  -45.637  82.712 0.0000000000
76216  5.377  -45.247  82.208 0.0000000000
72248  2.960  -47.476  84.927 0.0000000000
72230  4.235  -48.102  85.538 0.0000000000
72231  3.402  -48.072  85.386 0.0000000000
70804  2.964  -48.607  85.697 0.0000000000
74818  1.407  -45.777  85.855 0.0000000000
73577  1.868  -46.479  85.274 0.0000000000
73558  1.516  -46.562  86.003 0.0000000000
73545  1.022  -47.180  87.029 0.0000000000
72217  1.215  -47.658  86.657 0.0000000000
70793  1.632  -48.517  86.320 0.0000000000
70794  1.075  -48.311  86.901 0.0000000000
69396  1.111  -48.689  87.112 0.0000000000
70795  0.792  -48.104  87.187 0.0000000000
72180  -1.097  -47.549  88.391 0.0000000000
70766  -0.467  -48.112  87.860 0.0000000000
72179  -0.855  -47.786  88.999 0.0000000000
72178  -0.538  -47.670  89.019 0.0000000000
74750  0.833  -45.920  90.163 0.0000000000
72154  -1.158  -47.068  89.882 0.0000000000
72153  -0.961  -46.992  89.406 0.0000000000
72155  -1.215  -46.968  89.962 0.0000000000
97744  18.214  -32.326  70.696 0.0000000000
92723  18.426  -35.448  70.390 0.0000000000
95147  17.931  -33.866  71.495 0.0000000000
93896  18.174  -34.724  70.440 0.0000000000
95162  18.027  -33.916  70.656 0.0000000000
93911  18.626  -35.082  69.730 0.0000000000
92757  19.698  -35.684  68.903 0.0000000000
92738  19.170  -35.653  69.198 0.0000000000
90262  20.587  -37.287  69.104 0.0000000000
88940  23.012  -38.117  68.506 0.0000000000
87573  22.474  -38.750  68.592 0.0000000000
88927  20.556  -38.423  69.168 0.0000000000
86211  20.944  -39.856  68.842 0.0000000000
83271  22.599  -41.148  69.752 0.0000000000
84811  22.165  -40.306  69.009 0.0000000000
84797  22.756  -40.388  69.344 0.0000000000
86196  23.251  -39.836  69.621 0.0000000000
84784  23.162  -40.415  70.017 0.0000000000
83229  23.888  -41.129  71.676 0.0000000000
83230  23.350  -41.553  71.246 0.0000000000
84785  18.325  -40.257  70.212 0.0000000000
80417  18.842  -42.626  70.945 0.0000000000
81750  18.841  -41.822  70.086 0.0000000000
80416  19.342  -42.536  70.462 0.0000000000
80434  19.676  -42.492  69.966 0.0000000000
80394  20.099  -42.984  70.962 0.0000000000
79074  19.220  -43.768  73.769 0.0000000000
79088  19.256  -43.655  72.881 0.0000000000
79073  20.057  -43.680  73.604 0.0000000000
79072  21.081  -43.547  73.314 0.0000000000
79071  22.066  -43.834  73.515 0.0000000000
80356  21.392  -43.397  72.352 0.0000000000
115334  37.739  -21.872  59.362 0.0000000000
116677  38.941  -22.126  59.375 0.0000000000
115321  38.335  -22.405  59.590 0.0000000000
108746  27.377  -25.834  65.507 0.0000000000
107427  26.563  -26.759  65.071 0.0000000000
104798  26.402  -28.568  64.692 0.0000000000
106143  27.092  -28.255  64.415 0.0000000000
104818  27.050  -28.968  64.563 0.0000000000
103450  27.365  -29.822  64.674 0.0000000000
103321  22.747  -26.828  70.591 0.0000000000
104667  22.863  -26.362  70.618 0.0000000000
104682  23.441  -27.283  70.062 0.0000000000
103342  24.116  -28.786  68.898 0.0000000000
104704  23.947  -28.117  69.020 0.0000000000
104724  24.308  -28.184  68.015 0.0000000000
101834  25.906  -30.966  68.478 0.0000000000
101876  26.408  -30.621  67.152 0.0000000000
103358  25.978  -30.532  67.411 0.0000000000
103376  25.823  -30.292  67.083 0.0000000000
103393  25.733  -29.944  66.721 0.0000000000
103412  25.982  -29.854  66.161 0.0000000000
100457  27.529  -30.932  65.814 0.0000000000
100456  28.095  -31.039  65.860 0.0000000000
100472  28.224  -30.887  65.137 0.0000000000
100455  28.877  -31.184  65.788 0.0000000000
100454  29.682  -31.520  65.647 0.0000000000
100436  29.406  -31.618  66.472 0.0000000000
101853  30.203  -30.945  68.499 0.0000000000
92721  22.394  -36.071  69.987 0.0000000000
93895  21.628  -35.193  69.834 0.0000000000
92722  21.922  -35.660  70.005 0.0000000000
93869  22.967  -35.377  71.610 0.0000000000
93882  22.398  -35.362  70.895 0.0000000000
95145  22.734  -34.710  71.135 0.0000000000
95129  23.314  -34.929  71.761 0.0000000000
96426  23.932  -34.443  72.289 0.0000000000
96425  23.986  -34.017  72.316 0.0000000000
129555  49.374  -12.881  56.950 0.0000000000
130883  43.590  -12.361  57.573 0.0000000000
128210  44.791  -13.859  56.620 0.0000000000
129561  45.071  -13.230  56.755 0.0000000000
129560  46.020  -13.446  56.559 0.0000000000
125742  47.608  -15.458  55.818 0.0000000000
126971  46.463  -15.024  55.980 0.0000000000
126970  47.282  -14.983  56.013 0.0000000000
128227  47.320  -14.334  56.203 0.0000000000
126969  47.625  -14.650  56.011 0.0000000000
129578  48.159  -13.620  56.443 0.0000000000
128226  48.024  -14.323  56.056 0.0000000000
116692  40.060  -21.742  59.135 0.0000000000
116675  40.387  -22.268  59.571 0.0000000000
99025  18.678  -31.657  70.124 0.0000000000
99024  19.102  -31.206  70.037 0.0000000000
99046  18.795  -32.055  69.494 0.0000000000
95179  21.037  -33.997  69.373 0.0000000000
122093  37.477  -18.075  58.926 0.0000000000
122092  37.913  -17.999  58.656 0.0000000000
120937  38.313  -18.647  58.417 0.0000000000
120936  39.110  -18.667  58.269 0.0000000000
119649  39.625  -19.525  58.344 0.0000000000
69350  0.254  -48.888  88.747 0.0000000000
118173  32.162  -20.334  62.870 0.0000000000
118160  32.152  -20.369  63.485 0.0000000000
101960  30.902  -29.967  63.739 0.0000000000
101922  31.486  -30.713  64.644 0.0000000000
100451  32.003  -31.104  65.314 0.0000000000
100468  31.401  -30.964  64.996 0.0000000000
100452  31.260  -31.193  65.506 0.0000000000
100434  31.073  -31.433  66.206 0.0000000000
80241  9.780  -43.309  79.559 0.0000000000
77500  2.277  -43.450  87.453 0.0000000000
77767  18.236  -44.097  75.368 0.0000000000
77754  19.119  -43.992  75.383 0.0000000000
77739  19.154  -44.237  76.105 0.0000000000
106010  23.256  -25.811  70.421 0.0000000000
99009  25.522  -32.133  70.967 0.0000000000
99008  25.916  -31.824  71.053 0.0000000000
107445  28.235  -26.602  64.539 0.0000000000
80323  15.698  -43.197  75.247 0.0000000000
80308  15.550  -43.423  75.610 0.0000000000
80311  13.878  -42.232  75.803 0.0000000000
83152  12.138  -40.959  76.460 0.0000000000
84647  11.461  -40.184  76.903 0.0000000000
83133  11.233  -40.819  77.134 0.0000000000
81589  10.591  -41.244  77.711 0.0000000000
84741  16.443  -40.683  72.770 0.0000000000
84720  15.151  -40.548  73.860 0.0000000000
84743  15.461  -41.001  73.407 0.0000000000
81645  15.960  -42.347  73.619 0.0000000000
80344  15.487  -42.382  74.357 0.0000000000
103250  22.164  -27.832  72.533 0.0000000000
103302  21.768  -28.956  70.647 0.0000000000
100368  21.295  -31.530  69.233 0.0000000000
100367  21.677  -31.482  69.269 0.0000000000
99042  22.288  -32.075  69.304 0.0000000000
97774  23.777  -32.527  69.530 0.0000000000
97717  24.198  -33.198  71.761 0.0000000000
125679  39.395  -15.295  59.525 0.0000000000
128190  40.325  -14.287  59.495 0.0000000000
129546  42.079  -13.510  58.067 0.0000000000
128192  41.463  -13.799  58.351 0.0000000000
126945  41.452  -14.906  57.572 0.0000000000
120948  41.231  -18.546  58.024 0.0000000000
122109  41.817  -18.205  57.861 0.0000000000
122108  42.688  -18.271  57.906 0.0000000000
122107  43.372  -18.384  58.079 0.0000000000
118239  35.392  -20.016  59.671 0.0000000000
116697  35.848  -20.520  59.667 0.0000000000
118218  35.337  -20.569  59.839 0.0000000000
116681  35.091  -21.212  60.124 0.0000000000
115325  35.240  -21.793  60.247 0.0000000000
114014  33.905  -23.304  60.807 0.0000000000
114030  34.456  -23.160  60.744 0.0000000000
111526  35.372  -24.998  61.979 0.0000000000
108763  35.661  -26.359  62.885 0.0000000000
112763  30.420  -23.438  63.800 0.0000000000
114003  30.767  -23.159  63.317 0.0000000000
112772  30.703  -23.830  63.089 0.0000000000
111541  31.033  -24.631  62.497 0.0000000000
104836  32.797  -28.544  62.960 0.0000000000
104835  33.585  -28.654  62.936 0.0000000000
104834  34.232  -28.633  63.154 0.0000000000
104833  34.725  -28.359  63.349 0.0000000000
104814  34.990  -28.530  63.965 0.0000000000
90260  22.774  -37.317  68.992 0.0000000000
90245  23.063  -37.078  69.351 0.0000000000
88907  23.529  -37.775  69.470 0.0000000000
88890  23.987  -38.209  70.512 0.0000000000
120901  34.767  -17.970  62.405 0.0000000000
120909  34.840  -18.066  61.578 0.0000000000
120918  35.682  -18.092  60.434 0.0000000000
120928  35.410  -18.653  60.082 0.0000000000
119640  35.328  -19.131  59.847 0.0000000000
79008  15.177  -44.032  77.464 0.0000000000
78991  15.893  -44.760  78.071 0.0000000000
78992  15.424  -44.598  78.395 0.0000000000
77581  8.997  -45.732  82.683 0.0000000000
77562  9.139  -45.877  83.285 0.0000000000
76168  7.857  -46.202  83.831 0.0000000000
83022  5.479  -40.485  82.450 0.0000000000
81540  5.437  -41.743  81.544 0.0000000000
80232  5.884  -42.075  81.018 0.0000000000
80221  4.975  -42.292  81.854 0.0000000000
78925  4.920  -43.258  81.700 0.0000000000
77582  3.136  -44.037  83.511 0.0000000000
77602  3.516  -44.025  83.056 0.0000000000
76194  3.804  -45.238  83.047 0.0000000000
74859  4.797  -45.980  83.203 0.0000000000
74844  4.360  -46.522  83.691 0.0000000000
73574  4.489  -47.436  84.701 0.0000000000
72264  3.332  -47.295  84.564 0.0000000000
76095  1.285  -44.983  87.519 0.0000000000
74809  1.147  -45.764  86.559 0.0000000000
74801  0.933  -45.931  87.230 0.0000000000
73529  1.061  -46.402  87.042 0.0000000000
73530  0.722  -46.674  87.443 0.0000000000
72205  0.458  -47.508  87.479 0.0000000000
73515  0.317  -46.462  87.942 0.0000000000
74793  -0.156  -46.162  88.405 0.0000000000
73461  -0.740  -46.010  90.458 0.0000000000
92708  18.205  -35.151  71.260 0.0000000000
91498  18.808  -35.960  70.267 0.0000000000
91512  19.418  -36.331  69.416 0.0000000000
84813  20.666  -40.551  68.837 0.0000000000
84812  21.417  -40.383  68.932 0.0000000000
83306  21.116  -40.937  68.940 0.0000000000
83272  21.947  -41.314  69.422 0.0000000000
81723  22.562  -41.590  70.377 0.0000000000
81676  23.420  -42.083  71.537 0.0000000000
81701  22.905  -41.945  70.956 0.0000000000
83254  17.764  -41.044  71.016 0.0000000000
83273  17.945  -41.257  70.730 0.0000000000
81729  17.839  -41.734  70.872 0.0000000000
79034  21.235  -44.056  75.214 0.0000000000
114025  38.338  -23.529  60.179 0.0000000000
115303  38.838  -23.275  60.085 0.0000000000
114008  39.476  -23.756  61.194 0.0000000000
108734  25.269  -26.049  66.455 0.0000000000
107408  25.888  -26.365  65.806 0.0000000000
107428  25.976  -26.826  65.377 0.0000000000
106128  25.434  -27.315  65.469 0.0000000000
104799  25.625  -28.104  65.088 0.0000000000
103431  25.777  -28.862  65.181 0.0000000000
104683  23.574  -28.017  69.932 0.0000000000
101833  26.712  -31.145  68.761 0.0000000000
101875  27.098  -30.975  67.431 0.0000000000
101891  27.026  -30.778  66.574 0.0000000000
101890  27.525  -31.125  67.066 0.0000000000
100419  28.249  -31.505  67.194 0.0000000000
100418  29.134  -31.596  67.430 0.0000000000
101872  29.089  -31.601  68.140 0.0000000000
91465  23.467  -36.610  71.786 0.0000000000
92706  22.771  -35.929  70.875 0.0000000000
92705  23.125  -36.208  71.434 0.0000000000
92691  23.168  -36.082  72.219 0.0000000000
93868  23.084  -35.680  71.992 0.0000000000
129577  48.841  -13.466  56.469 0.0000000000
128212  43.453  -14.109  56.974 0.0000000000
130900  43.969  -12.828  57.193 0.0000000000
128211  44.103  -14.054  56.827 0.0000000000
128231  44.630  -14.437  56.478 0.0000000000
128230  45.232  -14.400  56.327 0.0000000000
124468  47.741  -16.229  55.739 0.0000000000
125741  48.157  -15.646  55.678 0.0000000000
126981  48.501  -15.131  55.658 0.0000000000
125740  48.795  -15.758  55.515 0.0000000000
83191  14.281  -41.134  74.652 0.0000000000
81633  14.218  -41.434  74.982 0.0000000000
83180  13.901  -41.085  75.082 0.0000000000
86099  13.362  -40.200  75.448 0.0000000000
86114  14.981  -39.574  74.456 0.0000000000
84700  14.729  -40.124  74.297 0.0000000000
84701  14.479  -40.566  74.365 0.0000000000
119646  42.095  -19.850  58.640 0.0000000000
119636  42.591  -20.160  59.108 0.0000000000
118231  42.167  -20.505  59.182 0.0000000000
118216  41.579  -21.416  59.824 0.0000000000
101755  20.035  -29.241  71.869 0.0000000000
101769  20.740  -29.128  71.440 0.0000000000
101770  20.208  -29.511  71.030 0.0000000000
100369  20.231  -30.937  69.328 0.0000000000
99045  19.410  -31.462  69.361 0.0000000000
99063  20.689  -31.243  69.179 0.0000000000
99043  21.441  -31.999  69.181 0.0000000000
97762  22.560  -33.536  70.111 0.0000000000
123235  38.176  -16.500  59.967 0.0000000000
124404  38.625  -16.289  59.563 0.0000000000
123268  38.081  -17.317  58.829 0.0000000000
124421  38.591  -16.476  59.014 0.0000000000
124420  38.993  -16.080  58.899 0.0000000000
125702  39.900  -15.483  58.256 0.0000000000
125701  40.533  -15.637  57.922 0.0000000000
124430  40.202  -16.249  57.904 0.0000000000
122089  39.946  -18.098  58.110 0.0000000000
120949  40.574  -18.360  58.036 0.0000000000
69379  2.428  -49.642  87.305 0.0000000000
118184  33.296  -19.935  61.228 0.0000000000
118200  33.828  -20.420  60.597 0.0000000000
118201  33.315  -20.495  60.994 0.0000000000
115309  33.120  -21.800  60.858 0.0000000000
116635  32.239  -20.794  62.081 0.0000000000
107459  30.174  -26.272  63.249 0.0000000000
107476  30.537  -26.416  62.792 0.0000000000
106174  30.466  -26.975  62.873 0.0000000000
104856  31.720  -28.081  62.746 0.0000000000
103466  31.794  -29.248  63.215 0.0000000000
104837  32.072  -28.682  62.995 0.0000000000
103465  32.612  -29.291  63.446 0.0000000000
101939  33.220  -29.866  64.085 0.0000000000
101919  33.799  -29.947  64.354 0.0000000000
101888  33.512  -30.737  66.243 0.0000000000
101870  33.633  -30.433  67.201 0.0000000000
100432  32.418  -31.138  65.829 0.0000000000
101871  32.944  -30.938  66.960 0.0000000000
84756  23.985  -40.064  71.536 0.0000000000
84736  24.212  -40.177  72.397 0.0000000000
80264  12.555  -44.057  77.961 0.0000000000
78995  12.850  -44.125  77.880 0.0000000000
78981  12.123  -44.146  78.623 0.0000000000
78965  11.978  -44.374  79.149 0.0000000000
78966  11.451  -44.251  79.377 0.0000000000
78950  12.215  -44.915  79.960 0.0000000000
78903  9.973  -45.682  81.518 0.0000000000
78920  9.381  -45.446  80.882 0.0000000000
77617  8.750  -45.414  81.446 0.0000000000
80191  3.381  -42.967  84.017 0.0000000000
78881  3.082  -43.466  84.043 0.0000000000
77563  2.774  -44.274  84.364 0.0000000000
76171  2.414  -44.998  84.665 0.0000000000
74847  1.974  -45.582  84.651 0.0000000000
76172  2.128  -45.242  84.807 0.0000000000
76130  1.634  -45.145  85.862 0.0000000000
76131  1.478  -45.137  86.172 0.0000000000
76094  1.921  -44.126  87.403 0.0000000000
76110  1.421  -44.992  86.536 0.0000000000
76079  1.222  -44.669  88.542 0.0000000000
76067  1.119  -44.413  89.317 0.0000000000
91451  18.414  -36.124  72.601 0.0000000000
90218  18.992  -36.829  71.091 0.0000000000
88893  19.310  -37.328  70.457 0.0000000000
86197  19.535  -39.638  69.292 0.0000000000
86212  20.071  -40.035  68.773 0.0000000000
81766  20.475  -41.637  68.978 0.0000000000
81726  20.626  -42.351  69.830 0.0000000000
79109  17.978  -43.347  72.657 0.0000000000
79054  19.908  -43.829  74.478 0.0000000000
79037  19.397  -43.910  75.177 0.0000000000
79036  19.774  -43.898  75.207 0.0000000000
79035  20.441  -43.875  75.153 0.0000000000
112767  38.058  -24.937  62.005 0.0000000000
113988  38.941  -24.787  62.650 0.0000000000
107357  24.174  -26.252  67.970 0.0000000000
106076  24.092  -27.011  67.440 0.0000000000
100381  24.593  -31.026  68.414 0.0000000000
100402  24.342  -30.499  68.331 0.0000000000
100380  25.639  -31.329  68.888 0.0000000000
100364  26.391  -31.191  69.321 0.0000000000
100352  26.101  -31.470  70.020 0.0000000000
101808  27.146  -31.273  69.528 0.0000000000
101807  27.927  -31.448  69.826 0.0000000000
124455  44.141  -16.315  56.208 0.0000000000
113978  30.938  -22.259  64.495 0.0000000000
110159  30.055  -24.430  63.940 0.0000000000
108756  29.826  -24.713  64.465 0.0000000000
106157  29.933  -26.976  63.392 0.0000000000
106158  29.415  -27.755  63.491 0.0000000000
106140  29.419  -26.964  63.994 0.0000000000
104840  29.448  -28.639  63.407 0.0000000000
103469  29.333  -29.286  63.704 0.0000000000
103448  29.147  -29.776  63.905 0.0000000000
77724  18.421  -44.903  76.926 0.0000000000
79022  15.694  -44.016  76.707 0.0000000000
79041  15.385  -43.697  76.211 0.0000000000
79024  14.395  -43.606  76.693 0.0000000000
80273  13.359  -43.870  77.305 0.0000000000
81620  13.931  -41.728  75.486 0.0000000000
81610  13.628  -42.063  75.940 0.0000000000
81612  12.461  -41.330  76.389 0.0000000000
80298  13.018  -42.353  76.464 0.0000000000
80285  12.814  -42.859  76.828 0.0000000000
80274  12.780  -43.771  77.436 0.0000000000
80267  10.344  -42.651  78.049 0.0000000000
81565  9.826  -42.531  78.296 0.0000000000
80256  8.217  -41.562  79.280 0.0000000000
84771  18.551  -39.650  71.888 0.0000000000
83255  17.502  -41.339  71.227 0.0000000000
81705  17.150  -41.638  71.595 0.0000000000
81677  17.381  -42.269  71.982 0.0000000000
83233  16.463  -41.355  72.306 0.0000000000
81679  16.416  -41.631  72.332 0.0000000000
81678  16.962  -42.056  72.201 0.0000000000
80357  17.287  -43.064  72.873 0.0000000000
79091  17.288  -43.321  73.653 0.0000000000
80342  16.627  -43.029  73.852 0.0000000000
79057  17.780  -43.913  74.948 0.0000000000
77756  18.025  -44.214  75.715 0.0000000000
104652  22.693  -25.815  71.260 0.0000000000
103273  22.462  -25.920  71.698 0.0000000000
103299  22.354  -26.820  70.984 0.0000000000
103300  22.644  -27.579  71.112 0.0000000000
101787  20.733  -29.320  70.595 0.0000000000
103303  21.260  -29.233  70.287 0.0000000000
101810  21.575  -29.566  69.570 0.0000000000
100385  21.642  -30.826  69.212 0.0000000000
101838  22.188  -29.798  69.275 0.0000000000
100382  23.631  -30.606  68.596 0.0000000000
99059  24.195  -31.581  68.733 0.0000000000
99023  25.030  -32.330  69.930 0.0000000000
97758  25.054  -32.400  70.349 0.0000000000
130884  42.771  -12.360  57.983 0.0000000000
129544  43.122  -12.761  57.573 0.0000000000
129564  43.010  -13.734  57.280 0.0000000000
126957  43.429  -14.880  56.741 0.0000000000
124441  43.593  -16.712  56.550 0.0000000000
118236  37.851  -20.649  58.882 0.0000000000
115322  37.367  -22.221  59.539 0.0000000000
114029  35.008  -23.175  60.686 0.0000000000
114028  35.849  -23.471  60.401 0.0000000000
113999  37.595  -24.633  61.588 0.0000000000
112768  37.470  -25.061  62.079 0.0000000000
112762  37.852  -25.405  62.476 0.0000000000
111512  37.640  -25.780  63.182 0.0000000000
111519  36.668  -25.477  62.776 0.0000000000
110156  37.280  -25.822  63.205 0.0000000000
115277  31.391  -22.208  63.061 0.0000000000
112771  31.131  -23.612  62.687 0.0000000000
114017  31.695  -23.475  62.285 0.0000000000
108775  31.175  -26.148  62.147 0.0000000000
108774  31.626  -26.163  62.069 0.0000000000
108783  32.093  -26.041  62.002 0.0000000000
108782  32.821  -26.085  62.032 0.0000000000
110177  33.341  -25.575  61.921 0.0000000000
110176  33.952  -25.489  61.982 0.0000000000
110168  34.442  -25.743  62.175 0.0000000000
108764  35.253  -26.729  62.868 0.0000000000
106152  35.080  -27.811  63.375 0.0000000000
107441  35.842  -27.443  63.566 0.0000000000
107440  36.283  -27.093  63.610 0.0000000000
93929  20.499  -35.261  68.919 0.0000000000
93909  19.996  -34.673  68.946 0.0000000000
92737  21.700  -35.723  69.346 0.0000000000
91496  22.931  -36.360  70.033 0.0000000000
91509  23.144  -36.843  69.525 0.0000000000
91495  23.251  -36.699  69.901 0.0000000000
91480  23.282  -36.496  70.725 0.0000000000
122076  37.081  -17.862  59.402 0.0000000000
120939  37.201  -18.423  58.946 0.0000000000
119652  37.243  -19.082  58.751 0.0000000000
118257  37.105  -19.591  58.835 0.0000000000
77710  16.186  -44.909  78.338 0.0000000000
78979  13.652  -44.359  78.810 0.0000000000
81568  8.241  -40.879  79.370 0.0000000000
78943  5.947  -42.843  80.913 0.0000000000
78942  6.410  -43.504  80.695 0.0000000000
77640  6.660  -44.200  80.876 0.0000000000
80201  4.329  -42.491  83.183 0.0000000000
78904  4.504  -43.457  82.284 0.0000000000
77622  4.907  -43.942  82.154 0.0000000000
77601  3.963  -44.110  82.761 0.0000000000
76240  4.740  -44.367  82.324 0.0000000000
76238  5.784  -44.812  81.759 0.0000000000
76215  6.203  -45.386  82.164 0.0000000000
76191  6.578  -45.804  82.882 0.0000000000
74857  6.537  -46.293  83.475 0.0000000000
74842  6.124  -46.622  83.911 0.0000000000
72246  4.593  -47.753  85.177 0.0000000000
70791  3.344  -49.134  86.194 0.0000000000
69393  2.866  -49.440  86.724 0.0000000000
73595  2.204  -46.342  84.610 0.0000000000
73576  2.471  -46.964  84.811 0.0000000000
72249  2.204  -47.268  85.291 0.0000000000
70805  2.224  -48.389  85.804 0.0000000000
69380  1.642  -49.363  87.377 0.0000000000
69381  1.154  -48.910  87.414 0.0000000000
70780  0.555  -48.192  87.447 0.0000000000
70765  0.246  -48.544  87.903 0.0000000000
69364  0.292  -48.749  88.348 0.0000000000
70738  -0.992  -48.215  88.958 0.0000000000
74767  0.795  -44.678  89.795 0.0000000000
74768  0.360  -45.717  89.668 0.0000000000
73479  -0.044  -46.283  89.338 0.0000000000
73448  0.482  -46.004  90.245 0.0000000000
73458  0.070  -46.171  89.905 0.0000000000
72166  -0.799  -47.290  89.044 0.0000000000
72167  -0.935  -47.082  89.017 0.0000000000
103227  22.112  -26.576  73.615 0.0000000000
99011  18.557  -31.533  71.127 0.0000000000
96472  18.007  -33.125  71.136 0.0000000000
95182  18.437  -34.122  69.667 0.0000000000
93930  19.759  -35.297  68.920 0.0000000000
92756  20.182  -35.725  68.778 0.0000000000
88924  23.431  -38.093  68.896 0.0000000000
87571  23.582  -38.753  69.056 0.0000000000
86180  23.816  -39.619  70.026 0.0000000000
86210  21.879  -39.653  68.917 0.0000000000
86181  23.460  -40.084  70.042 0.0000000000
84769  23.781  -40.209  70.852 0.0000000000
86170  18.476  -40.006  70.512 0.0000000000
83293  18.496  -41.282  70.245 0.0000000000
84799  18.602  -40.903  69.978 0.0000000000
83292  19.117  -41.355  69.715 0.0000000000
83291  19.593  -41.807  69.400 0.0000000000
80415  20.220  -42.605  70.119 0.0000000000
79108  18.423  -43.310  72.211 0.0000000000
79107  19.288  -43.498  71.982 0.0000000000
80372  19.667  -43.366  71.711 0.0000000000
79105  20.375  -43.366  71.914 0.0000000000
80370  20.752  -43.228  71.652 0.0000000000
80369  21.659  -43.042  71.548 0.0000000000
116676  39.647  -22.260  59.381 0.0000000000
115319  40.044  -22.750  59.901 0.0000000000
115302  39.694  -23.157  60.390 0.0000000000
113987  39.383  -24.303  63.023 0.0000000000
108745  27.777  -25.840  65.366 0.0000000000
107446  27.777  -26.659  64.606 0.0000000000
106142  27.662  -27.475  64.344 0.0000000000
106126  26.868  -27.431  64.560 0.0000000000
103449  28.343  -29.515  64.020 0.0000000000
101944  28.917  -30.367  64.145 0.0000000000
106009  22.929  -25.815  70.718 0.0000000000
106044  23.663  -26.986  69.449 0.0000000000
106075  24.033  -27.494  67.861 0.0000000000
104744  24.320  -27.937  67.090 0.0000000000
101860  24.585  -30.299  68.255 0.0000000000
103359  25.475  -30.286  67.597 0.0000000000
103395  24.916  -28.645  66.495 0.0000000000
103413  25.450  -29.134  65.820 0.0000000000
103430  26.540  -29.765  65.281 0.0000000000
101907  27.112  -30.736  65.860 0.0000000000
101926  26.928  -30.397  65.599 0.0000000000
103429  27.084  -30.093  65.056 0.0000000000
101924  27.848  -30.614  64.916 0.0000000000
100488  28.759  -30.802  64.606 0.0000000000
100435  30.272  -31.604  66.343 0.0000000000
100416  30.796  -31.283  66.979 0.0000000000
100399  30.517  -31.115  67.765 0.0000000000
100398  31.332  -31.023  67.608 0.0000000000
93908  21.047  -34.788  69.244 0.0000000000
93907  21.331  -34.385  69.523 0.0000000000
93883  21.873  -35.357  70.420 0.0000000000
95161  21.812  -34.907  70.214 0.0000000000
95178  21.655  -34.129  69.651 0.0000000000
96487  22.681  -33.964  70.639 0.0000000000
96486  23.206  -33.871  71.090 0.0000000000
93856  23.310  -35.401  72.476 0.0000000000
95114  23.568  -34.936  72.253 0.0000000000
96427  23.665  -34.770  71.957 0.0000000000
96448  23.893  -34.454  71.688 0.0000000000
97743  23.637  -33.771  71.302 0.0000000000
97718  23.970  -33.726  71.737 0.0000000000
97699  23.971  -33.627  72.247 0.0000000000
130899  44.517  -12.504  57.204 0.0000000000
132266  45.331  -12.082  57.327 0.0000000000
130881  45.814  -12.228  57.216 0.0000000000
125727  44.539  -15.699  56.086 0.0000000000
125725  46.132  -15.762  55.866 0.0000000000
128229  45.986  -14.296  56.260 0.0000000000
129581  46.380  -13.998  56.345 0.0000000000
129559  46.848  -13.225  56.631 0.0000000000
129558  47.570  -13.126  56.738 0.0000000000
128239  48.714  -14.583  55.781 0.0000000000
128224  49.197  -13.752  56.123 0.0000000000
69395  1.366  -48.927  86.912 0.0000000000
70751  -0.993  -48.126  88.327 0.0000000000
70752  -1.075  -47.859  88.115 0.0000000000
70767  -1.010  -48.077  87.992 0.0000000000
70779  0.926  -48.490  87.283 0.0000000000
70781  0.094  -47.991  87.587 0.0000000000
72192  -0.551  -47.558  87.893 0.0000000000
72193  -0.778  -47.436  88.084 0.0000000000
72204  0.691  -47.267  87.370 0.0000000000
72219  0.645  -47.857  87.285 0.0000000000
72265  3.043  -47.204  84.615 0.0000000000
73497  -0.801  -46.616  88.487 0.0000000000
73498  -0.757  -47.123  88.212 0.0000000000
73516  -0.206  -46.864  87.973 0.0000000000
73517  -0.444  -47.057  87.889 0.0000000000
73531  0.168  -46.999  87.781 0.0000000000
73532  -0.178  -47.065  87.912 0.0000000000
74769  -0.030  -45.933  89.050 0.0000000000
74782  -0.333  -46.260  88.441 0.0000000000
74819  1.406  -45.329  86.073 0.0000000000
74830  1.680  -45.688  85.227 0.0000000000
76111  1.380  -45.218  86.287 0.0000000000
76150  2.282  -44.707  85.268 0.0000000000
76151  2.020  -45.156  85.158 0.0000000000
76219  3.298  -44.371  83.158 0.0000000000
77564  2.625  -44.584  84.698 0.0000000000
77725  17.686  -45.223  77.096 0.0000000000
77726  16.835  -45.110  77.341 0.0000000000
77753  19.518  -43.903  75.414 0.0000000000
77755  18.597  -44.138  75.679 0.0000000000
77766  18.503  -44.042  75.146 0.0000000000
78890  3.842  -43.203  83.182 0.0000000000
78905  4.043  -43.355  82.844 0.0000000000
78923  6.195  -43.810  81.061 0.0000000000
79106  20.022  -43.442  72.044 0.0000000000
79124  18.908  -43.222  71.574 0.0000000000
80202  3.938  -42.870  83.368 0.0000000000
80368  22.667  -42.717  71.490 0.0000000000
80371  20.042  -43.265  71.593 0.0000000000
80396  18.414  -42.758  71.447 0.0000000000
80397  17.937  -42.570  71.799 0.0000000000
80414  21.014  -42.432  70.211 0.0000000000
80433  19.859  -42.403  69.747 0.0000000000
81541  5.093  -41.763  81.956 0.0000000000
81559  6.740  -40.923  80.788 0.0000000000
81578  9.253  -40.737  78.744 0.0000000000
81724  21.800  -41.745  69.924 0.0000000000
81725  21.036  -42.121  69.737 0.0000000000
81727  18.955  -42.179  70.198 0.0000000000
81765  20.758  -41.506  68.905 0.0000000000
83062  6.287  -41.107  81.311 0.0000000000
83116  9.416  -40.423  78.502 0.0000000000
83200  15.036  -41.252  73.926 0.0000000000
83211  16.527  -41.154  72.338 0.0000000000
83231  17.207  -41.115  71.655 0.0000000000
83252  23.579  -40.825  71.164 0.0000000000
83288  22.190  -40.940  69.115 0.0000000000
83289  21.490  -41.194  69.143 0.0000000000
83307  20.543  -41.187  68.881 0.0000000000
83308  19.812  -41.361  69.128 0.0000000000
84625  10.580  -40.043  77.689 0.0000000000
84646  11.884  -40.432  76.563 0.0000000000
84667  12.264  -40.449  76.258 0.0000000000
84682  13.568  -40.556  75.206 0.0000000000
84683  13.151  -40.525  75.557 0.0000000000
84770  23.448  -40.487  70.563 0.0000000000
84815  19.515  -40.757  69.295 0.0000000000
86116  14.139  -40.227  74.736 0.0000000000
86195  23.519  -39.282  69.313 0.0000000000
87572  23.212  -38.682  68.751 0.0000000000
87589  23.242  -38.433  68.602 0.0000000000
87590  23.041  -38.532  68.590 0.0000000000
88857  18.825  -37.535  72.550 0.0000000000
88909  19.635  -37.400  70.046 0.0000000000
88923  23.764  -38.524  69.212 0.0000000000
88925  22.587  -37.922  68.548 0.0000000000
88939  23.359  -38.305  68.676 0.0000000000
90151  18.705  -36.836  73.462 0.0000000000
90197  18.707  -37.142  72.509 0.0000000000
90232  23.556  -37.144  70.367 0.0000000000
90244  23.386  -37.235  69.673 0.0000000000
90259  23.271  -37.490  69.243 0.0000000000
91452  18.320  -35.593  72.406 0.0000000000
91483  18.569  -35.829  71.002 0.0000000000
91513  18.953  -36.067  69.680 0.0000000000
91530  19.775  -36.079  68.940 0.0000000000
92681  18.097  -35.377  72.963 0.0000000000
92707  22.245  -35.713  70.439 0.0000000000
93884  18.049  -34.449  71.142 0.0000000000
95130  17.781  -33.881  72.267 0.0000000000
95146  22.102  -34.941  70.659 0.0000000000
96449  23.529  -34.587  71.597 0.0000000000
96470  23.624  -34.220  71.393 0.0000000000
97700  24.108  -34.066  72.049 0.0000000000
97773  24.233  -32.412  69.450 0.0000000000
97779  19.173  -32.439  69.157 0.0000000000
97780  18.740  -32.499  69.414 0.0000000000
99020  26.343  -31.375  70.471 0.0000000000
99021  26.069  -31.573  70.398 0.0000000000
99062  21.000  -31.521  69.179 0.0000000000
100343  19.370  -30.276  70.910 0.0000000000
100353  19.950  -30.466  69.848 0.0000000000
100386  21.075  -31.078  69.210 0.0000000000
100387  20.650  -30.974  69.206 0.0000000000
100401  29.364  -31.433  68.026 0.0000000000
100420  27.833  -31.315  67.126 0.0000000000
100439  27.341  -30.906  66.145 0.0000000000
100450  32.465  -31.046  65.453 0.0000000000
100467  31.803  -30.910  64.908 0.0000000000
100485  30.548  -30.765  64.594 0.0000000000
101789  19.722  -30.202  70.342 0.0000000000
101809  21.884  -29.420  69.656 0.0000000000
101854  29.498  -31.325  68.565 0.0000000000
101874  27.748  -31.556  67.606 0.0000000000
101923  31.087  -30.801  64.719 0.0000000000
101925  27.364  -30.552  65.219 0.0000000000
101946  27.673  -30.414  64.821 0.0000000000
103325  21.654  -29.293  69.985 0.0000000000
103326  21.349  -29.431  69.879 0.0000000000
103411  34.609  -29.858  65.262 0.0000000000
103446  32.896  -29.629  63.867 0.0000000000
103447  29.603  -29.676  63.893 0.0000000000
103463  33.849  -28.917  63.309 0.0000000000
103464  33.387  -29.039  63.365 0.0000000000
104745  24.242  -27.360  66.977 0.0000000000
104762  24.515  -28.042  66.267 0.0000000000
104781  24.934  -27.755  65.828 0.0000000000
104782  24.596  -27.596  66.206 0.0000000000
106108  25.073  -27.189  65.888 0.0000000000
106138  35.365  -27.968  63.822 0.0000000000
106151  35.561  -27.651  63.573 0.0000000000
106170  34.058  -27.632  62.603 0.0000000000
106175  30.230  -27.136  63.060 0.0000000000
107391  24.989  -26.278  66.453 0.0000000000
107410  24.883  -26.572  66.344 0.0000000000
107426  27.340  -26.565  64.885 0.0000000000
107429  25.634  -26.775  65.659 0.0000000000
107458  34.342  -27.418  62.703 0.0000000000
107488  32.543  -26.354  62.072 0.0000000000
107489  32.340  -26.482  62.094 0.0000000000
108715  25.483  -25.664  66.766 0.0000000000
108716  25.021  -25.904  66.851 0.0000000000
108717  24.703  -25.955  67.117 0.0000000000
108744  28.101  -25.791  65.339 0.0000000000
108747  26.869  -26.092  65.482 0.0000000000
108762  36.242  -26.387  63.225 0.0000000000
108770  35.372  -25.986  62.591 0.0000000000
108771  34.952  -26.338  62.529 0.0000000000
108784  31.389  -25.752  62.008 0.0000000000
108785  30.960  -25.712  62.194 0.0000000000
110165  36.305  -25.578  62.787 0.0000000000
110169  33.925  -25.888  62.096 0.0000000000
111528  34.204  -25.331  61.976 0.0000000000
112744  30.313  -22.793  65.294 0.0000000000
115335  37.405  -21.791  59.385 0.0000000000
116661  34.969  -21.706  60.275 0.0000000000
116678  37.209  -21.728  59.425 0.0000000000
118214  43.102  -20.697  59.993 0.0000000000
118240  35.068  -20.140  59.811 0.0000000000
118256  37.554  -19.816  58.712 0.0000000000
119588  32.882  -19.573  62.599 0.0000000000
119629  35.009  -18.896  60.244 0.0000000000
119637  41.981  -20.242  58.885 0.0000000000
120903  33.923  -18.794  61.520 0.0000000000
120919  35.153  -18.462  60.564 0.0000000000
120950  40.182  -18.212  58.104 0.0000000000
122112  39.670  -17.305  58.014 0.0000000000
124456  43.637  -15.945  56.395 0.0000000000
125703  39.641  -15.654  58.369 0.0000000000
125729  43.571  -15.449  56.522 0.0000000000
126930  39.694  -15.040  59.081 0.0000000000
126959  42.058  -14.927  57.175 0.0000000000
126983  47.592  -15.143  55.890 0.0000000000
128240  48.282  -14.751  55.823 0.0000000000
129556  48.938  -12.978  56.899 0.0000000000
129580  46.793  -13.862  56.399 0.0000000000
