#!ascii label  , from subject sub-36 vox2ras=TkReg
1076
65151  25.246  -51.439  82.492 0.0000000000
104545  34.716  -29.153  78.171 0.0000000000
107197  43.467  -27.148  76.391 0.0000000000
98754  27.657  -31.500  85.767 0.0000000000
74867  28.479  -45.187  81.759 0.0000000000
68063  28.710  -49.790  81.297 0.0000000000
107190  38.450  -27.052  78.082 0.0000000000
105815  36.576  -27.920  82.083 0.0000000000
93701  25.012  -34.788  84.360 0.0000000000
80178  29.572  -42.386  83.931 0.0000000000
118065  49.934  -20.572  68.512 0.0000000000
111352  44.976  -24.826  72.654 0.0000000000
100192  26.945  -31.255  81.193 0.0000000000
104463  30.809  -29.261  82.564 0.0000000000
69436  27.138  -49.052  81.482 0.0000000000
66615  27.266  -50.753  81.904 0.0000000000
104543  36.648  -28.621  78.206 0.0000000000
107131  37.765  -27.334  80.293 0.0000000000
105874  35.390  -27.943  80.319 0.0000000000
89962  28.647  -37.671  85.206 0.0000000000
74850  30.358  -45.770  82.406 0.0000000000
77569  29.206  -43.871  82.457 0.0000000000
77567  31.288  -44.320  82.612 0.0000000000
116505  48.740  -21.160  69.909 0.0000000000
112638  48.751  -23.140  69.315 0.0000000000
112619  48.233  -22.962  70.974 0.0000000000
108493  42.026  -26.543  75.423 0.0000000000
108560  43.212  -25.966  72.859 0.0000000000
109911  44.503  -25.912  74.236 0.0000000000
107263  44.620  -26.433  72.635 0.0000000000
105955  43.735  -27.765  73.966 0.0000000000
97463  26.048  -32.540  85.630 0.0000000000
98820  25.171  -32.295  83.199 0.0000000000
100121  26.570  -30.656  84.586 0.0000000000
101565  28.961  -30.187  82.365 0.0000000000
102952  29.420  -29.259  85.415 0.0000000000
102948  31.784  -30.184  84.615 0.0000000000
98792  29.995  -31.407  84.885 0.0000000000
72286  28.823  -47.798  82.569 0.0000000000
107230  39.730  -27.310  75.172 0.0000000000
108444  40.912  -26.650  77.743 0.0000000000
104513  39.912  -28.251  79.598 0.0000000000
101585  38.212  -29.459  80.774 0.0000000000
85929  26.940  -39.042  84.400 0.0000000000
88587  26.951  -37.502  85.286 0.0000000000
92520  26.361  -35.067  85.259 0.0000000000
94924  26.988  -33.847  84.864 0.0000000000
96231  28.258  -32.635  84.409 0.0000000000
82962  28.074  -40.327  83.357 0.0000000000
82911  29.061  -40.650  84.776 0.0000000000
116563  49.414  -20.623  66.340 0.0000000000
113843  45.695  -23.070  71.831 0.0000000000
109984  46.179  -24.684  71.537 0.0000000000
108630  44.487  -25.726  70.241 0.0000000000
104504  33.401  -28.745  80.427 0.0000000000
105800  33.404  -28.511  82.840 0.0000000000
101532  34.103  -30.059  83.075 0.0000000000
63769  25.248  -52.234  81.925 0.0000000000
65164  25.996  -51.440  81.951 0.0000000000
65174  26.525  -51.531  81.564 0.0000000000
104544  35.665  -28.911  78.216 0.0000000000
104527  35.959  -28.267  79.173 0.0000000000
104528  34.989  -28.771  79.064 0.0000000000
76175  31.138  -44.859  82.397 0.0000000000
118000  47.686  -20.971  69.928 0.0000000000
115134  48.257  -21.784  70.791 0.0000000000
115122  47.705  -21.780  71.043 0.0000000000
109880  42.841  -26.124  75.969 0.0000000000
109913  43.434  -25.876  74.864 0.0000000000
108474  44.219  -26.397  75.708 0.0000000000
107245  44.570  -26.746  74.246 0.0000000000
98756  26.618  -32.009  86.065 0.0000000000
100108  25.828  -31.563  85.351 0.0000000000
101470  27.295  -30.896  85.903 0.0000000000
101501  27.707  -29.874  85.297 0.0000000000
101468  28.501  -30.477  86.241 0.0000000000
101482  29.573  -30.297  85.921 0.0000000000
98767  28.834  -31.189  85.740 0.0000000000
70833  28.259  -48.240  82.332 0.0000000000
69433  29.147  -48.614  82.049 0.0000000000
72300  30.147  -47.808  81.942 0.0000000000
105929  38.478  -28.000  76.728 0.0000000000
105939  38.847  -28.109  75.481 0.0000000000
107202  39.256  -27.316  76.823 0.0000000000
107200  40.326  -26.642  76.733 0.0000000000
107169  39.817  -26.835  78.032 0.0000000000
107147  40.535  -26.937  78.325 0.0000000000
107170  39.082  -26.846  78.505 0.0000000000
107105  37.172  -27.583  81.380 0.0000000000
105831  38.199  -28.049  81.225 0.0000000000
104475  37.202  -28.337  81.863 0.0000000000
101587  37.233  -29.924  81.302 0.0000000000
101561  36.317  -29.458  81.914 0.0000000000
85906  27.771  -39.126  85.306 0.0000000000
87299  26.943  -38.346  85.185 0.0000000000
88568  27.868  -38.204  86.009 0.0000000000
91326  27.224  -36.313  84.916 0.0000000000
93677  26.507  -34.247  85.358 0.0000000000
80199  29.194  -42.741  82.947 0.0000000000
81519  29.003  -41.905  82.798 0.0000000000
81508  28.809  -41.508  83.530 0.0000000000
81498  28.333  -40.556  84.201 0.0000000000
81496  29.223  -41.751  84.078 0.0000000000
119456  49.330  -19.606  68.526 0.0000000000
116533  50.124  -20.917  67.222 0.0000000000
111396  47.470  -23.715  69.518 0.0000000000
109968  44.341  -25.047  72.445 0.0000000000
109985  43.538  -25.282  71.604 0.0000000000
111372  44.348  -24.453  71.929 0.0000000000
112621  45.016  -23.397  71.571 0.0000000000
111363  45.237  -24.266  72.513 0.0000000000
111361  46.653  -23.917  72.329 0.0000000000
111350  45.728  -24.638  72.558 0.0000000000
105987  44.301  -26.798  71.882 0.0000000000
107285  44.400  -26.247  71.320 0.0000000000
91348  25.081  -36.113  83.786 0.0000000000
93717  24.899  -34.659  83.404 0.0000000000
98845  25.488  -31.736  81.890 0.0000000000
97588  25.035  -32.815  80.432 0.0000000000
103020  29.968  -29.542  82.603 0.0000000000
103047  29.972  -30.061  81.299 0.0000000000
103031  30.791  -29.471  81.883 0.0000000000
103044  32.026  -29.417  80.401 0.0000000000
104492  32.391  -29.087  81.103 0.0000000000
104476  33.168  -28.496  81.821 0.0000000000
105822  31.938  -29.029  82.393 0.0000000000
101516  31.755  -30.503  84.179 0.0000000000
102963  33.063  -29.735  83.589 0.0000000000
101552  33.041  -30.914  82.933 0.0000000000
100151  34.121  -30.752  82.555 0.0000000000
68039  27.282  -49.846  82.323 0.0000000000
66587  28.015  -50.373  81.648 0.0000000000
68085  28.543  -50.080  80.602 0.0000000000
65172  27.771  -50.969  80.898 0.0000000000
104541  37.818  -28.016  77.923 0.0000000000
107171  38.312  -27.010  78.916 0.0000000000
105871  36.971  -27.337  79.409 0.0000000000
107133  36.569  -27.265  80.667 0.0000000000
107107  36.053  -27.411  81.741 0.0000000000
74824  28.910  -45.761  82.507 0.0000000000
76201  28.908  -44.346  81.954 0.0000000000
76155  29.710  -44.850  82.921 0.0000000000
78865  29.963  -44.186  83.396 0.0000000000
80177  29.870  -42.878  83.784 0.0000000000
81494  30.331  -42.524  83.923 0.0000000000
80186  31.080  -42.965  83.174 0.0000000000
116504  49.245  -20.787  69.351 0.0000000000
115156  49.323  -21.632  68.696 0.0000000000
115145  48.846  -21.913  69.882 0.0000000000
112628  48.366  -22.914  69.871 0.0000000000
110000  47.461  -23.524  70.788 0.0000000000
107248  41.747  -26.800  74.122 0.0000000000
108523  42.338  -26.462  74.184 0.0000000000
109933  43.628  -25.907  74.120 0.0000000000
109931  44.717  -25.711  73.460 0.0000000000
109949  45.082  -25.271  72.689 0.0000000000
108521  44.714  -26.215  73.872 0.0000000000
105965  44.404  -27.032  72.921 0.0000000000
94925  25.394  -33.997  85.173 0.0000000000
96220  25.363  -33.718  84.025 0.0000000000
98794  25.346  -32.241  84.488 0.0000000000
100138  25.784  -31.242  84.167 0.0000000000
100169  26.432  -30.975  82.689 0.0000000000
100180  27.954  -30.638  82.216 0.0000000000
101537  27.771  -30.008  83.880 0.0000000000
102989  28.604  -29.594  83.988 0.0000000000
102987  29.927  -29.151  84.089 0.0000000000
104433  31.577  -29.246  83.326 0.0000000000
102950  30.757  -29.409  85.166 0.0000000000
101498  30.946  -30.186  85.118 0.0000000000
98791  30.799  -31.390  84.314 0.0000000000
70846  27.492  -47.780  81.189 0.0000000000
73611  27.602  -46.890  81.789 0.0000000000
73584  27.898  -46.253  82.073 0.0000000000
72268  29.580  -47.067  82.558 0.0000000000
72284  30.535  -47.180  81.965 0.0000000000
107228  41.051  -26.752  75.311 0.0000000000
108478  41.765  -26.589  76.054 0.0000000000
108452  42.097  -26.972  77.232 0.0000000000
107167  41.059  -27.549  78.144 0.0000000000
104524  40.620  -28.657  78.788 0.0000000000
103071  39.782  -29.132  79.591 0.0000000000
105857  38.944  -27.602  80.121 0.0000000000
104501  38.979  -28.239  80.332 0.0000000000
85949  26.273  -38.779  82.942 0.0000000000
88603  25.906  -37.795  83.531 0.0000000000
89978  25.791  -37.007  84.609 0.0000000000
91337  25.714  -36.156  84.770 0.0000000000
89956  27.793  -37.603  85.643 0.0000000000
91327  26.558  -35.925  85.188 0.0000000000
92522  25.857  -34.914  85.277 0.0000000000
93666  26.199  -34.039  85.784 0.0000000000
94900  26.697  -33.615  85.710 0.0000000000
96190  27.371  -32.836  85.593 0.0000000000
97489  28.017  -32.413  85.248 0.0000000000
94938  27.423  -33.358  84.339 0.0000000000
84461  27.536  -39.814  83.649 0.0000000000
84421  28.072  -40.022  85.088 0.0000000000
84419  29.041  -40.198  85.180 0.0000000000
82959  30.559  -41.457  83.958 0.0000000000
82934  30.326  -40.644  84.564 0.0000000000
119511  49.608  -19.624  65.915 0.0000000000
115124  46.150  -22.408  71.065 0.0000000000
113841  47.129  -22.703  72.011 0.0000000000
109963  47.479  -23.712  71.447 0.0000000000
110002  46.616  -24.604  70.633 0.0000000000
108558  45.560  -25.260  71.850 0.0000000000
108605  45.136  -25.365  70.777 0.0000000000
108629  45.345  -24.938  69.995 0.0000000000
96263  24.663  -33.328  82.237 0.0000000000
104518  32.726  -29.364  79.168 0.0000000000
104529  34.085  -28.976  78.853 0.0000000000
104503  34.322  -28.350  80.760 0.0000000000
105834  34.449  -27.803  81.935 0.0000000000
105798  35.088  -28.085  82.932 0.0000000000
105762  32.714  -29.516  83.085 0.0000000000
104429  34.137  -29.164  83.397 0.0000000000
104447  35.420  -28.756  82.797 0.0000000000
101563  35.367  -30.114  82.576 0.0000000000
97502  29.128  -32.203  84.811 0.0000000000
97515  30.003  -32.088  84.037 0.0000000000
65165  25.439  -51.838  82.235 0.0000000000
63770  24.808  -52.469  82.350 0.0000000000
63759  25.135  -52.115  82.425 0.0000000000
104559  35.237  -29.225  77.337 0.0000000000
116481  47.405  -21.607  70.611 0.0000000000
116482  47.158  -21.699  70.493 0.0000000000
108464  43.343  -26.666  76.540 0.0000000000
108476  43.459  -26.036  76.386 0.0000000000
108463  43.665  -26.838  76.221 0.0000000000
107226  43.969  -27.161  75.197 0.0000000000
105926  43.598  -27.667  75.554 0.0000000000
98755  27.133  -31.818  86.016 0.0000000000
100080  26.842  -31.385  85.981 0.0000000000
100079  27.444  -31.166  85.883 0.0000000000
101469  27.834  -30.626  86.096 0.0000000000
100078  28.085  -30.938  85.950 0.0000000000
100077  28.717  -30.837  86.024 0.0000000000
98753  28.310  -31.195  85.742 0.0000000000
68037  28.727  -49.166  81.965 0.0000000000
69434  28.491  -48.835  82.197 0.0000000000
66586  28.954  -49.124  81.870 0.0000000000
66631  29.578  -49.468  80.825 0.0000000000
105900  38.642  -27.378  77.361 0.0000000000
105913  38.785  -27.725  76.806 0.0000000000
107201  39.824  -26.914  76.746 0.0000000000
107189  39.275  -26.976  77.545 0.0000000000
105833  37.066  -27.811  81.715 0.0000000000
103029  36.883  -29.094  81.924 0.0000000000
104458  36.430  -28.489  82.221 0.0000000000
85904  28.561  -39.159  85.399 0.0000000000
87285  27.734  -38.785  85.729 0.0000000000
87283  28.335  -38.769  85.841 0.0000000000
80188  29.347  -42.704  83.499 0.0000000000
81518  29.119  -42.356  82.915 0.0000000000
81507  29.045  -42.125  83.318 0.0000000000
81520  28.550  -41.221  83.119 0.0000000000
81497  28.744  -41.095  84.088 0.0000000000
118045  49.990  -20.090  68.404 0.0000000000
119480  49.634  -19.551  68.189 0.0000000000
118064  50.348  -20.329  68.031 0.0000000000
118074  50.404  -20.360  67.295 0.0000000000
116525  50.216  -20.859  67.690 0.0000000000
109950  44.497  -25.352  72.851 0.0000000000
111365  44.244  -24.857  72.176 0.0000000000
111364  44.634  -24.595  72.383 0.0000000000
112613  44.868  -23.906  72.170 0.0000000000
111362  45.944  -24.306  72.409 0.0000000000
111351  45.460  -24.697  72.629 0.0000000000
106003  43.795  -26.971  71.265 0.0000000000
107286  44.023  -26.654  71.179 0.0000000000
92569  24.867  -35.429  83.982 0.0000000000
92570  24.779  -35.150  83.603 0.0000000000
93702  24.995  -34.523  83.882 0.0000000000
100193  26.336  -31.435  81.282 0.0000000000
98868  26.033  -31.915  80.471 0.0000000000
103019  30.522  -29.322  82.666 0.0000000000
104479  30.938  -29.294  82.219 0.0000000000
104493  31.696  -29.237  81.399 0.0000000000
104478  31.580  -29.148  81.900 0.0000000000
104461  32.346  -28.731  82.382 0.0000000000
104462  31.852  -28.967  82.525 0.0000000000
100134  32.112  -31.061  83.560 0.0000000000
101534  32.776  -30.668  83.500 0.0000000000
100153  32.586  -31.066  83.065 0.0000000000
98816  32.849  -31.135  82.574 0.0000000000
66589  26.982  -50.469  82.173 0.0000000000
68040  26.879  -50.159  82.253 0.0000000000
66588  27.597  -50.362  82.006 0.0000000000
66614  27.683  -50.778  81.567 0.0000000000
66635  27.807  -50.859  81.114 0.0000000000
65162  27.361  -50.958  81.676 0.0000000000
104558  36.303  -29.015  77.168 0.0000000000
104576  37.145  -28.791  76.397 0.0000000000
104557  37.311  -28.618  77.400 0.0000000000
104556  37.910  -28.186  77.589 0.0000000000
104542  37.467  -28.131  78.212 0.0000000000
105902  37.675  -27.732  78.374 0.0000000000
104525  37.222  -27.991  78.583 0.0000000000
105873  35.809  -27.870  79.904 0.0000000000
105872  36.411  -27.559  79.714 0.0000000000
105858  36.203  -27.460  80.294 0.0000000000
107134  36.088  -27.385  80.822 0.0000000000
107121  35.734  -27.457  81.282 0.0000000000
74834  29.883  -45.675  82.669 0.0000000000
74835  29.182  -45.343  82.643 0.0000000000
74833  30.164  -45.527  82.622 0.0000000000
77548  31.165  -44.251  82.750 0.0000000000
76113  30.770  -44.890  82.941 0.0000000000
78872  30.545  -43.943  83.103 0.0000000000
78873  30.072  -43.591  83.498 0.0000000000
78878  30.978  -43.707  82.998 0.0000000000
80176  30.586  -43.163  83.551 0.0000000000
118048  47.977  -20.291  69.191 0.0000000000
119432  48.410  -20.159  69.190 0.0000000000
118047  49.182  -20.012  69.059 0.0000000000
118027  48.816  -20.361  69.414 0.0000000000
115144  49.110  -21.591  69.335 0.0000000000
113861  48.499  -22.377  70.751 0.0000000000
113860  48.712  -22.443  70.180 0.0000000000
112629  48.374  -22.850  70.434 0.0000000000
111381  47.696  -23.202  70.278 0.0000000000
108524  41.923  -26.673  74.496 0.0000000000
107247  42.075  -26.632  73.995 0.0000000000
109912  44.045  -25.688  74.549 0.0000000000
109932  44.238  -25.819  73.752 0.0000000000
105945  43.948  -27.586  74.194 0.0000000000
107246  44.344  -27.231  73.924 0.0000000000
105966  44.112  -27.375  73.144 0.0000000000
105978  44.033  -27.286  72.593 0.0000000000
104617  43.658  -27.613  73.149 0.0000000000
96192  25.719  -33.147  85.205 0.0000000000
97476  25.683  -32.953  85.016 0.0000000000
97475  25.798  -32.606  85.277 0.0000000000
100107  26.214  -31.036  85.138 0.0000000000
100123  25.636  -31.282  84.859 0.0000000000
100122  26.154  -30.968  84.711 0.0000000000
100156  26.018  -31.084  83.469 0.0000000000
100136  26.783  -30.443  84.114 0.0000000000
100154  27.081  -30.355  83.607 0.0000000000
101538  27.270  -30.133  84.061 0.0000000000
102953  28.711  -29.329  85.413 0.0000000000
102969  28.145  -29.620  84.641 0.0000000000
102967  29.325  -29.172  84.765 0.0000000000
102988  29.275  -29.307  84.038 0.0000000000
102966  29.942  -29.139  84.781 0.0000000000
102965  30.507  -29.206  84.738 0.0000000000
102951  29.933  -29.327  85.324 0.0000000000
100090  29.917  -30.604  85.471 0.0000000000
101481  30.387  -30.112  85.459 0.0000000000
100105  30.125  -30.917  85.092 0.0000000000
100104  30.749  -30.701  84.903 0.0000000000
100119  30.501  -31.085  84.775 0.0000000000
70835  27.238  -48.673  81.182 0.0000000000
70847  27.056  -48.385  80.810 0.0000000000
70834  27.625  -48.112  81.724 0.0000000000
72287  28.342  -47.822  82.480 0.0000000000
70822  27.917  -47.638  82.218 0.0000000000
72270  28.278  -47.426  82.597 0.0000000000
72256  27.895  -46.607  82.203 0.0000000000
72255  27.926  -46.857  82.401 0.0000000000
72238  29.040  -46.455  83.006 0.0000000000
72269  29.074  -47.357  82.733 0.0000000000
105938  39.266  -27.712  74.996 0.0000000000
107239  40.300  -27.231  74.462 0.0000000000
107229  40.357  -26.944  75.265 0.0000000000
107187  40.418  -26.571  77.120 0.0000000000
108479  41.025  -26.580  76.317 0.0000000000
108467  41.236  -26.567  76.723 0.0000000000
108466  41.833  -26.652  76.676 0.0000000000
108454  41.318  -26.665  77.229 0.0000000000
107166  41.603  -27.375  77.555 0.0000000000
108432  41.152  -26.933  77.842 0.0000000000
105868  40.266  -27.539  79.032 0.0000000000
104511  40.883  -27.715  78.626 0.0000000000
104512  40.552  -28.177  78.917 0.0000000000
103070  40.353  -28.911  79.123 0.0000000000
107150  38.067  -27.191  79.655 0.0000000000
107130  38.389  -27.387  80.171 0.0000000000
104488  38.414  -28.444  80.972 0.0000000000
103057  38.718  -29.031  80.473 0.0000000000
101597  39.228  -29.572  79.910 0.0000000000
101598  38.551  -29.781  80.381 0.0000000000
85938  26.703  -39.039  83.851 0.0000000000
87328  26.315  -38.479  83.743 0.0000000000
87313  26.627  -38.541  84.319 0.0000000000
88588  26.762  -37.836  84.993 0.0000000000
88594  26.321  -37.482  84.703 0.0000000000
89977  26.317  -37.314  84.902 0.0000000000
89967  26.032  -36.488  85.144 0.0000000000
89955  27.931  -37.723  85.866 0.0000000000
91316  25.884  -35.315  85.145 0.0000000000
91315  26.155  -35.327  85.224 0.0000000000
93679  25.938  -34.352  85.549 0.0000000000
93688  26.640  -34.420  84.871 0.0000000000
93664  27.110  -33.866  86.072 0.0000000000
94913  26.973  -33.942  85.054 0.0000000000
94899  27.057  -33.245  85.604 0.0000000000
94912  27.300  -33.183  85.022 0.0000000000
96204  27.806  -32.902  84.970 0.0000000000
94923  27.427  -33.366  84.840 0.0000000000
76178  29.052  -44.457  82.506 0.0000000000
77606  29.269  -43.734  81.715 0.0000000000
77587  29.131  -43.587  81.857 0.0000000000
82987  28.041  -40.252  82.629 0.0000000000
84499  27.485  -39.904  82.304 0.0000000000
84481  27.518  -39.881  83.020 0.0000000000
84500  26.934  -39.592  82.724 0.0000000000
81488  28.718  -40.707  84.530 0.0000000000
82913  28.109  -40.297  84.655 0.0000000000
82912  28.573  -40.380  84.917 0.0000000000
84420  28.563  -40.131  85.169 0.0000000000
82910  29.375  -40.562  84.931 0.0000000000
81506  30.343  -42.022  84.000 0.0000000000
82909  30.260  -40.148  84.815 0.0000000000
119510  49.982  -19.830  66.347 0.0000000000
118102  48.746  -20.069  65.563 0.0000000000
113880  48.827  -22.578  69.082 0.0000000000
108561  42.594  -26.322  72.449 0.0000000000
108562  42.205  -26.467  71.931 0.0000000000
108583  43.200  -25.799  72.016 0.0000000000
112620  45.441  -23.145  71.792 0.0000000000
112630  44.889  -23.325  71.063 0.0000000000
113853  45.559  -22.848  71.351 0.0000000000
115125  45.672  -22.571  70.961 0.0000000000
113852  46.049  -22.685  71.418 0.0000000000
115110  46.715  -22.460  71.484 0.0000000000
113842  46.143  -22.879  71.859 0.0000000000
109965  46.495  -24.171  71.970 0.0000000000
111348  47.349  -23.933  72.550 0.0000000000
109964  47.058  -23.927  71.694 0.0000000000
109982  47.072  -23.902  71.125 0.0000000000
109983  46.660  -24.292  71.245 0.0000000000
108559  45.122  -25.563  72.142 0.0000000000
108606  44.647  -25.873  70.918 0.0000000000
108604  45.913  -24.913  70.582 0.0000000000
97519  25.278  -33.035  83.147 0.0000000000
96233  25.193  -33.603  83.219 0.0000000000
97556  24.684  -32.977  82.368 0.0000000000
101579  28.223  -30.393  82.428 0.0000000000
103061  30.144  -30.002  80.713 0.0000000000
104505  32.697  -29.215  80.054 0.0000000000
103058  32.081  -29.455  79.627 0.0000000000
104530  33.316  -29.225  78.620 0.0000000000
104517  33.398  -28.984  79.478 0.0000000000
104516  34.217  -28.631  79.760 0.0000000000
105819  33.666  -28.092  82.460 0.0000000000
105835  33.908  -27.989  81.991 0.0000000000
105818  34.205  -27.800  82.415 0.0000000000
107095  34.664  -27.664  82.367 0.0000000000
105799  34.177  -27.997  82.977 0.0000000000
104416  31.743  -29.391  83.969 0.0000000000
104432  31.958  -29.554  83.520 0.0000000000
104415  32.168  -29.756  83.549 0.0000000000
102984  33.743  -29.869  83.258 0.0000000000
104430  33.536  -29.360  83.374 0.0000000000
102983  34.432  -29.501  83.171 0.0000000000
104428  34.768  -29.025  83.242 0.0000000000
103004  34.882  -29.365  82.949 0.0000000000
103018  35.413  -29.449  82.526 0.0000000000
101549  34.948  -29.891  82.789 0.0000000000
100177  34.789  -30.909  81.843 0.0000000000
96217  28.224  -32.604  84.695 0.0000000000
97487  28.869  -32.066  85.311 0.0000000000
97517  28.769  -32.417  84.324 0.0000000000
66590  26.307  -50.738  82.064 0.0000000000
66616  26.939  -50.816  82.146 0.0000000000
65163  27.025  -51.032  81.814 0.0000000000
65175  25.844  -51.782  81.722 0.0000000000
104515  35.186  -28.350  80.051 0.0000000000
74865  31.058  -45.763  82.068 0.0000000000
76154  30.418  -45.217  82.719 0.0000000000
76200  31.092  -45.367  82.098 0.0000000000
76199  31.312  -45.168  82.024 0.0000000000
118028  48.061  -20.657  69.713 0.0000000000
116494  48.407  -21.349  70.417 0.0000000000
116495  47.868  -21.169  70.447 0.0000000000
113851  48.202  -22.323  71.418 0.0000000000
108492  42.598  -26.261  75.622 0.0000000000
108508  42.481  -26.352  74.963 0.0000000000
109894  43.118  -25.897  75.520 0.0000000000
109893  43.833  -25.657  75.288 0.0000000000
109892  44.465  -25.799  75.003 0.0000000000
108506  44.726  -26.264  74.640 0.0000000000
107235  44.427  -26.751  74.931 0.0000000000
107236  44.206  -27.221  74.561 0.0000000000
97462  26.451  -32.564  85.880 0.0000000000
98770  25.827  -31.929  85.634 0.0000000000
98769  26.315  -31.842  85.976 0.0000000000
101487  26.650  -31.051  85.814 0.0000000000
101502  26.980  -30.448  85.515 0.0000000000
101519  27.011  -30.226  84.772 0.0000000000
101485  27.440  -30.367  85.927 0.0000000000
101484  28.261  -29.879  85.967 0.0000000000
101483  29.016  -30.008  86.143 0.0000000000
102937  29.586  -29.559  85.948 0.0000000000
101467  29.052  -30.493  86.153 0.0000000000
100076  29.122  -30.679  85.960 0.0000000000
98779  29.336  -31.258  85.451 0.0000000000
70832  29.053  -48.180  82.282 0.0000000000
70831  29.660  -48.102  82.046 0.0000000000
104590  38.401  -28.369  75.950 0.0000000000
105928  38.727  -28.066  76.274 0.0000000000
105927  39.254  -27.670  75.724 0.0000000000
107216  39.702  -27.168  76.019 0.0000000000
107188  39.981  -26.755  77.297 0.0000000000
107168  40.386  -26.651  77.633 0.0000000000
107148  39.724  -27.069  78.843 0.0000000000
105869  39.620  -27.500  79.503 0.0000000000
107118  37.551  -27.452  80.940 0.0000000000
107117  38.057  -27.500  80.648 0.0000000000
105832  37.652  -27.836  81.462 0.0000000000
104474  37.911  -28.461  81.355 0.0000000000
103043  37.893  -29.138  81.212 0.0000000000
101586  37.726  -29.919  81.017 0.0000000000
101573  37.347  -29.478  81.468 0.0000000000
101574  36.742  -29.832  81.546 0.0000000000
101575  36.286  -29.876  81.792 0.0000000000
85907  27.481  -39.101  85.075 0.0000000000
87300  26.896  -38.611  84.864 0.0000000000
87286  27.220  -38.705  85.362 0.0000000000
88581  26.984  -38.096  85.323 0.0000000000
88580  27.394  -38.091  85.659 0.0000000000
89963  27.996  -37.257  85.079 0.0000000000
92537  26.983  -35.817  84.831 0.0000000000
92538  26.676  -35.349  84.905 0.0000000000
92554  27.012  -35.748  84.603 0.0000000000
92555  26.786  -35.057  84.526 0.0000000000
78885  29.272  -43.329  82.907 0.0000000000
78886  29.189  -42.991  82.369 0.0000000000
80200  29.216  -42.647  82.557 0.0000000000
81529  29.125  -41.714  82.130 0.0000000000
81530  28.741  -41.236  82.548 0.0000000000
82986  28.360  -40.760  82.873 0.0000000000
82961  28.339  -40.798  83.262 0.0000000000
81510  28.142  -40.438  83.808 0.0000000000
81509  28.429  -40.854  83.641 0.0000000000
81487  29.011  -41.076  84.401 0.0000000000
82936  29.264  -41.168  84.489 0.0000000000
119490  50.332  -19.645  67.437 0.0000000000
119498  50.191  -19.722  66.812 0.0000000000
116562  49.734  -20.716  66.625 0.0000000000
111409  47.940  -23.085  68.848 0.0000000000
109969  43.871  -25.376  72.369 0.0000000000
111373  43.927  -24.810  71.759 0.0000000000
111383  44.140  -24.330  71.436 0.0000000000
112622  44.532  -23.975  71.693 0.0000000000
112612  45.567  -23.477  72.223 0.0000000000
112611  46.376  -23.590  72.181 0.0000000000
109966  45.862  -24.968  72.038 0.0000000000
107271  44.499  -26.332  71.907 0.0000000000
107272  44.250  -26.668  71.612 0.0000000000
107306  44.279  -26.199  70.831 0.0000000000
89992  25.137  -36.423  83.399 0.0000000000
98834  25.070  -32.092  82.712 0.0000000000
97564  24.836  -32.466  82.177 0.0000000000
98857  25.239  -31.974  81.632 0.0000000000
97587  25.520  -32.216  80.635 0.0000000000
103021  29.410  -29.904  82.543 0.0000000000
103033  29.398  -30.145  82.079 0.0000000000
103032  29.959  -29.897  81.906 0.0000000000
103046  30.499  -29.742  81.215 0.0000000000
103060  30.755  -29.699  80.442 0.0000000000
103059  31.434  -29.552  80.066 0.0000000000
103045  31.376  -29.421  81.016 0.0000000000
104491  33.455  -28.458  81.398 0.0000000000
104477  32.628  -28.691  81.996 0.0000000000
105837  32.946  -28.580  82.239 0.0000000000
105820  33.149  -28.529  82.447 0.0000000000
102964  31.951  -30.047  84.000 0.0000000000
101515  32.481  -30.363  83.772 0.0000000000
102985  33.119  -30.253  83.488 0.0000000000
101551  33.777  -30.517  82.937 0.0000000000
101550  34.517  -30.353  82.864 0.0000000000
100152  33.251  -30.885  82.841 0.0000000000
68017  26.920  -49.640  82.333 0.0000000000
69420  27.104  -49.359  82.164 0.0000000000
68038  28.018  -49.675  81.961 0.0000000000
68064  28.317  -50.186  81.277 0.0000000000
68086  28.265  -50.396  80.921 0.0000000000
66634  28.038  -50.606  80.665 0.0000000000
65173  27.413  -51.290  81.297 0.0000000000
104575  38.084  -28.354  76.635 0.0000000000
105914  38.312  -27.877  77.172 0.0000000000
105901  38.012  -27.704  77.907 0.0000000000
105883  37.879  -27.378  78.536 0.0000000000
107172  37.632  -27.252  79.181 0.0000000000
107151  37.388  -27.226  79.846 0.0000000000
105885  36.585  -27.752  79.174 0.0000000000
107132  37.162  -27.247  80.490 0.0000000000
107119  36.913  -27.365  81.076 0.0000000000
107106  36.635  -27.548  81.629 0.0000000000
107092  36.229  -27.634  82.016 0.0000000000
87282  28.885  -38.686  85.220 0.0000000000
74853  28.572  -45.317  82.085 0.0000000000
74866  28.707  -44.744  82.200 0.0000000000
74852  28.784  -44.980  82.435 0.0000000000
76177  29.385  -44.470  82.824 0.0000000000
76136  29.759  -44.613  83.100 0.0000000000
77549  29.556  -44.183  83.024 0.0000000000
78880  29.113  -43.226  83.163 0.0000000000
80187  29.383  -42.797  83.603 0.0000000000
80198  31.498  -42.841  82.869 0.0000000000
118046  49.632  -20.244  68.901 0.0000000000
116516  49.612  -21.031  68.900 0.0000000000
116526  49.879  -21.108  68.243 0.0000000000
113868  49.093  -21.997  69.141 0.0000000000
113869  48.869  -22.417  69.526 0.0000000000
115133  48.649  -21.832  70.375 0.0000000000
111380  47.947  -22.929  69.914 0.0000000000
111382  47.179  -23.835  70.014 0.0000000000
107258  41.725  -26.851  73.354 0.0000000000
108541  42.626  -26.385  73.326 0.0000000000
108522  42.981  -26.103  74.500 0.0000000000
108540  43.105  -26.095  73.713 0.0000000000
109951  43.802  -25.808  73.272 0.0000000000
108539  44.806  -25.985  73.055 0.0000000000
107255  44.631  -26.731  73.450 0.0000000000
105977  44.365  -26.890  72.275 0.0000000000
105988  43.941  -27.122  71.754 0.0000000000
94926  25.210  -34.037  84.674 0.0000000000
94940  25.150  -34.077  84.124 0.0000000000
96219  25.346  -33.421  84.380 0.0000000000
97505  25.508  -32.842  83.902 0.0000000000
98806  25.274  -32.210  83.817 0.0000000000
98781  25.648  -32.034  85.335 0.0000000000
98805  25.406  -31.723  84.312 0.0000000000
98819  25.453  -31.705  83.416 0.0000000000
100170  25.815  -31.361  82.889 0.0000000000
98832  25.908  -31.428  82.252 0.0000000000
100182  26.430  -31.231  81.836 0.0000000000
100181  27.137  -30.931  82.039 0.0000000000
100167  27.746  -30.497  82.643 0.0000000000
101554  28.362  -30.096  83.152 0.0000000000
101518  27.650  -29.913  84.484 0.0000000000
102990  28.087  -29.822  84.154 0.0000000000
103009  28.678  -29.872  83.431 0.0000000000
103008  29.240  -29.614  83.276 0.0000000000
103007  29.913  -29.287  83.346 0.0000000000
103006  30.557  -29.146  83.333 0.0000000000
104434  31.023  -29.118  83.483 0.0000000000
102986  30.503  -29.091  84.123 0.0000000000
104406  30.910  -29.247  84.703 0.0000000000
102949  31.315  -29.787  85.013 0.0000000000
102936  30.266  -29.701  85.749 0.0000000000
102935  30.818  -29.808  85.410 0.0000000000
101497  31.532  -30.105  84.970 0.0000000000
101517  31.238  -30.495  84.688 0.0000000000
100118  31.234  -31.012  84.327 0.0000000000
74868  28.064  -45.919  81.526 0.0000000000
73612  27.656  -46.556  81.427 0.0000000000
74854  28.221  -45.875  81.982 0.0000000000
73583  28.435  -45.909  82.334 0.0000000000
73562  29.427  -46.568  82.573 0.0000000000
73599  30.193  -46.375  82.275 0.0000000000
72285  29.834  -47.402  82.261 0.0000000000
73610  30.435  -46.531  82.209 0.0000000000
107238  41.021  -26.961  74.634 0.0000000000
107227  41.604  -26.673  75.314 0.0000000000
107215  40.510  -26.726  76.074 0.0000000000
107214  41.272  -26.650  75.794 0.0000000000
107213  41.670  -26.635  75.656 0.0000000000
108477  42.555  -26.364  75.856 0.0000000000
108465  42.534  -26.726  76.701 0.0000000000
107199  42.513  -27.182  76.967 0.0000000000
105896  42.677  -27.895  76.905 0.0000000000
107186  42.380  -27.536  77.085 0.0000000000
105898  41.585  -28.108  77.521 0.0000000000
104540  41.233  -28.531  77.922 0.0000000000
105867  40.889  -27.657  78.522 0.0000000000
104523  40.889  -28.280  78.518 0.0000000000
107149  38.938  -27.167  79.477 0.0000000000
105870  39.234  -27.503  79.779 0.0000000000
105845  38.513  -27.772  80.725 0.0000000000
104500  39.397  -28.268  79.957 0.0000000000
103056  39.293  -28.741  79.926 0.0000000000
88630  25.969  -38.161  82.592 0.0000000000
88604  25.615  -37.439  83.283 0.0000000000
88595  26.266  -37.857  84.345 0.0000000000
89990  25.788  -37.447  84.080 0.0000000000
89991  25.306  -37.023  83.719 0.0000000000
91347  25.045  -36.538  83.915 0.0000000000
91338  25.297  -36.201  84.345 0.0000000000
92541  25.169  -35.188  84.763 0.0000000000
88578  28.181  -37.938  85.891 0.0000000000
88579  27.801  -37.925  85.881 0.0000000000
89957  27.569  -37.704  85.641 0.0000000000
89964  27.676  -37.245  85.185 0.0000000000
89965  27.207  -37.155  85.396 0.0000000000
89966  26.353  -36.927  85.247 0.0000000000
91328  25.988  -35.867  85.075 0.0000000000
92556  25.771  -35.732  84.906 0.0000000000
93690  25.244  -34.629  84.946 0.0000000000
93689  25.549  -34.534  85.368 0.0000000000
94914  25.694  -33.923  85.528 0.0000000000
94902  25.820  -33.790  85.777 0.0000000000
94901  26.384  -33.651  86.011 0.0000000000
96178  26.064  -32.949  85.939 0.0000000000
97461  26.953  -32.548  86.217 0.0000000000
97460  27.366  -32.348  85.842 0.0000000000
97459  27.900  -31.790  85.637 0.0000000000
97474  27.724  -32.350  85.528 0.0000000000
96218  27.959  -32.794  84.768 0.0000000000
96232  27.802  -32.995  84.082 0.0000000000
94955  27.066  -33.783  84.029 0.0000000000
94954  27.278  -33.438  83.833 0.0000000000
76225  29.062  -44.404  81.402 0.0000000000
78914  29.380  -43.015  81.650 0.0000000000
85958  26.517  -39.303  82.441 0.0000000000
84482  26.989  -39.532  83.414 0.0000000000
84462  27.007  -39.449  83.735 0.0000000000
82938  27.822  -40.167  83.886 0.0000000000
84442  27.564  -39.716  84.251 0.0000000000
84423  27.523  -39.437  84.641 0.0000000000
84401  27.813  -39.494  85.060 0.0000000000
84399  28.577  -39.660  85.300 0.0000000000
84398  28.830  -39.839  85.388 0.0000000000
81495  29.897  -42.096  84.167 0.0000000000
82960  30.159  -41.693  84.228 0.0000000000
82935  29.758  -41.138  84.609 0.0000000000
84441  29.942  -40.580  84.804 0.0000000000
84418  29.622  -40.261  85.132 0.0000000000
63760  24.572  -52.252  82.791 0.0000000000
119530  49.390  -19.316  65.474 0.0000000000
115123  46.950  -22.018  70.940 0.0000000000
115109  47.439  -22.251  71.527 0.0000000000
113840  47.804  -22.595  71.924 0.0000000000
113827  47.194  -23.031  72.472 0.0000000000
112610  47.684  -23.050  72.212 0.0000000000
112609  48.106  -23.138  71.695 0.0000000000
109981  47.315  -23.612  71.067 0.0000000000
110001  47.005  -23.850  70.648 0.0000000000
110020  46.879  -24.325  70.110 0.0000000000
109967  45.472  -25.189  72.363 0.0000000000
108582  44.910  -25.773  71.408 0.0000000000
108581  45.650  -25.204  71.415 0.0000000000
108580  46.205  -24.752  71.072 0.0000000000
110021  46.431  -24.801  70.030 0.0000000000
110041  45.679  -24.683  69.369 0.0000000000
104560  34.359  -29.348  77.360 0.0000000000
94941  25.093  -34.102  83.566 0.0000000000
96250  24.779  -33.765  82.260 0.0000000000
104547  33.175  -29.457  77.844 0.0000000000
104546  33.878  -29.253  78.029 0.0000000000
104502  34.829  -28.224  80.516 0.0000000000
104490  33.981  -28.312  81.223 0.0000000000
105861  34.566  -28.063  81.093 0.0000000000
105847  35.278  -27.669  81.114 0.0000000000
107122  35.252  -27.550  81.523 0.0000000000
107093  35.780  -27.617  82.165 0.0000000000
105817  35.602  -27.805  82.548 0.0000000000
105780  32.122  -29.309  82.833 0.0000000000
105779  32.322  -29.448  82.999 0.0000000000
105778  33.033  -29.055  82.982 0.0000000000
104414  32.928  -29.677  83.267 0.0000000000
104431  33.230  -28.973  83.098 0.0000000000
105777  33.640  -28.701  83.366 0.0000000000
105776  34.502  -28.528  83.369 0.0000000000
104446  35.990  -28.422  82.454 0.0000000000
104459  35.968  -28.809  82.406 0.0000000000
101562  35.875  -29.885  82.077 0.0000000000
100163  35.982  -30.227  82.013 0.0000000000
100165  34.900  -30.630  82.444 0.0000000000
100176  35.435  -30.758  81.823 0.0000000000
97472  28.611  -31.775  85.575 0.0000000000
98780  29.012  -31.614  85.512 0.0000000000
97486  29.392  -31.797  85.196 0.0000000000
97537  29.028  -32.429  83.871 0.0000000000
97501  29.779  -32.019  84.670 0.0000000000
97500  30.338  -31.758  84.285 0.0000000000
63768  25.714  -51.999  81.612 0.0000000000
66583  29.692  -49.255  81.044 0.0000000000
66584  29.487  -49.293  81.240 0.0000000000
66585  29.047  -49.205  81.782 0.0000000000
66609  29.730  -49.197  81.008 0.0000000000
66610  29.448  -49.533  81.023 0.0000000000
66611  28.978  -49.673  81.285 0.0000000000
66612  28.926  -49.409  81.661 0.0000000000
66613  28.056  -50.571  81.193 0.0000000000
66630  29.978  -49.156  81.070 0.0000000000
66632  29.195  -49.715  80.926 0.0000000000
68018  26.622  -49.983  82.129 0.0000000000
68034  29.854  -49.232  81.052 0.0000000000
68036  29.209  -48.906  81.828 0.0000000000
68060  29.840  -49.029  81.069 0.0000000000
68062  28.973  -49.773  80.998 0.0000000000
68082  29.919  -49.021  81.061 0.0000000000
69421  26.698  -49.624  81.946 0.0000000000
70821  28.029  -47.855  82.342 0.0000000000
72236  29.203  -46.933  82.851 0.0000000000
72237  29.029  -46.855  82.852 0.0000000000
72252  29.374  -47.118  82.735 0.0000000000
72253  29.160  -47.009  82.821 0.0000000000
72254  28.648  -46.774  82.825 0.0000000000
72271  27.829  -47.174  82.103 0.0000000000
72272  27.840  -46.828  82.275 0.0000000000
73561  29.460  -46.924  82.658 0.0000000000
73563  29.257  -46.217  82.567 0.0000000000
73564  28.945  -46.034  82.553 0.0000000000
73580  29.719  -46.745  82.451 0.0000000000
73581  29.865  -46.002  82.542 0.0000000000
73582  28.875  -46.309  82.647 0.0000000000
73600  29.968  -45.955  82.285 0.0000000000
73601  27.736  -46.832  82.061 0.0000000000
73602  27.780  -46.408  81.961 0.0000000000
74822  29.553  -46.060  82.562 0.0000000000
74823  29.263  -45.831  82.617 0.0000000000
74836  28.713  -45.548  82.340 0.0000000000
74837  28.457  -45.824  82.173 0.0000000000
74851  30.093  -46.056  82.415 0.0000000000
76114  30.192  -44.701  83.122 0.0000000000
76115  30.104  -44.243  83.550 0.0000000000
76134  30.564  -44.894  82.909 0.0000000000
76135  29.963  -45.254  83.096 0.0000000000
76153  31.021  -44.911  82.636 0.0000000000
76156  29.197  -44.809  82.725 0.0000000000
76176  31.058  -45.266  82.231 0.0000000000
77516  30.908  -44.431  82.979 0.0000000000
77517  30.163  -44.159  83.194 0.0000000000
77518  30.101  -44.174  83.491 0.0000000000
77531  30.781  -44.595  82.937 0.0000000000
77532  29.840  -44.201  83.189 0.0000000000
77568  29.349  -44.147  82.978 0.0000000000
78863  30.549  -44.122  83.149 0.0000000000
78864  30.136  -43.951  83.254 0.0000000000
78874  29.667  -43.781  83.390 0.0000000000
78879  29.534  -43.081  83.601 0.0000000000
78898  29.275  -43.122  82.098 0.0000000000
81489  28.457  -40.491  84.619 0.0000000000
81499  28.004  -40.348  83.989 0.0000000000
82914  27.803  -40.102  84.382 0.0000000000
82933  30.605  -40.166  84.580 0.0000000000
82937  27.990  -40.316  84.227 0.0000000000
84397  29.500  -39.546  85.284 0.0000000000
84400  27.843  -39.776  85.228 0.0000000000
84402  27.691  -39.331  85.065 0.0000000000
84422  27.751  -39.794  84.753 0.0000000000
84440  30.052  -40.284  84.914 0.0000000000
84443  27.285  -39.338  84.422 0.0000000000
85905  28.162  -39.150  85.415 0.0000000000
85920  27.265  -39.110  84.776 0.0000000000
85948  26.491  -39.036  83.126 0.0000000000
85959  26.269  -38.910  82.635 0.0000000000
87272  28.170  -38.419  86.053 0.0000000000
87273  27.932  -38.551  86.049 0.0000000000
87274  27.801  -38.625  86.120 0.0000000000
87284  28.187  -38.929  85.951 0.0000000000
87287  27.045  -38.938  84.824 0.0000000000
87343  26.179  -38.441  83.123 0.0000000000
87344  26.173  -38.605  82.787 0.0000000000
87357  26.080  -38.345  82.767 0.0000000000
88567  28.043  -38.103  86.049 0.0000000000
88569  27.724  -38.376  85.990 0.0000000000
88589  26.661  -38.205  84.633 0.0000000000
88616  25.953  -38.036  82.892 0.0000000000
89979  25.301  -36.734  84.252 0.0000000000
91314  26.374  -35.429  85.268 0.0000000000
91329  25.670  -35.411  85.041 0.0000000000
91339  25.019  -35.940  84.074 0.0000000000
92521  26.040  -34.891  85.311 0.0000000000
92539  25.825  -35.553  85.043 0.0000000000
92540  25.571  -35.199  85.054 0.0000000000
92557  25.446  -35.658  84.693 0.0000000000
92558  25.095  -35.526  84.384 0.0000000000
92576  24.944  -35.538  83.530 0.0000000000
92577  24.850  -35.197  83.120 0.0000000000
93665  26.484  -33.964  85.743 0.0000000000
93678  26.226  -34.383  85.491 0.0000000000
93716  24.860  -34.912  83.879 0.0000000000
93726  24.891  -34.609  82.747 0.0000000000
94939  27.055  -33.831  84.440 0.0000000000
94956  24.995  -34.105  82.960 0.0000000000
94967  24.838  -34.097  82.354 0.0000000000
94968  24.764  -33.950  82.102 0.0000000000
96175  27.206  -32.884  85.797 0.0000000000
96176  26.980  -33.030  85.788 0.0000000000
96177  26.613  -33.096  85.868 0.0000000000
96191  25.912  -33.256  85.524 0.0000000000
96205  25.582  -33.525  85.326 0.0000000000
96206  25.461  -33.380  84.948 0.0000000000
96249  24.883  -33.487  82.577 0.0000000000
96264  24.658  -33.657  81.976 0.0000000000
97473  28.168  -32.023  85.541 0.0000000000
97488  28.402  -32.196  85.311 0.0000000000
97490  25.620  -32.361  85.090 0.0000000000
97491  25.592  -32.719  84.747 0.0000000000
97503  28.470  -32.403  84.855 0.0000000000
97504  28.217  -32.440  85.064 0.0000000000
97506  25.343  -33.252  83.500 0.0000000000
97516  29.385  -32.242  84.242 0.0000000000
97518  25.348  -32.561  83.394 0.0000000000
97538  25.193  -32.669  83.030 0.0000000000
97539  24.961  -32.853  82.795 0.0000000000
97555  24.983  -32.576  82.719 0.0000000000
97557  24.559  -33.235  82.002 0.0000000000
97575  25.300  -32.139  81.076 0.0000000000
97576  25.026  -32.362  81.343 0.0000000000
98752  28.634  -31.025  85.866 0.0000000000
98757  26.107  -32.226  85.949 0.0000000000
98766  29.139  -31.076  85.663 0.0000000000
98768  28.360  -31.561  85.637 0.0000000000
98782  25.460  -32.215  84.960 0.0000000000
98790  31.180  -31.307  84.156 0.0000000000
98793  25.428  -31.816  84.954 0.0000000000
98833  25.446  -31.712  82.549 0.0000000000
98844  25.914  -31.544  81.589 0.0000000000
98846  25.058  -31.977  82.060 0.0000000000
98854  26.462  -31.548  80.776 0.0000000000
100081  26.516  -31.673  86.028 0.0000000000
100091  29.321  -30.868  85.709 0.0000000000
100092  28.977  -30.891  85.876 0.0000000000
100093  26.813  -31.120  85.946 0.0000000000
100094  26.323  -31.429  85.805 0.0000000000
100095  25.959  -31.765  85.557 0.0000000000
100106  29.786  -31.013  85.277 0.0000000000
100117  31.789  -30.876  83.994 0.0000000000
100120  30.090  -31.093  85.019 0.0000000000
100133  32.737  -31.206  83.112 0.0000000000
100135  31.574  -31.198  83.990 0.0000000000
100137  26.309  -30.839  84.107 0.0000000000
100150  34.521  -30.592  82.651 0.0000000000
100155  26.642  -30.683  83.488 0.0000000000
100164  35.732  -30.416  82.221 0.0000000000
100166  34.424  -30.865  82.141 0.0000000000
100168  27.342  -30.538  82.905 0.0000000000
100178  34.356  -31.052  81.812 0.0000000000
100179  28.340  -30.638  81.969 0.0000000000
100205  26.947  -31.464  80.531 0.0000000000
101466  29.248  -30.496  86.010 0.0000000000
101480  30.893  -29.932  85.363 0.0000000000
101486  26.927  -30.925  85.825 0.0000000000
101499  30.419  -30.500  85.244 0.0000000000
101500  28.188  -29.549  85.530 0.0000000000
101503  26.608  -30.968  85.621 0.0000000000
101520  26.583  -30.742  85.116 0.0000000000
101533  33.457  -30.363  83.231 0.0000000000
101535  32.188  -30.688  83.799 0.0000000000
101536  28.238  -29.924  83.677 0.0000000000
101553  28.874  -30.017  82.926 0.0000000000
101555  27.913  -30.133  83.363 0.0000000000
101556  27.498  -30.215  83.493 0.0000000000
101564  34.965  -30.286  82.771 0.0000000000
101566  28.485  -30.245  82.633 0.0000000000
101567  27.956  -30.337  82.808 0.0000000000
101568  27.670  -30.286  83.141 0.0000000000
101576  29.525  -30.241  81.597 0.0000000000
101578  28.535  -30.461  82.096 0.0000000000
102934  31.055  -29.975  85.204 0.0000000000
102938  28.997  -29.490  85.916 0.0000000000
102954  28.269  -29.492  85.146 0.0000000000
102962  33.527  -29.995  83.907 0.0000000000
102968  28.706  -29.351  84.681 0.0000000000
102982  34.702  -29.283  83.153 0.0000000000
103005  34.572  -29.820  82.978 0.0000000000
103016  36.315  -29.007  82.159 0.0000000000
103017  35.911  -29.244  82.231 0.0000000000
103028  37.478  -28.902  81.607 0.0000000000
103030  31.367  -29.292  81.543 0.0000000000
103042  38.291  -28.966  80.935 0.0000000000
103082  40.490  -28.948  78.816 0.0000000000
104404  31.763  -29.710  84.324 0.0000000000
104405  31.329  -29.336  84.631 0.0000000000
104413  33.346  -29.829  83.376 0.0000000000
104417  30.892  -28.925  83.990 0.0000000000
104445  36.201  -28.326  82.341 0.0000000000
104448  31.551  -29.124  82.934 0.0000000000
104449  30.817  -29.068  83.044 0.0000000000
104460  35.681  -29.044  82.494 0.0000000000
104473  38.186  -28.306  81.200 0.0000000000
104489  38.134  -28.746  81.130 0.0000000000
104514  35.644  -28.152  79.703 0.0000000000
104526  36.878  -28.102  78.712 0.0000000000
104574  38.424  -28.290  76.303 0.0000000000
104608  43.681  -27.731  73.518 0.0000000000
104609  43.366  -27.952  73.769 0.0000000000
105761  32.926  -29.301  83.090 0.0000000000
105775  34.987  -28.574  83.158 0.0000000000
105796  36.167  -28.104  82.365 0.0000000000
105797  35.757  -28.143  82.636 0.0000000000
105801  32.792  -28.927  82.716 0.0000000000
105802  32.272  -29.202  82.475 0.0000000000
105803  31.958  -29.127  82.719 0.0000000000
105816  36.024  -27.854  82.308 0.0000000000
105821  32.548  -28.765  82.521 0.0000000000
105836  33.357  -28.375  82.014 0.0000000000
105846  38.020  -27.680  81.034 0.0000000000
105848  34.798  -27.799  81.397 0.0000000000
105849  34.142  -28.099  81.444 0.0000000000
105850  33.706  -28.188  81.710 0.0000000000
105856  39.400  -27.858  79.951 0.0000000000
105859  35.640  -27.664  80.638 0.0000000000
105860  34.977  -27.965  80.718 0.0000000000
105880  42.020  -27.856  77.257 0.0000000000
105881  41.457  -28.080  77.710 0.0000000000
105882  41.180  -27.967  78.084 0.0000000000
105884  37.301  -27.720  78.790 0.0000000000
105886  36.185  -27.845  79.486 0.0000000000
105899  41.333  -28.089  77.819 0.0000000000
105911  43.338  -27.717  76.298 0.0000000000
105912  42.980  -27.813  76.642 0.0000000000
105954  43.955  -27.619  73.628 0.0000000000
106004  43.494  -27.232  71.198 0.0000000000
107079  34.726  -27.785  82.709 0.0000000000
107080  34.452  -27.786  82.643 0.0000000000
107094  35.204  -27.588  82.431 0.0000000000
107108  35.506  -27.493  81.865 0.0000000000
107109  34.975  -27.605  81.931 0.0000000000
107120  36.338  -27.364  81.218 0.0000000000
107146  41.055  -27.125  78.109 0.0000000000
107152  36.742  -27.182  80.047 0.0000000000
107165  42.096  -27.262  77.370 0.0000000000
107185  42.673  -27.645  76.886 0.0000000000
107198  42.907  -27.390  76.754 0.0000000000
107211  44.020  -26.628  75.794 0.0000000000
107212  43.769  -27.027  75.882 0.0000000000
107217  39.177  -27.616  76.348 0.0000000000
107225  44.178  -26.707  75.482 0.0000000000
107237  41.571  -26.779  74.800 0.0000000000
107256  44.354  -27.244  73.414 0.0000000000
107257  42.134  -26.643  73.677 0.0000000000
107264  42.220  -26.628  73.067 0.0000000000
108433  40.981  -26.884  78.007 0.0000000000
108441  42.197  -27.036  77.008 0.0000000000
108442  41.834  -27.086  77.331 0.0000000000
108443  41.336  -26.985  77.693 0.0000000000
108453  41.822  -26.853  77.159 0.0000000000
108455  40.817  -26.506  77.214 0.0000000000
108468  40.734  -26.522  76.758 0.0000000000
108475  43.867  -26.420  76.075 0.0000000000
108480  40.643  -26.585  76.466 0.0000000000
108490  44.557  -26.311  75.330 0.0000000000
108491  42.857  -26.056  75.443 0.0000000000
108507  42.908  -26.079  75.157 0.0000000000
108509  42.000  -26.596  74.866 0.0000000000
108628  45.937  -24.814  70.122 0.0000000000
109860  43.042  -26.109  76.373 0.0000000000
109861  42.920  -26.175  76.086 0.0000000000
109877  44.245  -25.937  75.696 0.0000000000
109878  43.625  -25.818  75.916 0.0000000000
109879  43.071  -25.900  76.010 0.0000000000
109895  42.866  -26.029  75.808 0.0000000000
109929  47.165  -24.280  72.747 0.0000000000
109930  47.003  -24.091  72.805 0.0000000000
109946  47.149  -24.093  72.252 0.0000000000
109947  46.937  -24.049  72.491 0.0000000000
109948  45.688  -24.896  72.539 0.0000000000
110042  45.217  -24.824  69.086 0.0000000000
111340  47.300  -24.095  72.853 0.0000000000
111341  47.112  -24.009  72.966 0.0000000000
111349  46.956  -23.888  72.710 0.0000000000
111359  47.896  -23.633  71.592 0.0000000000
111360  47.679  -23.658  71.911 0.0000000000
111371  47.841  -23.519  71.110 0.0000000000
111395  47.922  -22.967  69.371 0.0000000000
111397  47.120  -24.196  69.677 0.0000000000
112590  47.308  -23.856  72.838 0.0000000000
112591  47.120  -23.695  72.856 0.0000000000
112603  47.357  -23.527  72.510 0.0000000000
112604  46.919  -23.533  72.511 0.0000000000
112614  44.593  -24.215  72.063 0.0000000000
113828  46.756  -23.125  72.250 0.0000000000
113854  45.125  -23.139  71.167 0.0000000000
113862  45.433  -22.683  70.880 0.0000000000
115111  46.290  -22.618  71.443 0.0000000000
115135  46.930  -21.737  70.360 0.0000000000
115137  45.502  -22.371  70.484 0.0000000000
116506  48.283  -21.049  70.160 0.0000000000
116544  49.905  -20.918  66.924 0.0000000000
117999  47.874  -20.928  70.079 0.0000000000
118026  49.213  -20.354  69.180 0.0000000000
118085  50.104  -20.436  66.746 0.0000000000
118100  49.723  -20.252  66.296 0.0000000000
118101  49.268  -20.133  65.967 0.0000000000
119433  48.213  -20.220  69.204 0.0000000000
119455  49.748  -19.797  68.424 0.0000000000
120812  49.690  -19.082  65.573 0.0000000000
