#!ascii label  , from subject sub-36 vox2ras=TkReg
1572
86046  14.862  -38.247  77.736 0.0000000000
100064  20.117  -29.700  88.714 0.0000000000
116610  32.229  -20.832  64.521 0.0000000000
104638  22.847  -25.679  72.318 0.0000000000
104466  23.120  -26.366  82.281 0.0000000000
133517  43.484  -10.484  59.577 0.0000000000
111460  32.858  -23.843  67.895 0.0000000000
107390  28.007  -24.093  66.589 0.0000000000
87422  10.634  -38.921  78.500 0.0000000000
84544  18.964  -39.016  81.092 0.0000000000
93738  17.482  -34.619  82.719 0.0000000000
84697  16.936  -40.011  74.888 0.0000000000
123220  38.328  -16.031  61.802 0.0000000000
82992  16.946  -39.299  83.362 0.0000000000
84486  13.585  -38.075  83.394 0.0000000000
121992  37.628  -17.632  65.459 0.0000000000
84491  8.674  -38.239  83.801 0.0000000000
81511  4.799  -40.937  83.581 0.0000000000
109993  27.217  -23.987  71.495 0.0000000000
103100  24.161  -27.217  77.816 0.0000000000
101657  19.766  -29.411  77.455 0.0000000000
98858  17.406  -30.443  80.782 0.0000000000
107350  32.965  -24.410  69.708 0.0000000000
107387  30.339  -23.790  67.782 0.0000000000
107337  30.009  -24.647  68.864 0.0000000000
110071  35.594  -24.257  69.361 0.0000000000
86097  14.364  -39.239  75.224 0.0000000000
86081  12.476  -40.115  76.145 0.0000000000
86048  13.226  -38.495  77.839 0.0000000000
83110  17.107  -39.145  79.153 0.0000000000
83167  17.533  -40.209  77.144 0.0000000000
84664  16.096  -39.107  76.423 0.0000000000
86133  15.347  -39.949  74.020 0.0000000000
119588  32.882  -19.573  62.599 0.0000000000
116573  34.930  -20.913  66.628 0.0000000000
118142  34.750  -19.182  65.198 0.0000000000
120890  34.833  -17.815  63.173 0.0000000000
82926  13.102  -38.826  85.857 0.0000000000
84507  11.019  -37.911  83.025 0.0000000000
84429  10.528  -38.477  86.262 0.0000000000
81475  6.080  -40.930  88.941 0.0000000000
84414  6.116  -40.245  86.231 0.0000000000
80166  4.239  -41.442  86.512 0.0000000000
77527  2.432  -43.353  86.155 0.0000000000
76065  1.971  -43.585  89.185 0.0000000000
104506  26.041  -25.964  80.282 0.0000000000
103048  23.890  -26.999  80.561 0.0000000000
101626  21.986  -27.160  78.228 0.0000000000
103066  21.118  -27.612  80.280 0.0000000000
90087  18.248  -37.559  77.028 0.0000000000
97567  17.138  -32.329  82.391 0.0000000000
93795  17.243  -35.334  77.719 0.0000000000
96346  16.861  -32.824  77.155 0.0000000000
108577  24.879  -25.240  72.194 0.0000000000
110054  25.150  -24.407  68.901 0.0000000000
106028  23.493  -26.180  69.751 0.0000000000
134747  47.115  -10.453  58.844 0.0000000000
133537  45.199  -11.117  58.070 0.0000000000
112730  32.524  -22.565  66.678 0.0000000000
110141  30.219  -23.124  66.416 0.0000000000
112707  34.886  -22.357  67.984 0.0000000000
93703  18.778  -34.756  86.156 0.0000000000
97493  18.073  -32.419  86.693 0.0000000000
90036  19.104  -36.970  81.110 0.0000000000
84693  18.745  -39.022  76.022 0.0000000000
84738  18.042  -39.751  73.498 0.0000000000
124350  40.770  -15.777  63.643 0.0000000000
126897  41.057  -14.600  62.208 0.0000000000
129526  41.036  -13.523  60.412 0.0000000000
130869  41.836  -12.546  58.935 0.0000000000
83074  16.120  -39.048  80.667 0.0000000000
83059  14.632  -37.696  81.121 0.0000000000
82995  15.675  -38.704  83.478 0.0000000000
83052  17.722  -39.269  81.491 0.0000000000
123213  37.570  -16.823  63.059 0.0000000000
85988  11.581  -37.651  81.158 0.0000000000
85990  9.517  -37.624  80.674 0.0000000000
84552  7.577  -39.287  81.169 0.0000000000
84431  8.266  -38.734  86.285 0.0000000000
83020  6.312  -39.217  83.690 0.0000000000
74732  1.131  -45.463  90.656 0.0000000000
108572  30.176  -23.729  71.509 0.0000000000
107241  25.434  -25.992  75.073 0.0000000000
104565  25.054  -26.227  77.563 0.0000000000
103189  23.341  -26.698  75.173 0.0000000000
101711  22.024  -27.562  75.629 0.0000000000
100294  19.834  -28.964  74.764 0.0000000000
98966  18.394  -31.267  73.633 0.0000000000
100125  18.486  -30.640  85.598 0.0000000000
103012  18.613  -29.043  83.888 0.0000000000
103038  19.754  -27.652  81.900 0.0000000000
100218  18.463  -29.063  79.746 0.0000000000
96392  17.467  -32.945  74.522 0.0000000000
110074  27.971  -23.712  68.261 0.0000000000
108732  26.414  -25.752  66.044 0.0000000000
107314  32.722  -24.519  70.434 0.0000000000
107335  31.303  -24.937  69.233 0.0000000000
107296  31.127  -24.532  70.095 0.0000000000
108660  34.076  -24.483  70.340 0.0000000000
86063  14.778  -38.457  77.031 0.0000000000
86064  13.931  -38.694  76.961 0.0000000000
86047  14.220  -38.283  77.917 0.0000000000
84597  16.215  -38.906  78.689 0.0000000000
84643  16.300  -38.986  77.338 0.0000000000
84644  15.812  -38.468  77.140 0.0000000000
86096  15.173  -38.885  75.441 0.0000000000
118160  32.152  -20.369  63.485 0.0000000000
116595  33.796  -20.570  65.857 0.0000000000
118127  34.969  -19.649  65.720 0.0000000000
118144  33.545  -19.601  64.873 0.0000000000
119559  33.329  -19.343  64.232 0.0000000000
78844  4.647  -41.491  89.194 0.0000000000
80159  5.456  -41.216  87.767 0.0000000000
78853  4.286  -41.783  87.954 0.0000000000
78867  3.080  -42.286  86.014 0.0000000000
77512  3.037  -42.625  87.705 0.0000000000
76093  2.276  -43.555  87.848 0.0000000000
104481  24.817  -26.372  81.832 0.0000000000
104482  23.729  -26.779  81.609 0.0000000000
103064  22.737  -27.054  80.054 0.0000000000
103036  21.884  -27.135  81.731 0.0000000000
101458  20.499  -28.810  88.311 0.0000000000
87492  18.995  -37.946  74.349 0.0000000000
92626  17.541  -36.000  78.191 0.0000000000
90132  18.815  -37.208  74.675 0.0000000000
91438  18.702  -36.768  73.828 0.0000000000
107267  24.529  -25.901  72.721 0.0000000000
107297  24.016  -25.323  70.956 0.0000000000
133507  43.092  -10.388  60.379 0.0000000000
135937  44.180  -9.412  60.524 0.0000000000
134741  44.856  -9.820  59.517 0.0000000000
134750  45.224  -10.235  59.029 0.0000000000
133538  44.432  -11.019  58.123 0.0000000000
112710  32.593  -23.207  66.987 0.0000000000
112732  31.185  -22.859  66.286 0.0000000000
110130  31.205  -23.820  67.036 0.0000000000
106089  29.217  -23.163  67.010 0.0000000000
107404  29.249  -23.985  65.835 0.0000000000
106124  28.723  -24.892  65.727 0.0000000000
108691  34.367  -24.166  68.814 0.0000000000
111480  33.905  -23.242  67.624 0.0000000000
112708  34.156  -22.509  67.693 0.0000000000
86067  11.550  -39.794  76.969 0.0000000000
86035  9.780  -39.278  78.536 0.0000000000
90006  18.843  -36.964  83.607 0.0000000000
91359  18.476  -36.217  84.041 0.0000000000
87395  19.329  -38.182  80.418 0.0000000000
84678  16.940  -40.099  75.823 0.0000000000
84660  18.441  -40.067  76.842 0.0000000000
84696  17.526  -40.216  75.042 0.0000000000
84714  18.420  -39.238  74.834 0.0000000000
84716  17.516  -40.007  74.160 0.0000000000
84718  16.451  -40.112  73.727 0.0000000000
103250  22.164  -27.832  72.533 0.0000000000
124364  39.501  -15.853  62.680 0.0000000000
125624  40.602  -15.196  62.705 0.0000000000
125635  39.550  -15.279  61.539 0.0000000000
128182  40.182  -14.215  60.167 0.0000000000
128190  40.325  -14.287  59.495 0.0000000000
129533  41.404  -12.963  59.339 0.0000000000
83034  16.452  -39.084  82.055 0.0000000000
83036  15.581  -38.378  82.063 0.0000000000
82994  16.208  -38.967  83.482 0.0000000000
83012  17.371  -39.356  82.803 0.0000000000
83054  16.843  -39.144  81.316 0.0000000000
123182  39.241  -17.099  64.153 0.0000000000
122015  37.991  -17.311  64.601 0.0000000000
122053  35.227  -17.656  62.228 0.0000000000
83019  14.152  -37.585  82.307 0.0000000000
84566  13.359  -38.010  80.947 0.0000000000
84526  13.000  -38.036  82.125 0.0000000000
84490  9.666  -38.108  83.809 0.0000000000
84529  10.423  -37.893  82.236 0.0000000000
84530  9.414  -37.824  82.120 0.0000000000
84551  7.854  -38.652  80.603 0.0000000000
84532  7.480  -39.097  82.093 0.0000000000
82878  8.190  -39.206  87.824 0.0000000000
82976  5.142  -40.471  84.425 0.0000000000
82975  6.101  -39.851  84.849 0.0000000000
83001  5.225  -40.294  83.343 0.0000000000
83040  6.162  -40.066  82.116 0.0000000000
109925  25.923  -24.671  74.755 0.0000000000
104534  24.669  -26.623  78.698 0.0000000000
104549  25.560  -25.858  78.815 0.0000000000
103099  24.567  -26.827  77.662 0.0000000000
103143  24.403  -27.042  76.173 0.0000000000
103144  24.258  -27.625  76.323 0.0000000000
103191  22.798  -27.655  75.391 0.0000000000
103146  23.150  -27.863  76.904 0.0000000000
101640  21.117  -28.406  77.954 0.0000000000
100259  21.361  -28.329  76.545 0.0000000000
100261  19.861  -28.885  76.303 0.0000000000
100295  19.269  -29.518  74.447 0.0000000000
98934  19.043  -30.150  75.165 0.0000000000
94957  17.778  -34.025  84.664 0.0000000000
98796  18.059  -31.524  86.308 0.0000000000
97521  17.141  -32.500  84.766 0.0000000000
98847  17.101  -31.428  81.941 0.0000000000
100171  17.862  -30.356  83.249 0.0000000000
101570  18.112  -29.348  82.905 0.0000000000
103011  19.183  -28.194  83.685 0.0000000000
101581  18.515  -28.431  81.952 0.0000000000
101592  19.038  -27.889  80.983 0.0000000000
100208  17.721  -29.542  80.290 0.0000000000
92670  17.881  -35.473  73.853 0.0000000000
96361  17.050  -32.836  76.274 0.0000000000
108597  28.645  -23.488  71.207 0.0000000000
108642  28.887  -23.388  69.688 0.0000000000
110030  28.020  -23.051  69.766 0.0000000000
108700  24.664  -25.766  67.471 0.0000000000
110120  25.603  -25.165  67.089 0.0000000000
132229  47.939  -10.973  59.030 0.0000000000
108693  32.907  -24.279  68.924 0.0000000000
108695  31.624  -24.426  67.826 0.0000000000
107371  31.546  -24.733  68.291 0.0000000000
107354  30.262  -24.623  68.320 0.0000000000
107374  29.262  -23.548  68.056 0.0000000000
108636  35.502  -24.532  70.627 0.0000000000
108677  33.697  -24.328  69.596 0.0000000000
86080  12.984  -39.850  75.895 0.0000000000
86065  12.984  -39.049  76.798 0.0000000000
87433  11.813  -38.598  78.487 0.0000000000
83089  18.142  -39.561  79.843 0.0000000000
83107  18.304  -39.585  78.842 0.0000000000
83150  17.158  -39.647  77.907 0.0000000000
84663  16.602  -39.647  76.812 0.0000000000
84679  16.439  -39.666  75.680 0.0000000000
84699  15.966  -39.629  74.400 0.0000000000
86113  15.536  -39.293  74.858 0.0000000000
86114  14.981  -39.574  74.456 0.0000000000
123236  37.558  -16.726  60.331 0.0000000000
82945  16.467  -39.324  84.756 0.0000000000
118125  36.430  -19.588  66.506 0.0000000000
119540  36.165  -19.096  66.030 0.0000000000
120858  36.499  -18.265  65.123 0.0000000000
122033  36.300  -17.589  63.977 0.0000000000
120861  34.644  -18.545  64.108 0.0000000000
120877  33.829  -18.528  63.078 0.0000000000
84447  12.847  -38.578  84.831 0.0000000000
84487  12.590  -38.179  83.599 0.0000000000
84448  12.200  -38.489  85.420 0.0000000000
84449  10.994  -38.365  85.445 0.0000000000
84469  9.376  -38.488  84.542 0.0000000000
82879  7.210  -39.909  88.087 0.0000000000
81479  6.198  -40.704  88.066 0.0000000000
82904  5.392  -40.689  86.419 0.0000000000
81500  4.301  -41.193  85.071 0.0000000000
80180  3.272  -42.472  84.718 0.0000000000
104508  24.918  -26.498  80.208 0.0000000000
103076  23.548  -26.748  79.126 0.0000000000
103102  23.101  -26.743  77.878 0.0000000000
103077  22.894  -26.745  79.276 0.0000000000
101614  21.818  -27.320  78.848 0.0000000000
101616  20.135  -27.936  79.141 0.0000000000
92605  17.809  -35.978  80.385 0.0000000000
94979  17.138  -33.630  82.543 0.0000000000
93766  17.623  -34.255  80.582 0.0000000000
95033  17.092  -33.708  80.119 0.0000000000
96313  16.854  -32.914  79.671 0.0000000000
97612  17.065  -32.089  79.246 0.0000000000
95067  16.744  -33.772  77.615 0.0000000000
92669  18.239  -35.900  74.181 0.0000000000
109994  26.133  -24.374  71.647 0.0000000000
111389  26.270  -23.721  70.115 0.0000000000
110013  25.035  -24.481  70.416 0.0000000000
108644  24.179  -25.443  69.007 0.0000000000
135950  46.522  -9.379  59.557 0.0000000000
133526  46.455  -10.902  58.450 0.0000000000
113965  32.328  -21.761  65.615 0.0000000000
115264  31.257  -21.884  63.916 0.0000000000
113967  31.168  -22.244  65.589 0.0000000000
108727  30.219  -23.356  67.048 0.0000000000
108743  29.507  -23.947  65.411 0.0000000000
111434  36.469  -23.600  69.310 0.0000000000
112686  36.129  -22.342  68.877 0.0000000000
113922  36.349  -21.419  67.908 0.0000000000
115198  34.902  -21.455  67.258 0.0000000000
115222  33.750  -21.495  66.607 0.0000000000
97450  19.247  -32.131  87.976 0.0000000000
98771  19.364  -31.153  87.483 0.0000000000
96207  18.745  -33.467  86.886 0.0000000000
93727  17.981  -34.992  84.086 0.0000000000
92603  18.445  -36.484  81.350 0.0000000000
84617  18.973  -38.935  78.535 0.0000000000
88734  19.193  -37.910  78.909 0.0000000000
91388  18.638  -37.023  79.746 0.0000000000
87465  19.018  -38.272  76.020 0.0000000000
86131  18.572  -38.829  74.275 0.0000000000
84757  18.514  -39.415  72.902 0.0000000000
128162  42.024  -13.865  62.549 0.0000000000
125659  39.713  -14.903  60.695 0.0000000000
128172  41.228  -13.939  61.692 0.0000000000
129514  42.007  -13.117  61.846 0.0000000000
130857  42.204  -12.136  60.744 0.0000000000
132232  42.012  -11.973  59.921 0.0000000000
132244  42.673  -11.598  58.547 0.0000000000
132259  43.144  -11.899  57.985 0.0000000000
84578  15.192  -38.734  79.454 0.0000000000
84600  14.404  -38.054  79.127 0.0000000000
83076  15.223  -38.274  80.792 0.0000000000
83037  15.204  -37.831  81.991 0.0000000000
82997  14.447  -38.009  83.292 0.0000000000
82946  15.923  -39.192  84.803 0.0000000000
82973  13.738  -38.396  84.308 0.0000000000
82925  14.049  -38.755  85.696 0.0000000000
98730  19.979  -30.114  88.914 0.0000000000
94903  19.057  -33.601  87.934 0.0000000000
91340  18.861  -35.964  85.970 0.0000000000
88618  19.129  -37.718  83.697 0.0000000000
84483  18.759  -39.053  83.079 0.0000000000
84545  18.507  -39.131  81.365 0.0000000000
83072  17.252  -39.191  80.590 0.0000000000
83093  16.436  -38.885  79.937 0.0000000000
122042  40.907  -16.471  64.905 0.0000000000
123199  39.198  -16.567  63.110 0.0000000000
123212  38.336  -16.524  62.663 0.0000000000
122044  36.556  -17.033  62.964 0.0000000000
122051  36.463  -16.913  61.931 0.0000000000
123237  37.153  -16.835  60.923 0.0000000000
86015  13.613  -37.943  79.566 0.0000000000
86016  12.954  -37.871  79.771 0.0000000000
87406  11.244  -38.115  79.188 0.0000000000
84528  11.381  -37.895  82.237 0.0000000000
85989  10.509  -37.558  80.858 0.0000000000
86019  9.997  -38.556  79.386 0.0000000000
86020  9.079  -39.088  79.401 0.0000000000
83079  7.998  -40.221  79.686 0.0000000000
84430  9.345  -38.489  86.127 0.0000000000
84470  8.474  -38.416  84.625 0.0000000000
84472  6.852  -39.026  84.939 0.0000000000
84492  7.728  -38.523  83.880 0.0000000000
84533  6.806  -39.635  82.078 0.0000000000
74748  1.476  -44.230  90.868 0.0000000000
108593  31.339  -24.311  70.908 0.0000000000
109959  27.266  -24.182  73.049 0.0000000000
108575  26.192  -24.995  73.128 0.0000000000
107260  25.424  -25.741  73.996 0.0000000000
105973  24.046  -26.206  73.679 0.0000000000
105930  25.399  -26.174  76.591 0.0000000000
105950  24.133  -26.596  75.046 0.0000000000
103225  23.028  -25.977  73.853 0.0000000000
103208  22.621  -26.477  74.534 0.0000000000
103210  22.056  -27.320  74.427 0.0000000000
101738  21.614  -27.803  73.985 0.0000000000
101675  22.011  -27.820  76.943 0.0000000000
101713  20.876  -27.703  75.003 0.0000000000
101728  20.256  -28.943  73.414 0.0000000000
100319  19.414  -29.977  72.815 0.0000000000
98994  18.688  -31.348  71.925 0.0000000000
105808  22.213  -26.488  83.769 0.0000000000
100096  18.926  -30.254  87.192 0.0000000000
101504  19.004  -29.470  86.947 0.0000000000
102955  20.092  -28.359  86.322 0.0000000000
97541  17.315  -32.015  83.648 0.0000000000
101523  18.536  -29.592  85.079 0.0000000000
102970  19.991  -28.313  85.719 0.0000000000
102991  20.112  -27.841  84.855 0.0000000000
104454  20.810  -27.015  83.331 0.0000000000
103022  21.642  -26.923  82.265 0.0000000000
103052  20.454  -27.646  81.014 0.0000000000
101604  19.849  -27.858  79.907 0.0000000000
101630  19.248  -29.231  78.914 0.0000000000
98903  17.391  -31.109  78.065 0.0000000000
98913  17.732  -31.090  77.256 0.0000000000
98912  18.570  -30.392  76.989 0.0000000000
97685  17.821  -32.040  74.065 0.0000000000
108617  29.879  -24.297  70.201 0.0000000000
108662  29.013  -23.896  68.957 0.0000000000
108696  27.872  -24.126  66.958 0.0000000000
111436  26.498  -24.080  68.499 0.0000000000
108698  27.136  -24.640  67.312 0.0000000000
108730  27.703  -25.424  65.945 0.0000000000
130882  44.127  -12.003  57.607 0.0000000000
107293  32.925  -24.501  70.964 0.0000000000
107315  32.113  -24.546  70.090 0.0000000000
107279  31.986  -24.311  70.920 0.0000000000
107313  33.298  -24.544  70.766 0.0000000000
84623  14.696  -38.168  78.378 0.0000000000
84622  15.286  -38.457  78.047 0.0000000000
84621  15.915  -38.799  78.022 0.0000000000
84645  15.244  -38.215  77.335 0.0000000000
118146  32.198  -20.484  64.051 0.0000000000
116622  31.908  -20.864  63.717 0.0000000000
116596  33.074  -20.858  65.496 0.0000000000
118129  33.317  -20.207  65.219 0.0000000000
118130  32.902  -20.400  65.031 0.0000000000
118145  32.684  -20.025  64.369 0.0000000000
78845  3.940  -41.770  89.626 0.0000000000
78850  4.222  -41.733  88.664 0.0000000000
77479  3.795  -41.912  88.806 0.0000000000
78855  3.334  -42.352  87.803 0.0000000000
77480  3.520  -42.174  88.848 0.0000000000
77481  3.019  -42.599  88.987 0.0000000000
104450  23.775  -25.979  82.761 0.0000000000
104465  24.060  -26.167  82.431 0.0000000000
103035  22.675  -26.980  81.389 0.0000000000
104484  22.417  -26.864  81.795 0.0000000000
102889  21.042  -28.523  89.034 0.0000000000
101452  20.604  -29.070  88.798 0.0000000000
87508  18.910  -37.996  73.634 0.0000000000
87523  18.927  -38.155  72.622 0.0000000000
105983  23.648  -25.865  72.548 0.0000000000
105994  23.238  -25.642  71.493 0.0000000000
134727  43.312  -9.929  60.791 0.0000000000
134726  43.802  -9.691  60.382 0.0000000000
134742  44.107  -9.893  59.721 0.0000000000
134751  44.624  -10.178  59.222 0.0000000000
133529  43.883  -10.670  58.666 0.0000000000
111482  32.471  -23.651  67.400 0.0000000000
112711  32.183  -23.448  67.051 0.0000000000
111462  32.274  -23.959  67.469 0.0000000000
106090  28.544  -23.414  66.624 0.0000000000
106123  28.794  -24.375  65.764 0.0000000000
107424  28.482  -25.712  65.318 0.0000000000
108729  28.103  -25.435  65.708 0.0000000000
110098  33.301  -24.119  68.361 0.0000000000
110097  34.116  -24.001  68.398 0.0000000000
111459  33.589  -23.762  67.929 0.0000000000
111481  33.132  -23.460  67.442 0.0000000000
86050  11.191  -39.517  77.415 0.0000000000
84624  10.980  -40.248  77.268 0.0000000000
84625  10.580  -40.043  77.689 0.0000000000
84626  10.063  -39.900  78.099 0.0000000000
86034  10.235  -39.171  78.448 0.0000000000
85984  19.208  -38.481  81.330 0.0000000000
88633  19.152  -37.411  82.421 0.0000000000
85999  19.263  -38.969  80.579 0.0000000000
84677  17.602  -40.243  75.881 0.0000000000
84717  16.995  -40.065  73.918 0.0000000000
103251  21.707  -28.563  72.524 0.0000000000
123219  38.870  -15.903  61.977 0.0000000000
124371  39.328  -15.611  62.012 0.0000000000
124372  38.903  -15.867  61.690 0.0000000000
128194  40.536  -14.344  58.996 0.0000000000
83014  16.543  -39.139  82.770 0.0000000000
83015  16.094  -38.880  82.776 0.0000000000
82993  16.634  -39.185  83.446 0.0000000000
83013  16.949  -39.293  82.761 0.0000000000
83033  16.901  -39.240  82.059 0.0000000000
121993  37.212  -17.796  65.446 0.0000000000
121991  38.422  -17.735  65.541 0.0000000000
122014  38.839  -17.406  64.909 0.0000000000
84504  13.610  -37.932  82.579 0.0000000000
84505  12.826  -38.104  82.826 0.0000000000
84509  8.952  -38.004  82.918 0.0000000000
84531  8.211  -38.195  81.730 0.0000000000
84510  7.983  -38.504  82.914 0.0000000000
82858  8.002  -39.435  88.642 0.0000000000
83022  5.479  -40.485  82.450 0.0000000000
104550  25.013  -26.338  78.306 0.0000000000
104551  24.528  -26.808  78.165 0.0000000000
103120  24.243  -27.510  77.186 0.0000000000
103145  23.755  -28.134  76.676 0.0000000000
103121  23.671  -27.590  77.385 0.0000000000
101641  20.379  -28.936  78.059 0.0000000000
101656  20.703  -29.035  77.178 0.0000000000
101677  19.903  -29.171  76.884 0.0000000000
98923  19.414  -29.575  75.882 0.0000000000
100262  19.403  -29.676  76.729 0.0000000000
94977  17.526  -34.578  83.288 0.0000000000
94958  17.410  -33.516  84.452 0.0000000000
94978  17.323  -34.117  83.044 0.0000000000
98859  17.096  -31.361  81.157 0.0000000000
100184  17.454  -30.591  82.143 0.0000000000
100183  17.782  -29.909  82.456 0.0000000000
101582  18.090  -29.042  82.196 0.0000000000
100195  17.714  -29.388  81.426 0.0000000000
100194  17.975  -28.664  81.108 0.0000000000
109992  27.959  -23.624  71.455 0.0000000000
110009  28.300  -23.427  71.044 0.0000000000
110010  27.911  -23.363  70.763 0.0000000000
107369  32.640  -24.368  69.298 0.0000000000
107370  32.176  -24.530  68.919 0.0000000000
107336  30.648  -24.916  68.971 0.0000000000
107353  31.023  -24.960  68.610 0.0000000000
106057  29.954  -24.616  67.974 0.0000000000
107355  29.750  -24.195  68.326 0.0000000000
108635  35.978  -24.246  70.848 0.0000000000
107349  33.507  -24.455  70.090 0.0000000000
108678  33.046  -24.335  69.386 0.0000000000
86049  12.109  -38.828  77.681 0.0000000000
86032  12.378  -38.185  78.739 0.0000000000
83109  17.408  -39.373  79.137 0.0000000000
83130  17.497  -39.608  78.437 0.0000000000
83131  17.173  -39.404  78.526 0.0000000000
84642  16.800  -39.168  77.600 0.0000000000
84680  15.913  -39.250  75.387 0.0000000000
84681  15.567  -38.979  75.583 0.0000000000
86078  14.520  -38.777  76.144 0.0000000000
115239  35.822  -20.754  66.813 0.0000000000
116593  35.482  -20.487  66.518 0.0000000000
119541  35.626  -19.233  65.734 0.0000000000
119556  35.267  -18.972  65.145 0.0000000000
119555  35.965  -18.775  65.446 0.0000000000
120860  35.178  -18.583  64.393 0.0000000000
119557  34.574  -18.872  64.685 0.0000000000
119573  33.064  -19.432  63.522 0.0000000000
119572  33.699  -18.887  63.724 0.0000000000
119587  33.441  -19.034  62.882 0.0000000000
82950  12.934  -38.696  85.254 0.0000000000
84468  10.359  -38.431  84.573 0.0000000000
84450  9.960  -38.524  85.368 0.0000000000
81469  6.663  -40.555  89.144 0.0000000000
81474  6.706  -40.435  88.536 0.0000000000
80165  4.893  -41.413  87.235 0.0000000000
80164  5.427  -41.103  87.306 0.0000000000
81485  4.896  -41.023  86.480 0.0000000000
81491  4.574  -41.000  85.622 0.0000000000
81490  4.461  -41.106  85.817 0.0000000000
80179  3.891  -41.871  84.537 0.0000000000
80170  3.655  -41.706  85.573 0.0000000000
78860  2.787  -42.765  86.424 0.0000000000
78868  2.644  -42.934  85.651 0.0000000000
76077  2.181  -43.594  88.357 0.0000000000
76078  1.727  -44.192  88.395 0.0000000000
76066  1.544  -44.067  89.227 0.0000000000
104496  24.448  -26.745  80.939 0.0000000000
104495  25.364  -26.188  81.103 0.0000000000
104509  24.219  -26.810  80.244 0.0000000000
103062  24.211  -26.745  79.638 0.0000000000
103063  23.535  -26.902  79.937 0.0000000000
103065  21.971  -27.358  80.177 0.0000000000
103078  22.266  -27.110  79.399 0.0000000000
103079  21.518  -27.493  79.549 0.0000000000
101615  21.007  -27.627  78.990 0.0000000000
101603  20.679  -27.676  79.688 0.0000000000
91401  18.110  -37.289  78.253 0.0000000000
93765  17.734  -35.267  80.401 0.0000000000
92619  17.511  -35.988  79.037 0.0000000000
92634  17.519  -36.026  77.339 0.0000000000
93784  17.326  -35.275  78.571 0.0000000000
93785  17.528  -34.415  78.883 0.0000000000
95044  17.046  -33.714  79.305 0.0000000000
95055  16.914  -33.737  78.483 0.0000000000
93808  17.092  -34.581  77.237 0.0000000000
92660  18.064  -35.876  74.882 0.0000000000
108598  25.303  -24.732  71.822 0.0000000000
109995  25.341  -24.442  71.230 0.0000000000
108599  24.622  -24.892  71.311 0.0000000000
107298  23.731  -25.547  70.244 0.0000000000
108622  24.172  -25.284  69.739 0.0000000000
107319  23.855  -25.862  69.410 0.0000000000
133527  45.597  -10.693  58.508 0.0000000000
134749  45.966  -10.323  58.902 0.0000000000
133536  45.971  -11.245  58.139 0.0000000000
133535  46.406  -11.302  58.178 0.0000000000
132256  45.703  -11.729  57.639 0.0000000000
113949  32.591  -21.985  66.156 0.0000000000
113966  31.952  -21.965  65.672 0.0000000000
113950  31.885  -22.289  66.284 0.0000000000
111494  30.654  -23.128  66.380 0.0000000000
112743  30.651  -22.735  65.840 0.0000000000
111505  30.061  -23.065  64.996 0.0000000000
110150  29.811  -23.841  64.842 0.0000000000
107386  31.004  -24.362  67.806 0.0000000000
108708  31.090  -24.181  67.464 0.0000000000
108710  30.026  -23.435  67.345 0.0000000000
107422  29.555  -24.965  64.924 0.0000000000
108756  29.826  -24.713  64.465 0.0000000000
110070  36.282  -24.239  69.487 0.0000000000
111418  36.721  -24.014  69.626 0.0000000000
110094  35.951  -23.787  69.158 0.0000000000
111478  35.291  -22.749  68.362 0.0000000000
111456  35.858  -22.932  68.905 0.0000000000
111477  35.640  -22.457  68.484 0.0000000000
112704  36.417  -21.733  68.391 0.0000000000
112706  35.514  -22.223  68.065 0.0000000000
113923  35.829  -21.674  67.666 0.0000000000
113924  35.213  -21.846  67.606 0.0000000000
112729  32.942  -22.316  66.639 0.0000000000
113926  33.898  -21.990  67.133 0.0000000000
113948  33.295  -22.002  66.618 0.0000000000
115223  33.173  -21.494  66.088 0.0000000000
94915  19.014  -34.022  86.929 0.0000000000
96194  18.641  -33.135  87.485 0.0000000000
94927  18.947  -33.948  86.305 0.0000000000
91373  18.653  -36.417  82.897 0.0000000000
92578  18.182  -35.687  84.461 0.0000000000
92585  18.272  -35.733  83.607 0.0000000000
92591  18.319  -36.118  82.618 0.0000000000
92596  18.473  -36.481  82.016 0.0000000000
83129  17.894  -39.716  78.181 0.0000000000
84618  18.683  -39.213  78.508 0.0000000000
83147  18.347  -39.554  77.634 0.0000000000
84675  18.660  -39.547  76.357 0.0000000000
84658  18.973  -38.970  77.395 0.0000000000
86076  19.359  -38.711  77.058 0.0000000000
90053  18.828  -37.543  79.501 0.0000000000
88751  19.234  -37.875  78.037 0.0000000000
91400  18.517  -37.562  78.406 0.0000000000
86094  19.143  -38.682  76.321 0.0000000000
84737  18.371  -39.240  73.905 0.0000000000
84758  18.150  -39.968  72.421 0.0000000000
84719  15.791  -40.169  73.712 0.0000000000
123208  41.204  -15.567  65.164 0.0000000000
125632  40.959  -14.918  62.554 0.0000000000
126884  41.782  -14.516  63.202 0.0000000000
128163  41.531  -14.365  62.446 0.0000000000
128153  42.423  -13.737  63.414 0.0000000000
124403  39.005  -15.783  59.909 0.0000000000
124388  39.132  -15.732  60.715 0.0000000000
128179  40.152  -14.269  60.596 0.0000000000
129519  41.081  -13.643  60.836 0.0000000000
129515  41.639  -13.490  61.601 0.0000000000
129518  41.482  -13.229  61.052 0.0000000000
130849  42.196  -12.432  61.254 0.0000000000
130850  41.869  -12.764  61.029 0.0000000000
130862  41.752  -12.463  59.674 0.0000000000
132231  42.545  -11.372  59.793 0.0000000000
130868  42.216  -12.179  58.527 0.0000000000
83094  15.875  -38.884  80.078 0.0000000000
83095  15.297  -38.648  80.130 0.0000000000
83075  15.627  -38.707  80.755 0.0000000000
83016  15.608  -38.548  82.760 0.0000000000
83017  15.159  -38.075  82.719 0.0000000000
83018  14.678  -37.612  82.566 0.0000000000
82996  15.040  -38.445  83.408 0.0000000000
82947  15.315  -38.918  84.871 0.0000000000
82948  14.589  -38.570  84.944 0.0000000000
97441  19.481  -31.774  88.548 0.0000000000
88606  18.931  -37.260  84.041 0.0000000000
83030  18.121  -39.364  82.410 0.0000000000
84503  18.489  -39.283  82.621 0.0000000000
84523  18.475  -39.140  82.031 0.0000000000
83051  18.105  -39.241  81.731 0.0000000000
83071  17.711  -39.325  80.667 0.0000000000
83055  16.329  -39.068  81.338 0.0000000000
83073  16.753  -39.032  80.498 0.0000000000
83113  15.616  -38.811  79.586 0.0000000000
113978  30.938  -22.259  64.495 0.0000000000
123200  38.325  -16.989  63.674 0.0000000000
122034  35.693  -17.651  63.734 0.0000000000
122045  35.565  -17.450  63.095 0.0000000000
122061  35.403  -17.711  61.419 0.0000000000
122052  35.795  -17.221  62.150 0.0000000000
122060  35.967  -17.335  61.289 0.0000000000
123230  37.080  -16.709  61.651 0.0000000000
122059  36.601  -17.090  61.077 0.0000000000
84563  14.617  -38.080  80.317 0.0000000000
84601  13.980  -37.932  79.514 0.0000000000
84581  13.812  -37.976  80.102 0.0000000000
85987  12.496  -37.821  81.033 0.0000000000
86000  12.860  -37.920  80.585 0.0000000000
86001  12.166  -37.507  80.378 0.0000000000
86017  11.749  -37.665  79.455 0.0000000000
86002  11.125  -37.484  80.214 0.0000000000
84488  11.666  -37.980  83.782 0.0000000000
84506  11.972  -37.800  82.996 0.0000000000
85973  9.948  -37.738  81.454 0.0000000000
86003  10.183  -37.866  80.112 0.0000000000
86004  9.393  -38.479  80.211 0.0000000000
84568  7.700  -39.349  80.584 0.0000000000
84567  8.024  -39.371  80.075 0.0000000000
83080  7.317  -40.128  80.472 0.0000000000
84410  9.066  -38.742  87.107 0.0000000000
84452  8.393  -38.616  85.434 0.0000000000
84413  6.503  -39.998  86.509 0.0000000000
84433  6.784  -39.592  86.120 0.0000000000
82999  6.354  -39.290  84.406 0.0000000000
84493  6.930  -38.898  84.123 0.0000000000
84511  6.972  -39.172  83.048 0.0000000000
84512  6.421  -39.529  82.498 0.0000000000
74747  1.745  -43.938  90.467 0.0000000000
76047  2.278  -44.530  91.303 0.0000000000
74731  1.376  -45.245  91.031 0.0000000000
74749  1.131  -45.114  90.673 0.0000000000
109957  29.134  -23.534  72.680 0.0000000000
109943  26.943  -24.202  73.872 0.0000000000
109960  26.630  -24.670  73.424 0.0000000000
108518  25.606  -25.178  74.776 0.0000000000
108536  25.619  -25.291  74.157 0.0000000000
107252  25.159  -26.093  74.227 0.0000000000
107261  24.971  -25.923  73.600 0.0000000000
105962  24.703  -26.288  74.221 0.0000000000
104564  25.463  -25.853  78.217 0.0000000000
105917  25.542  -25.967  77.147 0.0000000000
103167  23.879  -26.874  75.703 0.0000000000
104594  24.416  -26.713  76.012 0.0000000000
104606  23.532  -26.577  75.280 0.0000000000
104625  23.548  -26.284  74.687 0.0000000000
103207  23.001  -26.196  74.380 0.0000000000
101723  22.302  -27.468  75.309 0.0000000000
103209  22.315  -27.096  74.690 0.0000000000
101724  21.954  -27.486  74.921 0.0000000000
101737  21.860  -27.502  74.351 0.0000000000
101725  21.472  -27.629  74.652 0.0000000000
101625  22.342  -26.439  77.827 0.0000000000
101637  22.664  -27.207  77.618 0.0000000000
101638  22.261  -27.405  77.765 0.0000000000
100274  20.398  -28.438  75.815 0.0000000000
100273  21.015  -27.989  76.157 0.0000000000
100293  20.324  -28.338  75.094 0.0000000000
101714  20.522  -28.094  74.521 0.0000000000
100306  20.262  -28.590  74.465 0.0000000000
100318  19.731  -29.293  73.185 0.0000000000
100307  19.902  -29.076  73.980 0.0000000000
98948  18.901  -30.411  74.129 0.0000000000
98965  19.058  -30.653  73.244 0.0000000000
98981  18.576  -31.411  72.701 0.0000000000
97720  18.204  -32.273  71.906 0.0000000000
97478  18.434  -32.270  87.202 0.0000000000
98772  19.020  -31.391  87.097 0.0000000000
100124  18.425  -30.938  86.263 0.0000000000
100110  18.844  -30.433  86.465 0.0000000000
101506  18.912  -29.746  86.186 0.0000000000
101505  19.315  -29.169  86.410 0.0000000000
96278  17.154  -33.183  82.048 0.0000000000
97558  17.119  -32.561  83.734 0.0000000000
97559  17.335  -32.378  83.159 0.0000000000
101558  18.210  -29.595  83.619 0.0000000000
100157  17.978  -30.343  83.978 0.0000000000
102993  18.841  -28.963  84.452 0.0000000000
102971  19.451  -28.570  85.316 0.0000000000
102992  19.433  -28.320  84.563 0.0000000000
103025  19.193  -28.061  82.730 0.0000000000
103010  20.001  -27.470  83.949 0.0000000000
103024  20.190  -27.409  82.797 0.0000000000
104469  20.872  -27.078  82.784 0.0000000000
103037  20.843  -27.411  81.785 0.0000000000
100206  18.617  -28.310  80.285 0.0000000000
101605  18.992  -28.110  80.313 0.0000000000
101617  19.312  -28.581  79.542 0.0000000000
101618  18.903  -29.117  79.319 0.0000000000
96335  16.812  -32.850  78.039 0.0000000000
98892  17.292  -31.242  78.860 0.0000000000
97637  17.366  -32.044  77.643 0.0000000000
96377  17.335  -32.891  75.424 0.0000000000
97649  17.405  -31.971  76.784 0.0000000000
97659  17.559  -31.945  75.907 0.0000000000
98925  18.194  -31.256  76.503 0.0000000000
98935  18.331  -31.173  75.572 0.0000000000
97670  17.761  -32.000  75.016 0.0000000000
108571  30.925  -23.949  71.576 0.0000000000
108594  30.460  -24.159  70.848 0.0000000000
110050  28.547  -23.507  68.987 0.0000000000
108663  28.998  -23.746  69.272 0.0000000000
110073  28.580  -23.687  68.547 0.0000000000
108679  28.276  -23.672  67.946 0.0000000000
108680  27.863  -23.931  67.812 0.0000000000
111404  25.649  -24.219  69.492 0.0000000000
111403  26.208  -23.844  69.460 0.0000000000
110053  25.589  -24.269  68.727 0.0000000000
108714  26.057  -25.374  66.668 0.0000000000
110119  26.244  -24.864  67.150 0.0000000000
108713  26.906  -25.032  66.829 0.0000000000
108731  27.172  -25.506  66.069 0.0000000000
132228  48.416  -10.858  59.082 0.0000000000
132227  48.922  -10.666  59.120 0.0000000000
132226  49.201  -10.453  59.114 0.0000000000
130900  43.969  -12.828  57.193 0.0000000000
107333  32.525  -24.556  69.890 0.0000000000
107334  31.948  -24.846  69.562 0.0000000000
107316  31.505  -24.704  69.803 0.0000000000
107317  30.895  -24.774  69.551 0.0000000000
107332  33.120  -24.507  70.241 0.0000000000
86079  13.735  -39.179  75.996 0.0000000000
84619  16.823  -39.085  78.146 0.0000000000
84665  15.606  -38.733  76.132 0.0000000000
86062  15.336  -38.338  76.746 0.0000000000
118159  32.451  -19.907  63.195 0.0000000000
116594  34.567  -20.406  66.159 0.0000000000
118128  34.063  -19.948  65.509 0.0000000000
118143  34.264  -19.338  65.126 0.0000000000
119558  33.885  -19.056  64.505 0.0000000000
82895  12.904  -39.042  86.800 0.0000000000
84427  12.368  -38.741  86.434 0.0000000000
84406  12.462  -38.866  86.995 0.0000000000
78857  4.535  -41.685  87.646 0.0000000000
78858  4.056  -41.739  87.319 0.0000000000
78866  3.618  -41.852  86.533 0.0000000000
78859  3.297  -42.346  87.128 0.0000000000
77513  2.604  -42.988  87.111 0.0000000000
77499  2.652  -43.038  88.121 0.0000000000
77482  2.468  -43.087  89.083 0.0000000000
104464  24.580  -26.228  82.265 0.0000000000
104497  23.863  -27.008  81.000 0.0000000000
103049  23.260  -27.140  80.841 0.0000000000
103050  22.338  -27.098  80.846 0.0000000000
103051  21.483  -27.444  80.976 0.0000000000
88794  18.788  -37.760  75.367 0.0000000000
92633  17.760  -36.648  77.801 0.0000000000
90118  18.663  -37.510  75.444 0.0000000000
92642  17.726  -36.626  76.947 0.0000000000
92650  17.864  -36.555  76.177 0.0000000000
92651  17.899  -36.070  75.621 0.0000000000
90150  18.865  -37.097  73.821 0.0000000000
88857  18.825  -37.535  72.550 0.0000000000
107280  24.116  -25.655  71.690 0.0000000000
107281  23.540  -25.590  70.963 0.0000000000
133497  42.917  -10.447  61.227 0.0000000000
134694  43.425  -10.136  62.069 0.0000000000
134740  45.553  -9.840  59.380 0.0000000000
133528  44.727  -10.497  58.603 0.0000000000
113951  31.505  -22.565  66.278 0.0000000000
112731  31.857  -22.977  66.744 0.0000000000
111493  31.231  -23.392  66.758 0.0000000000
110131  30.593  -23.456  66.958 0.0000000000
107388  29.598  -23.310  66.989 0.0000000000
107389  29.188  -23.369  66.326 0.0000000000
107405  29.039  -24.109  65.840 0.0000000000
107423  29.080  -25.110  65.351 0.0000000000
110072  35.115  -24.070  69.181 0.0000000000
110095  35.419  -23.721  68.989 0.0000000000
111458  34.802  -23.528  68.423 0.0000000000
111479  34.646  -23.145  68.103 0.0000000000
112709  33.343  -22.688  67.064 0.0000000000
86066  12.051  -39.742  76.663 0.0000000000
83115  9.860  -40.633  78.083 0.0000000000
84603  9.273  -39.841  78.618 0.0000000000
91350  18.426  -36.324  84.738 0.0000000000
92571  18.325  -35.595  85.226 0.0000000000
91358  18.679  -36.588  83.809 0.0000000000
91365  18.783  -36.646  83.167 0.0000000000
88675  19.250  -37.820  80.603 0.0000000000
84662  17.151  -40.169  76.589 0.0000000000
83166  17.955  -40.261  77.021 0.0000000000
84661  17.778  -40.292  76.564 0.0000000000
84676  18.280  -40.076  76.054 0.0000000000
84695  18.307  -40.104  75.225 0.0000000000
84694  18.607  -39.501  75.624 0.0000000000
84715  18.038  -39.754  74.442 0.0000000000
84739  17.574  -40.097  73.144 0.0000000000
84740  17.058  -40.353  72.900 0.0000000000
124351  40.306  -15.984  63.449 0.0000000000
124362  40.655  -15.511  63.114 0.0000000000
124363  40.110  -15.594  62.873 0.0000000000
125625  40.176  -15.180  62.488 0.0000000000
125634  39.936  -14.989  61.940 0.0000000000
125678  39.640  -14.939  60.130 0.0000000000
126929  39.878  -14.718  59.656 0.0000000000
128181  40.578  -13.812  59.991 0.0000000000
129525  41.355  -12.950  60.123 0.0000000000
128189  40.768  -13.931  59.331 0.0000000000
129539  41.189  -13.555  59.017 0.0000000000
129538  41.644  -13.153  58.648 0.0000000000
83056  15.827  -38.786  81.394 0.0000000000
83035  15.970  -38.839  82.070 0.0000000000
83031  17.732  -39.341  82.239 0.0000000000
83053  17.299  -39.214  81.368 0.0000000000
83032  17.328  -39.297  82.116 0.0000000000
122013  39.629  -17.301  65.106 0.0000000000
123183  38.604  -17.202  64.345 0.0000000000
123201  37.760  -17.008  63.621 0.0000000000
84524  14.137  -37.590  81.671 0.0000000000
84565  13.877  -37.878  80.809 0.0000000000
84525  13.786  -37.845  81.936 0.0000000000
84548  13.121  -38.007  81.445 0.0000000000
84549  12.363  -37.879  81.645 0.0000000000
84489  10.682  -38.095  83.808 0.0000000000
84508  10.016  -37.862  83.010 0.0000000000
85974  9.106  -37.807  81.329 0.0000000000
85991  8.691  -38.139  80.712 0.0000000000
84393  8.719  -38.952  87.449 0.0000000000
84411  7.949  -38.945  87.138 0.0000000000
82952  5.677  -40.398  85.420 0.0000000000
84455  6.508  -39.840  85.511 0.0000000000
83000  5.672  -39.611  83.966 0.0000000000
83021  5.917  -39.620  82.951 0.0000000000
109924  26.656  -24.317  74.669 0.0000000000
109906  26.281  -24.566  75.310 0.0000000000
109907  25.769  -24.859  75.228 0.0000000000
108487  25.742  -25.467  75.852 0.0000000000
104520  25.463  -26.298  79.740 0.0000000000
104532  25.786  -25.997  79.448 0.0000000000
104533  25.212  -26.237  79.054 0.0000000000
104580  24.811  -26.459  76.728 0.0000000000
103119  24.640  -27.016  76.958 0.0000000000
103168  23.768  -27.218  75.708 0.0000000000
103190  23.077  -27.154  75.203 0.0000000000
103169  23.624  -27.890  75.641 0.0000000000
103170  22.969  -28.254  76.056 0.0000000000
101695  22.763  -27.930  75.951 0.0000000000
101639  21.808  -27.914  77.925 0.0000000000
100246  21.623  -28.321  76.955 0.0000000000
101655  21.445  -28.426  77.366 0.0000000000
100260  20.834  -28.862  76.289 0.0000000000
100275  19.746  -28.932  75.480 0.0000000000
98933  19.379  -29.471  75.406 0.0000000000
96234  17.821  -33.239  85.479 0.0000000000
98784  18.319  -31.719  86.690 0.0000000000
97507  17.763  -32.438  86.026 0.0000000000
97520  17.384  -32.456  85.379 0.0000000000
98808  17.400  -31.631  84.877 0.0000000000
97579  17.037  -32.258  81.593 0.0000000000
98836  17.347  -31.472  82.723 0.0000000000
100172  17.620  -30.714  82.755 0.0000000000
101557  18.589  -28.757  83.246 0.0000000000
101569  18.567  -28.594  82.545 0.0000000000
103039  19.032  -28.128  82.155 0.0000000000
101593  18.328  -28.357  81.304 0.0000000000
100207  18.209  -28.533  80.539 0.0000000000
100219  18.016  -29.899  79.566 0.0000000000
95086  17.278  -33.788  75.904 0.0000000000
95093  17.301  -33.880  74.993 0.0000000000
95102  17.305  -33.919  74.038 0.0000000000
96407  17.416  -32.949  73.548 0.0000000000
93858  17.789  -34.642  72.629 0.0000000000
108573  29.440  -23.527  71.620 0.0000000000
108595  29.720  -23.911  70.905 0.0000000000
108619  28.726  -23.227  70.561 0.0000000000
108643  28.552  -23.108  70.045 0.0000000000
110051  27.468  -23.286  68.778 0.0000000000
110079  24.511  -25.199  68.057 0.0000000000
110078  24.938  -24.670  67.983 0.0000000000
108699  24.939  -25.606  67.333 0.0000000000
133525  47.110  -10.795  58.648 0.0000000000
133524  47.489  -10.652  58.891 0.0000000000
110099  32.547  -24.059  68.289 0.0000000000
110100  32.056  -24.188  67.891 0.0000000000
108694  32.102  -24.339  68.433 0.0000000000
107372  30.695  -24.563  68.019 0.0000000000
107352  31.779  -24.880  68.902 0.0000000000
107373  30.091  -24.005  67.976 0.0000000000
106088  29.769  -23.589  67.758 0.0000000000
106074  28.996  -23.200  67.486 0.0000000000
107375  28.485  -23.491  67.432 0.0000000000
110028  36.099  -24.433  70.580 0.0000000000
108658  35.223  -24.461  69.791 0.0000000000
108659  34.636  -24.443  70.077 0.0000000000
108676  34.606  -24.247  69.315 0.0000000000
108692  33.850  -24.339  68.867 0.0000000000
87434  11.304  -38.879  78.139 0.0000000000
84577  18.640  -39.418  80.166 0.0000000000
83108  17.815  -39.537  79.061 0.0000000000
83149  17.524  -39.895  77.761 0.0000000000
83169  16.882  -39.572  77.517 0.0000000000
83168  17.036  -39.969  77.320 0.0000000000
84698  16.470  -39.729  74.663 0.0000000000
86132  15.527  -39.677  74.260 0.0000000000
123228  38.171  -16.274  60.841 0.0000000000
124379  38.736  -15.954  61.163 0.0000000000
123235  38.176  -16.500  59.967 0.0000000000
82968  16.766  -39.263  84.085 0.0000000000
82944  16.938  -39.382  84.691 0.0000000000
116591  36.573  -20.007  66.941 0.0000000000
118109  37.050  -19.602  66.851 0.0000000000
118126  35.801  -19.718  66.215 0.0000000000
119554  36.478  -18.688  65.693 0.0000000000
120840  36.871  -18.429  65.615 0.0000000000
120857  36.969  -18.009  65.421 0.0000000000
122016  37.014  -17.623  64.858 0.0000000000
120873  36.180  -18.084  64.508 0.0000000000
120874  35.645  -18.046  64.113 0.0000000000
120875  34.972  -18.143  63.848 0.0000000000
119571  34.197  -18.710  64.134 0.0000000000
120876  34.292  -18.313  63.586 0.0000000000
120891  34.262  -18.196  62.757 0.0000000000
120892  33.807  -18.632  62.348 0.0000000000
84465  13.216  -38.423  84.189 0.0000000000
84466  12.329  -38.265  84.430 0.0000000000
84467  11.371  -38.211  84.604 0.0000000000
82880  6.696  -40.279  87.900 0.0000000000
82903  5.934  -40.438  86.686 0.0000000000
81483  5.853  -40.758  87.340 0.0000000000
82927  5.713  -40.472  86.092 0.0000000000
82928  5.095  -40.745  85.891 0.0000000000
82977  4.631  -40.886  84.735 0.0000000000
81512  4.463  -41.302  84.179 0.0000000000
80190  3.740  -42.570  84.026 0.0000000000
80171  3.172  -42.217  85.393 0.0000000000
104507  25.796  -26.079  80.474 0.0000000000
104521  24.772  -26.485  79.375 0.0000000000
103075  24.172  -26.793  78.954 0.0000000000
103086  24.144  -26.988  78.367 0.0000000000
103101  23.624  -27.100  77.901 0.0000000000
103087  23.588  -26.779  78.453 0.0000000000
103088  22.985  -26.489  78.534 0.0000000000
103089  22.329  -26.708  78.689 0.0000000000
101627  21.377  -27.689  78.375 0.0000000000
101628  20.596  -28.118  78.463 0.0000000000
93755  17.842  -35.663  81.178 0.0000000000
94988  17.404  -34.387  82.459 0.0000000000
93756  17.733  -34.707  81.394 0.0000000000
95004  17.458  -33.821  81.552 0.0000000000
95019  17.262  -33.659  80.840 0.0000000000
93774  17.497  -35.233  79.424 0.0000000000
93775  17.587  -34.382  79.765 0.0000000000
96292  17.099  -33.018  81.215 0.0000000000
96302  16.940  -32.944  80.453 0.0000000000
97591  16.970  -32.164  80.800 0.0000000000
98871  17.210  -31.311  80.385 0.0000000000
95077  17.087  -33.743  76.775 0.0000000000
93817  17.406  -35.436  75.995 0.0000000000
93818  17.189  -34.626  76.374 0.0000000000
93826  17.290  -34.726  75.496 0.0000000000
92680  18.252  -35.864  73.467 0.0000000000
110011  26.883  -23.643  70.619 0.0000000000
110012  25.869  -24.085  70.709 0.0000000000
110032  24.979  -24.585  69.642 0.0000000000
108621  24.292  -25.020  70.455 0.0000000000
110014  24.566  -24.844  69.928 0.0000000000
110055  24.467  -24.947  68.579 0.0000000000
108664  24.291  -25.602  68.349 0.0000000000
134738  47.126  -10.007  59.118 0.0000000000
134739  46.279  -9.860  59.211 0.0000000000
134748  46.678  -10.391  58.850 0.0000000000
132255  46.491  -11.630  57.829 0.0000000000
116597  32.525  -21.053  65.132 0.0000000000
115252  31.716  -21.374  64.239 0.0000000000
115241  32.104  -21.574  65.070 0.0000000000
115253  31.454  -21.854  64.776 0.0000000000
113979  30.599  -22.587  64.924 0.0000000000
110116  31.565  -24.134  67.377 0.0000000000
110132  30.088  -23.234  66.678 0.0000000000
108728  29.775  -23.315  66.681 0.0000000000
110142  29.842  -23.144  65.881 0.0000000000
111433  36.573  -22.883  69.270 0.0000000000
113946  36.278  -21.084  67.547 0.0000000000
115196  35.845  -21.210  67.302 0.0000000000
116552  35.131  -21.203  66.970 0.0000000000
113925  34.543  -21.871  67.562 0.0000000000
115199  34.316  -21.446  67.065 0.0000000000
116574  34.238  -21.007  66.497 0.0000000000
116575  33.608  -21.086  66.115 0.0000000000
98747  19.599  -30.933  88.306 0.0000000000
100070  19.428  -30.380  88.003 0.0000000000
97464  19.169  -31.957  87.881 0.0000000000
97477  18.855  -32.045  87.611 0.0000000000
96208  18.475  -33.227  86.616 0.0000000000
93704  18.504  -34.853  85.653 0.0000000000
94943  18.462  -33.982  85.605 0.0000000000
96221  18.119  -33.117  86.068 0.0000000000
93737  17.767  -35.020  83.052 0.0000000000
93748  17.813  -35.474  82.044 0.0000000000
84576  18.962  -39.138  79.710 0.0000000000
86029  19.354  -38.960  79.183 0.0000000000
88716  19.235  -37.886  79.901 0.0000000000
84641  18.452  -39.645  77.347 0.0000000000
86045  19.264  -38.715  78.578 0.0000000000
88717  19.030  -37.854  79.600 0.0000000000
90045  18.950  -37.133  80.378 0.0000000000
91382  18.653  -36.663  80.644 0.0000000000
92604  18.125  -36.240  80.806 0.0000000000
91389  18.337  -36.625  79.908 0.0000000000
91395  18.269  -36.880  79.155 0.0000000000
90086  18.695  -37.785  76.767 0.0000000000
84713  18.635  -38.968  75.411 0.0000000000
86130  18.677  -38.626  74.909 0.0000000000
87476  18.790  -38.186  75.289 0.0000000000
86148  18.737  -38.503  74.257 0.0000000000
86149  18.708  -38.652  73.470 0.0000000000
84771  18.551  -39.650  71.888 0.0000000000
84741  16.443  -40.683  72.770 0.0000000000
129511  42.858  -12.559  63.337 0.0000000000
124378  39.232  -15.673  61.375 0.0000000000
126899  40.123  -14.616  61.452 0.0000000000
126922  39.922  -14.565  60.378 0.0000000000
126912  40.051  -14.463  60.952 0.0000000000
128173  40.664  -14.163  61.405 0.0000000000
128171  41.762  -13.629  61.891 0.0000000000
130840  42.761  -12.250  62.865 0.0000000000
130847  42.506  -12.404  62.146 0.0000000000
132216  42.607  -11.900  61.624 0.0000000000
132223  42.447  -11.685  60.868 0.0000000000
130858  41.893  -12.487  60.516 0.0000000000
132224  42.170  -11.891  60.383 0.0000000000
132230  43.036  -10.906  59.592 0.0000000000
132243  43.161  -11.006  59.002 0.0000000000
84599  14.901  -38.535  78.913 0.0000000000
84579  14.719  -38.425  79.767 0.0000000000
83096  14.903  -38.312  80.390 0.0000000000
83077  14.789  -37.944  80.791 0.0000000000
83057  15.466  -38.289  81.388 0.0000000000
83058  15.018  -37.884  81.319 0.0000000000
83038  14.581  -37.491  81.780 0.0000000000
82998  14.106  -37.791  82.851 0.0000000000
84485  14.044  -38.177  83.698 0.0000000000
82969  16.322  -39.131  84.145 0.0000000000
82970  15.790  -38.904  84.179 0.0000000000
82971  15.135  -38.649  84.177 0.0000000000
82972  14.314  -38.356  84.109 0.0000000000
82949  13.605  -38.567  84.915 0.0000000000
82894  13.670  -39.018  86.454 0.0000000000
101446  20.669  -28.990  89.062 0.0000000000
100057  20.182  -29.766  88.934 0.0000000000
98740  19.709  -30.975  88.718 0.0000000000
96179  18.940  -32.791  88.145 0.0000000000
94904  18.991  -33.813  87.511 0.0000000000
93680  19.038  -34.462  86.996 0.0000000000
92559  18.806  -35.285  86.447 0.0000000000
89994  18.653  -36.587  84.878 0.0000000000
88619  19.037  -37.483  83.359 0.0000000000
85970  19.049  -38.373  81.787 0.0000000000
85961  19.055  -38.483  82.678 0.0000000000
84522  18.741  -38.825  81.714 0.0000000000
84562  18.691  -39.335  80.806 0.0000000000
83070  18.214  -39.387  80.876 0.0000000000
83090  17.600  -39.356  79.853 0.0000000000
83091  17.196  -39.174  79.828 0.0000000000
83092  16.912  -38.942  79.726 0.0000000000
83111  16.677  -38.896  79.151 0.0000000000
83112  16.079  -38.871  79.396 0.0000000000
84598  15.575  -38.816  78.867 0.0000000000
122040  41.300  -15.843  65.091 0.0000000000
123210  40.943  -16.166  64.525 0.0000000000
123181  39.883  -17.040  64.519 0.0000000000
123198  39.880  -16.544  63.736 0.0000000000
124352  39.801  -16.105  63.171 0.0000000000
123211  38.891  -16.010  62.400 0.0000000000
122032  37.272  -17.154  63.790 0.0000000000
122043  37.123  -16.953  63.186 0.0000000000
123222  37.015  -16.655  62.480 0.0000000000
123221  37.634  -16.460  62.170 0.0000000000
123229  37.602  -16.401  61.285 0.0000000000
86031  13.641  -37.972  78.861 0.0000000000
84582  13.384  -37.972  80.444 0.0000000000
86033  11.703  -38.138  79.024 0.0000000000
87407  10.697  -38.487  79.070 0.0000000000
84527  12.229  -37.865  82.288 0.0000000000
84550  11.789  -37.812  81.809 0.0000000000
85972  10.857  -37.857  81.570 0.0000000000
86018  10.828  -38.022  79.597 0.0000000000
87408  10.221  -38.816  78.798 0.0000000000
86036  9.229  -39.460  78.866 0.0000000000
84583  8.930  -39.742  79.049 0.0000000000
86005  8.559  -38.770  80.115 0.0000000000
84584  8.530  -39.628  79.544 0.0000000000
83098  8.598  -40.310  79.240 0.0000000000
84451  9.111  -38.526  85.221 0.0000000000
82901  7.485  -39.457  87.450 0.0000000000
84432  7.373  -39.057  86.275 0.0000000000
84454  6.916  -39.268  85.602 0.0000000000
84453  7.529  -38.799  85.572 0.0000000000
84471  7.626  -38.647  84.772 0.0000000000
84553  7.187  -39.695  81.562 0.0000000000
83061  6.707  -40.458  81.280 0.0000000000
83060  7.184  -39.883  81.116 0.0000000000
76055  1.904  -43.739  90.078 0.0000000000
74765  1.624  -43.938  90.135 0.0000000000
74766  1.353  -44.126  90.154 0.0000000000
74767  0.795  -44.678  89.795 0.0000000000
74730  2.182  -44.714  91.139 0.0000000000
108592  32.106  -24.322  71.435 0.0000000000
109975  28.458  -23.631  71.876 0.0000000000
109976  27.606  -23.967  72.182 0.0000000000
109977  26.671  -24.581  72.433 0.0000000000
109978  26.196  -24.725  72.167 0.0000000000
108576  25.741  -24.908  72.507 0.0000000000
108553  26.065  -24.998  73.798 0.0000000000
108554  25.635  -25.389  73.455 0.0000000000
108555  25.150  -25.486  72.910 0.0000000000
107221  25.673  -25.816  76.222 0.0000000000
107231  25.555  -25.967  75.719 0.0000000000
104581  24.940  -26.506  76.295 0.0000000000
104595  24.843  -26.624  75.931 0.0000000000
105951  24.832  -26.554  74.858 0.0000000000
105961  24.220  -26.402  74.523 0.0000000000
104626  23.394  -26.178  74.180 0.0000000000
104627  23.249  -25.900  73.351 0.0000000000
103226  22.604  -25.999  73.404 0.0000000000
103228  22.045  -27.356  73.681 0.0000000000
103229  21.789  -28.042  73.255 0.0000000000
101739  21.210  -28.231  73.514 0.0000000000
103122  23.148  -27.329  77.464 0.0000000000
101652  22.711  -27.665  77.094 0.0000000000
101696  22.314  -27.714  76.142 0.0000000000
100258  21.764  -28.196  76.758 0.0000000000
101697  21.706  -27.725  76.116 0.0000000000
101712  21.510  -27.564  75.340 0.0000000000
101726  20.976  -27.829  74.215 0.0000000000
101740  20.759  -28.746  73.183 0.0000000000
101741  20.189  -29.004  72.750 0.0000000000
100330  19.665  -29.413  72.506 0.0000000000
98993  18.975  -30.783  71.482 0.0000000000
100308  19.311  -29.770  73.625 0.0000000000
104452  22.572  -26.338  83.022 0.0000000000
100069  19.827  -29.814  88.274 0.0000000000
100082  19.802  -29.396  87.989 0.0000000000
101472  19.915  -28.979  87.665 0.0000000000
100097  18.915  -30.883  86.882 0.0000000000
101488  19.505  -29.050  87.176 0.0000000000
104400  20.365  -27.950  86.388 0.0000000000
96265  17.184  -33.194  83.491 0.0000000000
97540  17.195  -32.158  84.196 0.0000000000
100139  17.743  -31.041  85.297 0.0000000000
98821  17.630  -31.279  83.892 0.0000000000
100140  17.931  -30.674  84.736 0.0000000000
100126  18.298  -30.165  84.977 0.0000000000
101521  19.364  -28.800  85.833 0.0000000000
104408  20.493  -27.797  86.013 0.0000000000
104407  20.893  -27.167  85.735 0.0000000000
104436  20.951  -26.998  84.261 0.0000000000
105786  21.648  -26.761  84.245 0.0000000000
105809  21.853  -26.670  83.836 0.0000000000
104453  21.656  -26.691  83.504 0.0000000000
104467  22.191  -26.709  82.368 0.0000000000
103053  19.627  -27.738  81.229 0.0000000000
101591  19.740  -27.773  80.622 0.0000000000
103067  20.392  -27.724  80.300 0.0000000000
101629  19.966  -28.749  78.783 0.0000000000
101642  19.631  -29.366  78.256 0.0000000000
98870  17.493  -30.487  79.971 0.0000000000
98879  17.667  -30.599  79.262 0.0000000000
100230  18.083  -30.110  78.980 0.0000000000
98891  17.851  -30.560  78.577 0.0000000000
98890  18.254  -29.905  78.460 0.0000000000
98901  18.387  -29.718  78.092 0.0000000000
100238  18.684  -29.705  77.865 0.0000000000
100249  19.033  -29.806  77.408 0.0000000000
98924  19.037  -30.503  76.188 0.0000000000
98949  18.259  -31.095  74.597 0.0000000000
97701  17.863  -32.081  73.048 0.0000000000
96428  17.750  -33.054  72.628 0.0000000000
108616  30.686  -24.495  70.082 0.0000000000
108639  30.509  -24.710  69.552 0.0000000000
108640  29.961  -24.466  69.424 0.0000000000
108661  29.650  -24.301  69.222 0.0000000000
107356  29.124  -23.738  68.318 0.0000000000
110031  26.863  -23.312  69.637 0.0000000000
110052  26.702  -23.502  69.023 0.0000000000
110075  27.239  -23.890  68.184 0.0000000000
110104  25.672  -24.721  67.577 0.0000000000
110103  26.403  -24.477  67.658 0.0000000000
110101  27.576  -24.046  67.828 0.0000000000
108697  27.544  -24.319  67.343 0.0000000000
108712  27.605  -24.971  66.649 0.0000000000
108711  27.909  -25.052  66.417 0.0000000000
132258  43.678  -11.460  58.055 0.0000000000
132257  44.737  -11.716  57.596 0.0000000000
132267  44.996  -12.210  57.263 0.0000000000
76056  1.446  -44.052  89.790 0.0000000000
76057  1.166  -44.278  89.774 0.0000000000
77461  3.751  -41.922  89.120 0.0000000000
77497  3.569  -42.145  88.446 0.0000000000
77498  3.267  -42.416  88.292 0.0000000000
78851  3.758  -41.978  88.567 0.0000000000
78854  3.726  -42.052  88.034 0.0000000000
78875  2.914  -42.574  85.295 0.0000000000
80160  4.848  -41.678  88.057 0.0000000000
81478  6.706  -40.333  88.143 0.0000000000
81484  5.414  -40.919  86.902 0.0000000000
81501  4.537  -41.002  85.384 0.0000000000
82900  7.850  -39.157  87.498 0.0000000000
82902  6.655  -40.163  87.331 0.0000000000
82929  4.776  -40.872  85.658 0.0000000000
82951  6.152  -40.115  85.335 0.0000000000
82953  4.830  -40.774  85.271 0.0000000000
82954  4.684  -40.907  85.484 0.0000000000
82974  6.467  -39.398  84.824 0.0000000000
83039  14.175  -37.548  81.943 0.0000000000
83078  14.623  -37.767  80.868 0.0000000000
83128  18.314  -39.513  78.062 0.0000000000
83132  16.950  -39.138  78.578 0.0000000000
83148  18.065  -39.874  77.492 0.0000000000
83151  16.934  -39.307  77.978 0.0000000000
84434  6.393  -40.057  85.988 0.0000000000
84435  6.036  -40.292  85.884 0.0000000000
84456  6.184  -40.180  85.636 0.0000000000
84464  13.788  -38.276  83.955 0.0000000000
84473  6.584  -39.478  85.132 0.0000000000
84501  18.941  -38.571  81.943 0.0000000000
84502  18.817  -38.818  82.338 0.0000000000
84521  18.983  -38.618  81.503 0.0000000000
84543  19.116  -38.754  81.228 0.0000000000
84546  14.250  -37.588  81.234 0.0000000000
84547  13.822  -37.863  81.366 0.0000000000
84561  18.974  -39.211  80.396 0.0000000000
84564  14.399  -37.758  80.634 0.0000000000
84580  14.335  -37.995  79.912 0.0000000000
84594  19.141  -39.156  78.980 0.0000000000
84595  18.702  -39.432  79.337 0.0000000000
84596  16.648  -38.991  78.542 0.0000000000
84602  9.603  -39.987  78.274 0.0000000000
84620  16.448  -38.986  78.066 0.0000000000
84639  18.961  -38.917  78.086 0.0000000000
84640  18.554  -39.230  77.707 0.0000000000
84659  18.661  -39.408  77.047 0.0000000000
84666  12.678  -40.488  75.865 0.0000000000
84674  18.969  -39.087  76.688 0.0000000000
85950  19.132  -38.494  83.264 0.0000000000
85960  19.049  -38.383  82.200 0.0000000000
85971  11.404  -37.861  81.680 0.0000000000
85985  19.258  -38.844  81.014 0.0000000000
85986  12.946  -37.989  81.002 0.0000000000
85998  19.460  -38.575  80.783 0.0000000000
86013  19.301  -38.558  80.251 0.0000000000
86014  19.090  -38.841  80.028 0.0000000000
86021  8.631  -39.237  79.894 0.0000000000
86028  19.254  -38.513  79.822 0.0000000000
86030  14.267  -37.996  78.553 0.0000000000
86051  10.437  -39.470  78.171 0.0000000000
86052  10.077  -39.551  78.279 0.0000000000
86061  19.346  -38.669  77.822 0.0000000000
86077  15.104  -38.596  76.296 0.0000000000
86095  15.564  -39.070  75.316 0.0000000000
86112  18.827  -38.602  75.666 0.0000000000
87346  19.189  -37.987  83.555 0.0000000000
87359  19.090  -38.197  82.397 0.0000000000
87360  19.123  -37.976  82.703 0.0000000000
87370  19.116  -38.129  81.921 0.0000000000
87371  19.185  -37.766  81.839 0.0000000000
87382  19.316  -38.087  81.132 0.0000000000
87383  19.265  -37.682  81.202 0.0000000000
87405  19.195  -38.022  80.181 0.0000000000
87418  19.318  -38.270  79.530 0.0000000000
87419  19.554  -38.354  78.732 0.0000000000
87420  11.823  -38.366  78.823 0.0000000000
87421  11.332  -38.543  78.821 0.0000000000
87423  10.183  -39.019  78.606 0.0000000000
87432  19.536  -38.270  78.318 0.0000000000
87435  10.853  -39.154  78.024 0.0000000000
87445  19.560  -38.249  77.508 0.0000000000
87454  19.442  -38.255  76.681 0.0000000000
87477  18.857  -37.950  74.852 0.0000000000
87491  18.829  -38.221  74.614 0.0000000000
87507  18.831  -38.238  74.052 0.0000000000
88653  19.260  -37.344  81.596 0.0000000000
88676  19.230  -37.322  80.888 0.0000000000
88677  19.218  -37.093  80.885 0.0000000000
88697  18.972  -37.975  80.056 0.0000000000
88698  19.023  -37.565  80.233 0.0000000000
88699  19.138  -37.202  80.633 0.0000000000
88733  19.262  -37.754  79.414 0.0000000000
88766  19.147  -37.949  77.189 0.0000000000
88781  18.999  -38.008  76.404 0.0000000000
88793  18.843  -37.965  75.714 0.0000000000
88802  18.805  -37.894  75.191 0.0000000000
88803  18.958  -37.676  74.869 0.0000000000
88815  19.107  -37.554  74.096 0.0000000000
88836  18.937  -37.569  73.288 0.0000000000
89980  18.869  -36.586  85.244 0.0000000000
89981  18.639  -36.434  85.075 0.0000000000
89993  18.722  -36.784  84.413 0.0000000000
90016  18.970  -36.999  82.851 0.0000000000
90026  19.083  -36.959  82.019 0.0000000000
90037  19.259  -36.961  80.922 0.0000000000
90046  19.155  -37.008  80.792 0.0000000000
90062  18.858  -37.630  78.589 0.0000000000
90074  18.602  -37.759  77.754 0.0000000000
90075  18.117  -37.590  77.621 0.0000000000
90101  18.697  -37.796  76.025 0.0000000000
90102  18.391  -37.480  76.185 0.0000000000
90117  18.736  -37.766  75.633 0.0000000000
91341  18.564  -36.121  85.397 0.0000000000
91349  18.586  -36.507  84.252 0.0000000000
91366  18.622  -36.273  83.359 0.0000000000
91372  18.721  -36.604  82.446 0.0000000000
91378  18.790  -36.675  81.599 0.0000000000
91383  18.292  -36.487  80.371 0.0000000000
91394  18.535  -37.348  78.953 0.0000000000
91406  17.931  -37.183  77.366 0.0000000000
91412  18.029  -37.078  76.509 0.0000000000
91417  18.324  -36.806  75.411 0.0000000000
91418  18.295  -36.216  75.177 0.0000000000
91427  18.616  -36.765  74.342 0.0000000000
91428  18.442  -36.293  74.634 0.0000000000
91439  18.539  -36.402  73.683 0.0000000000
92542  19.056  -35.055  86.837 0.0000000000
92560  18.554  -35.460  85.873 0.0000000000
92590  18.489  -36.467  82.374 0.0000000000
92597  18.124  -36.156  81.679 0.0000000000
92611  18.037  -36.299  80.121 0.0000000000
92612  17.659  -35.931  79.824 0.0000000000
92618  17.934  -36.423  79.455 0.0000000000
92625  17.832  -36.583  78.659 0.0000000000
92643  17.563  -36.051  76.480 0.0000000000
92661  17.856  -35.624  74.446 0.0000000000
93691  19.016  -34.595  86.622 0.0000000000
93718  18.184  -34.882  84.977 0.0000000000
93749  17.576  -34.792  82.277 0.0000000000
93757  17.612  -34.071  81.084 0.0000000000
93764  17.834  -35.838  80.703 0.0000000000
93796  17.253  -34.500  78.061 0.0000000000
93807  17.338  -35.359  76.862 0.0000000000
93825  17.577  -35.514  75.206 0.0000000000
93835  17.695  -35.588  74.762 0.0000000000
93836  17.479  -34.980  74.538 0.0000000000
94928  18.685  -33.485  86.098 0.0000000000
94942  18.750  -34.392  85.913 0.0000000000
94969  17.626  -34.443  83.696 0.0000000000
94970  17.352  -33.766  83.958 0.0000000000
94989  17.296  -33.938  82.265 0.0000000000
95003  17.550  -34.323  82.003 0.0000000000
95115  17.486  -33.888  73.083 0.0000000000
96165  19.176  -32.617  88.423 0.0000000000
96180  18.890  -33.241  87.852 0.0000000000
96193  18.909  -32.577  88.090 0.0000000000
96195  18.375  -33.109  87.138 0.0000000000
96235  17.367  -33.181  84.886 0.0000000000
96251  17.074  -33.035  84.245 0.0000000000
96266  17.199  -33.156  82.787 0.0000000000
96324  16.820  -32.885  78.868 0.0000000000
97479  17.989  -32.899  86.833 0.0000000000
97492  18.364  -31.965  86.894 0.0000000000
97601  17.005  -32.113  80.021 0.0000000000
97624  17.265  -32.086  78.472 0.0000000000
98739  19.956  -30.289  88.839 0.0000000000
98746  19.849  -30.338  88.614 0.0000000000
98758  19.498  -31.095  87.894 0.0000000000
98783  18.664  -31.437  86.812 0.0000000000
98795  18.458  -31.216  86.540 0.0000000000
98807  17.667  -31.578  85.677 0.0000000000
98822  17.473  -31.683  83.317 0.0000000000
98835  17.656  -31.145  83.173 0.0000000000
98880  17.272  -31.301  79.618 0.0000000000
98902  18.167  -30.220  77.813 0.0000000000
100083  19.404  -29.985  87.819 0.0000000000
100109  18.926  -29.799  86.769 0.0000000000
100111  18.819  -30.066  86.002 0.0000000000
100196  17.273  -30.620  81.494 0.0000000000
100217  18.693  -28.458  80.046 0.0000000000
100229  18.522  -29.531  79.028 0.0000000000
100237  18.853  -29.617  78.347 0.0000000000
100245  21.840  -28.202  76.991 0.0000000000
100247  21.019  -28.832  76.829 0.0000000000
100248  19.212  -29.672  77.867 0.0000000000
100272  21.578  -28.043  76.436 0.0000000000
100276  19.419  -29.367  75.060 0.0000000000
100292  20.670  -27.899  75.567 0.0000000000
101489  19.887  -28.608  86.701 0.0000000000
101522  18.921  -29.401  85.723 0.0000000000
101539  18.334  -29.768  84.397 0.0000000000
101580  19.052  -27.980  81.606 0.0000000000
101594  18.108  -28.753  81.751 0.0000000000
101606  18.573  -28.075  80.775 0.0000000000
101653  22.340  -27.724  77.226 0.0000000000
101654  21.975  -28.105  77.258 0.0000000000
101658  19.489  -29.614  77.141 0.0000000000
101673  22.677  -27.909  76.495 0.0000000000
101674  22.283  -27.810  76.645 0.0000000000
101676  20.292  -28.996  76.640 0.0000000000
101678  19.661  -29.461  77.028 0.0000000000
101698  21.129  -27.661  75.653 0.0000000000
101710  22.518  -27.732  75.785 0.0000000000
101727  20.520  -28.440  73.883 0.0000000000
101753  21.302  -28.682  73.001 0.0000000000
102880  20.971  -28.458  89.387 0.0000000000
102940  20.232  -28.134  86.592 0.0000000000
102972  18.995  -28.926  85.053 0.0000000000
103023  21.130  -27.102  82.325 0.0000000000
103034  23.155  -26.934  81.405 0.0000000000
103188  23.603  -26.724  75.490 0.0000000000
103230  21.589  -28.428  73.138 0.0000000000
104399  20.513  -27.479  86.515 0.0000000000
104435  21.424  -26.822  84.004 0.0000000000
104468  21.365  -26.858  82.739 0.0000000000
104483  22.896  -26.775  81.800 0.0000000000
104494  25.726  -26.039  80.862 0.0000000000
104519  25.976  -26.048  80.030 0.0000000000
104582  25.105  -26.521  76.070 0.0000000000
104596  25.124  -26.449  75.894 0.0000000000
104605  23.907  -26.723  75.476 0.0000000000
104614  23.689  -26.468  75.035 0.0000000000
104615  23.360  -26.340  74.845 0.0000000000
105787  21.279  -26.894  84.401 0.0000000000
105806  23.868  -25.825  83.102 0.0000000000
105826  24.847  -26.109  82.535 0.0000000000
105931  25.325  -26.374  76.089 0.0000000000
105932  25.107  -26.261  76.035 0.0000000000
105940  24.503  -26.715  75.515 0.0000000000
105941  25.168  -26.504  75.649 0.0000000000
105942  25.248  -26.346  75.853 0.0000000000
105952  24.992  -26.331  74.470 0.0000000000
105960  23.900  -26.400  74.812 0.0000000000
105971  23.694  -26.320  74.812 0.0000000000
105972  23.787  -26.291  74.465 0.0000000000
106056  30.101  -24.570  68.118 0.0000000000
106072  29.830  -24.409  67.910 0.0000000000
106073  29.674  -23.739  67.983 0.0000000000
106106  28.791  -23.644  66.094 0.0000000000
106107  28.526  -24.213  66.027 0.0000000000
107242  25.228  -26.213  74.620 0.0000000000
107251  25.441  -25.767  74.493 0.0000000000
107294  32.326  -24.409  70.656 0.0000000000
107295  31.656  -24.414  70.369 0.0000000000
107318  30.420  -24.793  69.254 0.0000000000
107331  33.668  -24.553  70.567 0.0000000000
107338  29.487  -24.176  68.846 0.0000000000
107351  32.327  -24.625  69.382 0.0000000000
107376  24.376  -26.259  67.309 0.0000000000
107406  28.421  -24.929  65.991 0.0000000000
107407  26.344  -26.347  65.537 0.0000000000
108502  25.913  -24.975  75.677 0.0000000000
108503  25.659  -25.356  75.356 0.0000000000
108517  25.710  -24.848  74.633 0.0000000000
108535  25.802  -24.856  74.347 0.0000000000
108574  28.940  -23.542  71.507 0.0000000000
108596  29.120  -23.610  71.000 0.0000000000
108615  31.206  -24.419  70.325 0.0000000000
108618  29.247  -23.832  70.315 0.0000000000
108620  28.327  -23.101  70.286 0.0000000000
108641  29.361  -23.990  69.615 0.0000000000
108675  35.140  -24.272  69.415 0.0000000000
108681  24.746  -25.312  67.683 0.0000000000
108682  24.480  -25.723  67.822 0.0000000000
108709  30.509  -23.644  67.426 0.0000000000
108733  25.712  -25.939  66.270 0.0000000000
109908  25.624  -25.079  75.112 0.0000000000
109926  25.668  -24.890  74.956 0.0000000000
109944  26.323  -24.603  74.140 0.0000000000
109991  28.334  -23.554  71.372 0.0000000000
110029  28.573  -23.226  69.406 0.0000000000
110033  24.520  -24.879  69.303 0.0000000000
110048  35.900  -24.521  70.000 0.0000000000
110049  28.757  -23.755  68.802 0.0000000000
110076  26.686  -24.198  68.110 0.0000000000
110077  25.865  -24.313  68.330 0.0000000000
110102  27.096  -24.347  67.676 0.0000000000
110105  25.142  -25.127  67.449 0.0000000000
110114  34.532  -23.656  68.327 0.0000000000
110115  34.175  -23.582  68.065 0.0000000000
110117  30.925  -23.900  67.266 0.0000000000
110118  26.792  -24.673  67.313 0.0000000000
110121  25.230  -25.493  67.126 0.0000000000
111390  25.734  -24.133  70.022 0.0000000000
111391  25.337  -24.378  69.816 0.0000000000
111405  25.308  -24.391  69.417 0.0000000000
111417  37.148  -23.550  69.845 0.0000000000
111419  26.843  -23.721  68.563 0.0000000000
111420  26.412  -23.947  68.891 0.0000000000
111421  25.811  -24.183  68.965 0.0000000000
111422  25.468  -24.300  69.197 0.0000000000
111435  26.851  -23.991  68.341 0.0000000000
111437  26.153  -24.133  68.675 0.0000000000
111455  36.267  -22.526  69.037 0.0000000000
111461  32.308  -23.951  67.732 0.0000000000
111483  31.883  -23.747  67.143 0.0000000000
111504  30.195  -22.926  65.853 0.0000000000
112705  36.048  -22.101  68.397 0.0000000000
113947  36.099  -21.258  67.504 0.0000000000
113968  30.629  -22.554  65.434 0.0000000000
115197  35.431  -21.319  67.218 0.0000000000
115221  35.698  -20.966  66.950 0.0000000000
115238  35.938  -20.548  66.759 0.0000000000
115240  32.627  -21.448  65.599 0.0000000000
115242  31.670  -21.923  65.276 0.0000000000
116551  35.349  -21.190  67.025 0.0000000000
116553  34.711  -21.194  66.903 0.0000000000
116572  35.359  -21.027  66.850 0.0000000000
116609  32.643  -20.603  64.942 0.0000000000
118092  37.109  -19.877  67.280 0.0000000000
120859  35.835  -18.529  64.751 0.0000000000
120889  35.300  -17.716  63.649 0.0000000000
122017  36.517  -17.898  64.619 0.0000000000
122027  41.580  -15.664  65.376 0.0000000000
122031  37.843  -17.098  63.936 0.0000000000
122039  41.475  -15.651  65.153 0.0000000000
122041  41.103  -16.118  64.931 0.0000000000
122046  35.089  -17.696  62.727 0.0000000000
123178  40.945  -15.870  64.204 0.0000000000
123179  41.071  -15.730  63.919 0.0000000000
123180  40.304  -16.969  64.748 0.0000000000
123195  41.104  -15.882  64.425 0.0000000000
123196  40.919  -15.971  63.992 0.0000000000
123197  40.581  -16.395  64.211 0.0000000000
123207  41.758  -15.469  65.136 0.0000000000
123209  41.082  -16.009  64.690 0.0000000000
123214  37.064  -16.833  62.933 0.0000000000
124349  41.183  -15.570  63.747 0.0000000000
124361  41.025  -15.439  63.331 0.0000000000
124370  39.768  -15.387  62.443 0.0000000000
125623  41.141  -15.027  62.935 0.0000000000
125633  40.547  -14.897  62.290 0.0000000000
125644  39.791  -14.900  61.280 0.0000000000
125645  39.497  -15.308  61.005 0.0000000000
126885  41.324  -14.710  62.666 0.0000000000
126898  40.548  -14.492  61.759 0.0000000000
126911  40.365  -14.309  61.299 0.0000000000
128177  41.103  -13.707  61.099 0.0000000000
128178  40.613  -13.978  60.851 0.0000000000
129512  42.603  -13.047  62.958 0.0000000000
129517  41.882  -12.882  61.299 0.0000000000
129534  41.031  -13.430  59.704 0.0000000000
130861  42.120  -11.973  59.221 0.0000000000
132238  48.960  -11.279  58.880 0.0000000000
133508  42.743  -10.954  60.645 0.0000000000
133516  44.168  -10.338  59.157 0.0000000000
133518  42.986  -10.818  60.003 0.0000000000
134709  43.342  -10.026  61.594 0.0000000000
134743  43.542  -10.051  60.160 0.0000000000
135916  44.308  -9.277  61.150 0.0000000000
135951  45.831  -9.349  59.709 0.0000000000
