#!ascii label  , from subject sub-36 vox2ras=TkReg
1552
155219  35.996  3.722  58.154 0.0000000000
156481  46.336  4.883  51.174 0.0000000000
165461  38.463  10.605  47.198 0.0000000000
154267  45.151  2.801  40.278 0.0000000000
150488  38.515  0.635  53.350 0.0000000000
164313  40.870  10.094  54.508 0.0000000000
158986  47.153  6.109  44.583 0.0000000000
163382  35.713  9.331  44.658 0.0000000000
159946  35.900  6.828  54.752 0.0000000000
155246  41.803  3.342  56.832 0.0000000000
153002  41.688  1.943  48.987 0.0000000000
168602  41.871  13.241  46.494 0.0000000000
163411  39.728  9.256  40.926 0.0000000000
158913  39.437  5.919  48.287 0.0000000000
162317  43.867  7.954  43.238 0.0000000000
167533  35.859  12.195  46.814 0.0000000000
157648  37.488  4.857  57.300 0.0000000000
152901  38.889  2.299  58.382 0.0000000000
152978  39.986  1.662  50.920 0.0000000000
165421  41.835  10.986  50.105 0.0000000000
166450  44.198  11.768  49.099 0.0000000000
166490  40.984  12.068  46.677 0.0000000000
167567  38.759  12.290  43.737 0.0000000000
164442  38.533  10.267  43.799 0.0000000000
156483  40.332  4.447  51.996 0.0000000000
158858  36.363  6.369  51.100 0.0000000000
157753  42.837  5.277  49.502 0.0000000000
157854  47.374  5.226  40.970 0.0000000000
162282  46.277  7.793  44.126 0.0000000000
159010  45.662  6.217  41.675 0.0000000000
160107  43.305  6.334  42.993 0.0000000000
154257  43.369  3.092  41.213 0.0000000000
149485  39.902  -0.817  41.683 0.0000000000
152928  35.224  2.142  56.877 0.0000000000
149281  38.583  -0.296  56.873 0.0000000000
165409  40.268  10.572  50.936 0.0000000000
156542  44.757  4.111  47.400 0.0000000000
157766  47.848  5.350  48.290 0.0000000000
156576  45.472  3.934  44.525 0.0000000000
155398  47.337  3.306  42.321 0.0000000000
162170  38.345  9.153  58.733 0.0000000000
161034  36.984  7.501  58.552 0.0000000000
156441  38.494  4.139  54.449 0.0000000000
156447  44.067  4.102  54.279 0.0000000000
151703  40.688  1.254  54.884 0.0000000000
154129  42.546  2.973  52.573 0.0000000000
155306  43.776  3.564  50.055 0.0000000000
153028  42.729  1.792  46.722 0.0000000000
155256  32.061  3.342  57.000 0.0000000000
168551  42.953  13.010  49.675 0.0000000000
168569  39.812  13.403  48.055 0.0000000000
168608  37.733  12.900  45.195 0.0000000000
163398  37.044  9.158  42.517 0.0000000000
160098  39.193  6.955  44.150 0.0000000000
163273  38.162  9.460  54.900 0.0000000000
163310  37.439  9.247  51.194 0.0000000000
162257  37.826  8.177  47.162 0.0000000000
160009  45.352  6.463  47.236 0.0000000000
160065  42.203  6.851  45.716 0.0000000000
162287  39.641  8.566  44.411 0.0000000000
162331  42.036  8.160  42.568 0.0000000000
160094  41.645  6.431  43.610 0.0000000000
167520  35.781  12.429  47.648 0.0000000000
167509  36.556  12.587  48.140 0.0000000000
155204  37.715  3.784  58.824 0.0000000000
154044  37.375  2.983  58.095 0.0000000000
165434  40.557  11.201  49.300 0.0000000000
166467  41.479  11.457  48.315 0.0000000000
165459  39.598  11.395  47.035 0.0000000000
165474  38.705  11.381  44.893 0.0000000000
164427  38.268  10.113  44.892 0.0000000000
157685  44.316  5.036  52.241 0.0000000000
157712  42.150  4.895  51.046 0.0000000000
157709  45.152  5.500  50.867 0.0000000000
155411  46.359  3.603  40.426 0.0000000000
159018  46.793  5.954  40.758 0.0000000000
156615  45.107  4.499  40.447 0.0000000000
156608  44.423  4.435  41.035 0.0000000000
154274  44.019  2.780  40.012 0.0000000000
151845  42.571  1.269  40.392 0.0000000000
151843  43.880  1.187  40.056 0.0000000000
149285  36.164  0.115  57.262 0.0000000000
164353  41.844  10.352  52.465 0.0000000000
165353  40.478  10.330  52.894 0.0000000000
155368  44.119  3.250  45.361 0.0000000000
156560  45.104  4.102  46.030 0.0000000000
154218  44.736  3.176  44.254 0.0000000000
153067  47.205  1.885  41.968 0.0000000000
153075  48.677  1.699  41.154 0.0000000000
154263  48.392  2.383  41.019 0.0000000000
155266  39.321  3.659  56.401 0.0000000000
156421  37.948  4.414  55.831 0.0000000000
156428  40.392  3.831  55.541 0.0000000000
156451  40.794  4.223  54.131 0.0000000000
156424  43.084  3.653  55.415 0.0000000000
149306  38.696  -0.152  55.141 0.0000000000
150458  39.647  -0.054  56.006 0.0000000000
150482  39.232  0.814  54.310 0.0000000000
152976  40.830  2.003  50.368 0.0000000000
154132  40.704  2.538  52.063 0.0000000000
154142  41.669  2.718  50.912 0.0000000000
155302  42.930  3.203  51.052 0.0000000000
154161  42.447  2.784  49.353 0.0000000000
154185  43.285  2.825  47.953 0.0000000000
153011  42.390  2.032  48.003 0.0000000000
149410  42.449  -0.656  45.576 0.0000000000
167517  43.244  12.381  47.708 0.0000000000
168563  44.137  12.680  49.439 0.0000000000
168577  42.594  13.330  48.098 0.0000000000
168553  41.432  13.333  49.294 0.0000000000
168580  40.471  13.338  47.506 0.0000000000
168583  38.379  13.149  46.798 0.0000000000
168605  39.615  13.229  45.891 0.0000000000
165511  38.640  10.467  41.590 0.0000000000
165496  37.752  11.070  42.505 0.0000000000
163414  37.815  9.028  41.168 0.0000000000
161189  38.157  7.345  43.595 0.0000000000
161225  38.925  7.891  42.246 0.0000000000
162194  36.936  8.477  56.273 0.0000000000
163242  38.597  9.491  57.165 0.0000000000
162200  36.661  8.391  54.800 0.0000000000
158896  38.019  5.867  49.323 0.0000000000
162225  36.530  7.770  50.895 0.0000000000
159986  37.303  6.977  49.127 0.0000000000
163326  37.441  8.759  49.130 0.0000000000
160014  38.605  6.940  47.558 0.0000000000
158942  47.533  5.763  46.628 0.0000000000
159993  47.303  6.674  48.335 0.0000000000
161118  47.765  7.428  46.462 0.0000000000
162299  44.788  7.646  43.625 0.0000000000
161149  44.619  7.000  45.126 0.0000000000
161169  42.757  7.366  44.657 0.0000000000
162271  40.430  7.630  45.119 0.0000000000
162285  41.776  7.708  44.424 0.0000000000
162304  40.426  8.692  43.628 0.0000000000
162319  42.273  8.244  43.198 0.0000000000
157843  42.888  5.143  43.172 0.0000000000
160108  42.623  6.562  43.204 0.0000000000
156585  42.009  4.460  43.797 0.0000000000
157828  40.984  5.158  44.629 0.0000000000
164285  41.201  10.132  56.183 0.0000000000
165462  35.259  11.063  46.802 0.0000000000
166510  35.925  11.112  45.726 0.0000000000
157639  37.255  5.582  59.168 0.0000000000
156352  37.731  4.545  59.141 0.0000000000
155232  38.597  3.797  57.426 0.0000000000
155229  40.262  2.808  57.330 0.0000000000
151716  38.772  0.971  52.202 0.0000000000
166438  43.460  11.417  49.674 0.0000000000
166465  42.965  11.937  48.219 0.0000000000
167529  41.898  12.343  46.376 0.0000000000
167550  40.215  12.855  45.044 0.0000000000
166508  39.447  11.970  45.203 0.0000000000
165488  38.636  11.142  43.454 0.0000000000
164450  39.586  9.999  42.258 0.0000000000
156468  37.405  4.725  52.890 0.0000000000
158843  36.126  5.945  52.539 0.0000000000
156495  38.312  4.672  51.066 0.0000000000
157734  39.716  4.899  50.089 0.0000000000
158892  41.516  5.349  48.871 0.0000000000
159003  47.124  5.874  42.951 0.0000000000
161162  47.350  7.148  44.339 0.0000000000
161213  46.905  6.793  42.410 0.0000000000
162327  45.995  7.395  42.556 0.0000000000
161200  44.466  7.460  42.774 0.0000000000
161218  43.827  7.136  42.662 0.0000000000
159012  44.343  5.818  42.265 0.0000000000
156601  43.775  4.429  41.861 0.0000000000
154250  43.003  3.079  41.923 0.0000000000
149483  41.278  -0.345  41.188 0.0000000000
155251  35.483  3.144  57.245 0.0000000000
151648  37.156  1.752  57.333 0.0000000000
150420  36.853  1.069  57.050 0.0000000000
148120  37.784  -0.765  55.901 0.0000000000
149313  37.309  -0.683  54.477 0.0000000000
164369  43.099  10.468  51.885 0.0000000000
165408  40.970  10.703  50.834 0.0000000000
165443  38.988  10.636  48.750 0.0000000000
156510  45.724  4.410  49.200 0.0000000000
157706  47.411  5.201  50.374 0.0000000000
156540  46.033  4.627  48.048 0.0000000000
157810  46.248  5.067  46.047 0.0000000000
157817  46.434  5.440  44.834 0.0000000000
154247  45.840  2.503  42.309 0.0000000000
155390  46.189  3.672  42.999 0.0000000000
157841  46.795  4.932  42.995 0.0000000000
156606  47.730  4.452  41.417 0.0000000000
155410  47.164  3.612  40.572 0.0000000000
153086  45.660  2.009  40.385 0.0000000000
150628  44.954  0.420  40.321 0.0000000000
162181  37.175  8.193  58.148 0.0000000000
161045  36.140  7.278  56.804 0.0000000000
158819  36.771  6.135  58.182 0.0000000000
157660  36.687  5.513  56.077 0.0000000000
157669  36.589  5.096  54.144 0.0000000000
156466  39.064  4.286  53.152 0.0000000000
157678  42.707  4.575  53.275 0.0000000000
156471  45.449  4.461  52.478 0.0000000000
150416  39.046  0.378  57.596 0.0000000000
151663  40.758  0.922  57.073 0.0000000000
152941  41.860  1.869  56.149 0.0000000000
152966  39.615  1.888  53.033 0.0000000000
152959  41.502  2.519  53.693 0.0000000000
154105  42.669  2.791  54.656 0.0000000000
154127  43.700  3.149  53.229 0.0000000000
155287  44.914  3.519  52.168 0.0000000000
155299  45.368  4.032  50.477 0.0000000000
155314  44.300  3.995  48.707 0.0000000000
155351  43.814  3.191  46.657 0.0000000000
153039  43.468  1.902  44.963 0.0000000000
151777  42.037  0.484  46.455 0.0000000000
151784  42.842  0.997  45.270 0.0000000000
155253  34.367  3.564  57.065 0.0000000000
154088  33.695  2.486  56.479 0.0000000000
151672  31.606  1.309  56.613 0.0000000000
168524  43.839  12.434  51.231 0.0000000000
168527  41.859  13.152  50.966 0.0000000000
168572  37.820  12.924  47.214 0.0000000000
167531  37.246  12.587  46.147 0.0000000000
165483  36.209  10.812  44.686 0.0000000000
168624  38.057  12.822  44.343 0.0000000000
165490  36.957  10.986  43.480 0.0000000000
163389  36.286  9.144  43.647 0.0000000000
164315  39.313  9.866  54.444 0.0000000000
162209  36.487  8.411  52.647 0.0000000000
164344  37.780  9.548  52.735 0.0000000000
164341  39.591  10.000  53.307 0.0000000000
164381  38.739  9.973  50.785 0.0000000000
164396  38.182  9.786  49.388 0.0000000000
164408  38.014  9.974  47.582 0.0000000000
158870  46.196  6.017  49.843 0.0000000000
158907  44.352  6.017  48.263 0.0000000000
158925  42.305  5.740  47.663 0.0000000000
161133  45.990  7.068  46.045 0.0000000000
160043  43.410  6.514  46.172 0.0000000000
160028  41.575  6.298  46.613 0.0000000000
161122  39.418  7.363  46.431 0.0000000000
162264  38.736  7.976  45.964 0.0000000000
162274  38.372  8.779  45.470 0.0000000000
163379  38.827  9.253  44.190 0.0000000000
163386  40.217  9.148  43.044 0.0000000000
163402  41.080  8.980  41.640 0.0000000000
161220  42.447  7.546  42.562 0.0000000000
161203  41.493  7.233  42.877 0.0000000000
161223  40.375  7.832  42.443 0.0000000000
160096  40.402  6.912  43.687 0.0000000000
150600  39.764  0.056  42.708 0.0000000000
167496  36.554  12.494  49.082 0.0000000000
167495  37.548  12.785  48.630 0.0000000000
155206  36.141  3.970  58.486 0.0000000000
155205  36.634  3.785  58.511 0.0000000000
155218  36.415  3.353  57.977 0.0000000000
165451  39.076  10.920  47.819 0.0000000000
166469  40.286  11.388  48.454 0.0000000000
165460  39.136  11.183  46.839 0.0000000000
165468  38.499  10.652  46.244 0.0000000000
157684  45.124  5.010  52.163 0.0000000000
157697  44.713  5.283  51.498 0.0000000000
157696  45.609  5.294  51.317 0.0000000000
155412  45.488  3.527  40.275 0.0000000000
156614  45.886  4.386  40.243 0.0000000000
155419  45.177  3.732  40.201 0.0000000000
156622  44.742  3.663  40.163 0.0000000000
154273  44.577  2.834  40.082 0.0000000000
151856  43.733  1.759  39.929 0.0000000000
153088  44.418  1.772  40.159 0.0000000000
164299  41.883  10.013  55.436 0.0000000000
164312  41.714  9.980  54.593 0.0000000000
164325  41.527  10.135  53.747 0.0000000000
164326  40.656  10.324  53.604 0.0000000000
154220  43.793  2.361  44.699 0.0000000000
155367  44.502  3.376  45.023 0.0000000000
153045  44.197  2.201  43.878 0.0000000000
151826  48.866  0.899  41.426 0.0000000000
151836  49.005  0.545  40.988 0.0000000000
151837  48.589  0.950  40.714 0.0000000000
162290  35.515  8.519  44.472 0.0000000000
155264  40.528  3.528  56.211 0.0000000000
156419  39.643  3.735  55.944 0.0000000000
155273  40.970  3.722  55.835 0.0000000000
156427  41.294  3.916  55.478 0.0000000000
155271  42.534  3.672  55.882 0.0000000000
150476  38.461  0.183  54.329 0.0000000000
150475  38.920  0.322  54.573 0.0000000000
150483  38.801  0.652  53.971 0.0000000000
153003  41.244  1.677  49.333 0.0000000000
154148  41.131  2.196  50.204 0.0000000000
154147  41.564  2.495  50.018 0.0000000000
154146  42.311  2.946  50.476 0.0000000000
154162  41.757  2.368  49.446 0.0000000000
153001  42.232  2.205  48.589 0.0000000000
153012  41.915  1.693  48.230 0.0000000000
167538  43.059  13.168  46.540 0.0000000000
168576  43.211  13.055  48.226 0.0000000000
168589  42.503  13.449  47.402 0.0000000000
168578  41.918  13.451  47.921 0.0000000000
168591  41.152  13.378  46.949 0.0000000000
168592  40.400  13.316  46.757 0.0000000000
168604  40.295  13.247  46.091 0.0000000000
164470  39.359  10.092  41.203 0.0000000000
164471  38.436  9.915  41.061 0.0000000000
162345  38.444  8.539  40.726 0.0000000000
162336  38.664  8.289  41.547 0.0000000000
162335  39.385  8.274  41.741 0.0000000000
161050  36.306  7.984  55.888 0.0000000000
162197  36.679  8.337  55.474 0.0000000000
161056  36.051  7.358  54.312 0.0000000000
159985  37.729  6.492  49.004 0.0000000000
158914  38.559  6.258  48.416 0.0000000000
159999  37.936  6.888  48.337 0.0000000000
158929  39.097  6.420  47.844 0.0000000000
158975  47.363  6.240  45.346 0.0000000000
158960  48.167  6.547  46.591 0.0000000000
160039  47.610  6.775  45.551 0.0000000000
162300  44.145  7.690  43.708 0.0000000000
161184  43.833  7.456  44.203 0.0000000000
162301  43.457  7.735  43.795 0.0000000000
162284  42.280  7.517  44.455 0.0000000000
162302  42.547  7.734  43.959 0.0000000000
162318  43.155  8.128  43.303 0.0000000000
155392  42.767  3.739  42.946 0.0000000000
156584  42.635  4.477  43.309 0.0000000000
155383  42.404  3.938  43.457 0.0000000000
156586  41.740  4.034  43.974 0.0000000000
166493  35.363  11.701  46.895 0.0000000000
166502  35.751  11.505  46.349 0.0000000000
167544  36.189  12.016  46.191 0.0000000000
157602  37.472  5.007  60.116 0.0000000000
156337  37.736  4.453  59.876 0.0000000000
154043  37.987  3.225  58.453 0.0000000000
155217  37.953  3.969  58.310 0.0000000000
155215  38.666  3.493  58.048 0.0000000000
155231  39.097  3.449  57.447 0.0000000000
154054  39.790  2.612  57.841 0.0000000000
165405  43.091  10.888  50.799 0.0000000000
165404  43.856  10.800  50.717 0.0000000000
165420  42.585  11.142  49.961 0.0000000000
166479  40.846  11.713  47.699 0.0000000000
166466  42.223  11.476  48.228 0.0000000000
166478  41.609  11.676  47.507 0.0000000000
166477  42.366  11.642  47.382 0.0000000000
166498  40.667  12.404  45.768 0.0000000000
166499  40.186  11.939  45.998 0.0000000000
165482  38.420  10.729  44.546 0.0000000000
165481  38.623  11.295  44.099 0.0000000000
164441  38.651  10.396  43.363 0.0000000000
165495  38.702  10.946  42.856 0.0000000000
164451  39.127  10.161  42.670 0.0000000000
156477  38.930  4.369  52.444 0.0000000000
156479  37.571  4.717  52.105 0.0000000000
156492  40.051  4.507  51.426 0.0000000000
157731  42.524  5.046  50.213 0.0000000000
157733  40.585  4.933  50.239 0.0000000000
157755  41.084  5.150  49.541 0.0000000000
157756  40.211  5.146  49.492 0.0000000000
158891  42.354  5.401  48.880 0.0000000000
159009  47.365  5.930  42.219 0.0000000000
160105  47.059  6.450  42.610 0.0000000000
159017  47.436  5.995  41.389 0.0000000000
159019  45.841  5.981  41.092 0.0000000000
161231  46.200  6.929  41.743 0.0000000000
160119  45.509  6.483  42.113 0.0000000000
161198  45.364  7.362  42.677 0.0000000000
161216  45.167  6.950  42.525 0.0000000000
160120  44.847  6.389  42.440 0.0000000000
159011  45.176  5.889  41.723 0.0000000000
155405  43.961  3.876  40.988 0.0000000000
156600  44.216  4.750  41.569 0.0000000000
155406  43.653  3.707  41.369 0.0000000000
155399  43.404  3.719  41.887 0.0000000000
154249  43.386  3.377  41.604 0.0000000000
154258  42.770  2.562  40.987 0.0000000000
149498  42.604  0.282  40.475 0.0000000000
150632  42.303  0.596  40.547 0.0000000000
152927  35.874  2.191  57.070 0.0000000000
151667  35.718  1.537  57.029 0.0000000000
148097  36.830  -0.565  57.096 0.0000000000
148121  37.287  -0.979  55.742 0.0000000000
148128  37.690  -0.747  55.316 0.0000000000
148129  37.226  -0.901  54.969 0.0000000000
165391  40.820  10.522  51.562 0.0000000000
165390  41.488  10.665  51.466 0.0000000000
165423  40.393  10.835  50.165 0.0000000000
165424  39.702  10.576  50.292 0.0000000000
156528  44.892  4.125  48.186 0.0000000000
156526  46.236  4.740  48.753 0.0000000000
156541  45.421  4.334  47.722 0.0000000000
156569  45.331  4.086  45.201 0.0000000000
156559  45.785  4.634  46.481 0.0000000000
156568  45.716  4.584  45.635 0.0000000000
157818  46.118  5.031  45.234 0.0000000000
157826  46.046  4.968  44.471 0.0000000000
154248  45.430  2.245  42.472 0.0000000000
153068  46.351  1.920  42.033 0.0000000000
154245  47.792  2.586  42.044 0.0000000000
154246  46.726  2.807  42.294 0.0000000000
155389  46.820  3.673  42.697 0.0000000000
156591  46.358  4.397  43.137 0.0000000000
155388  47.377  3.889  42.424 0.0000000000
156599  47.503  4.463  42.155 0.0000000000
155397  47.694  3.614  41.853 0.0000000000
153084  47.414  1.979  40.286 0.0000000000
154264  47.751  2.775  40.697 0.0000000000
154265  46.891  2.811  40.397 0.0000000000
153085  46.532  2.006  40.330 0.0000000000
151840  46.158  1.214  40.304 0.0000000000
161021  37.306  7.582  59.553 0.0000000000
162139  38.140  8.408  60.151 0.0000000000
162172  37.402  8.129  59.015 0.0000000000
161040  36.278  7.112  57.172 0.0000000000
157644  37.035  5.513  58.501 0.0000000000
158815  36.987  6.014  58.870 0.0000000000
157649  37.029  5.494  57.745 0.0000000000
156430  38.587  3.998  55.220 0.0000000000
157659  37.273  4.814  55.582 0.0000000000
157664  37.285  4.738  55.099 0.0000000000
157666  36.298  5.800  55.445 0.0000000000
156432  37.336  4.644  54.748 0.0000000000
156455  37.624  4.472  53.628 0.0000000000
156453  39.192  4.143  53.862 0.0000000000
156449  42.385  4.316  54.289 0.0000000000
156463  41.372  4.306  53.555 0.0000000000
156460  43.706  4.499  53.633 0.0000000000
157676  44.032  4.814  52.938 0.0000000000
156459  44.667  4.479  53.260 0.0000000000
149262  37.934  0.470  57.430 0.0000000000
150417  38.211  0.757  57.756 0.0000000000
149261  38.475  0.142  57.386 0.0000000000
150473  40.029  0.566  54.985 0.0000000000
150457  40.140  0.190  56.410 0.0000000000
150464  40.690  0.548  56.091 0.0000000000
151686  41.148  1.087  56.392 0.0000000000
152952  41.041  1.490  54.949 0.0000000000
151718  39.267  1.398  51.775 0.0000000000
151715  39.175  1.509  52.576 0.0000000000
152970  39.722  1.900  52.251 0.0000000000
154131  41.277  2.654  52.156 0.0000000000
154123  40.905  2.654  52.557 0.0000000000
154121  42.000  2.725  53.025 0.0000000000
154106  42.090  2.537  54.437 0.0000000000
154120  42.594  2.891  53.301 0.0000000000
154111  43.260  2.926  54.205 0.0000000000
154128  43.197  3.104  52.917 0.0000000000
155301  43.670  3.441  50.877 0.0000000000
155295  43.472  3.323  51.671 0.0000000000
155294  44.296  3.488  51.546 0.0000000000
155293  45.116  3.723  51.326 0.0000000000
155300  44.482  3.722  50.675 0.0000000000
155305  44.627  4.001  49.706 0.0000000000
155315  43.660  3.567  49.195 0.0000000000
154195  42.819  2.115  47.202 0.0000000000
154194  43.256  2.528  47.017 0.0000000000
154202  43.550  2.650  46.127 0.0000000000
153027  43.189  2.117  46.296 0.0000000000
150544  41.915  -0.005  46.625 0.0000000000
149418  42.720  -0.432  45.096 0.0000000000
149425  43.048  -0.300  44.635 0.0000000000
156403  33.728  4.234  57.733 0.0000000000
155239  32.479  3.815  57.436 0.0000000000
155255  32.849  3.369  56.972 0.0000000000
154075  32.486  2.676  56.534 0.0000000000
152946  32.971  1.916  56.368 0.0000000000
152929  32.500  1.976  56.398 0.0000000000
168550  43.686  12.793  49.891 0.0000000000
168549  44.358  12.677  50.006 0.0000000000
168538  43.172  12.880  50.517 0.0000000000
168525  43.332  12.484  51.335 0.0000000000
168526  42.645  12.996  51.154 0.0000000000
168516  42.126  12.994  51.768 0.0000000000
168539  42.405  13.120  50.316 0.0000000000
168568  40.552  13.335  48.279 0.0000000000
168556  39.172  13.329  48.583 0.0000000000
168557  38.430  13.056  48.325 0.0000000000
168571  38.413  13.184  47.522 0.0000000000
168595  38.337  13.149  46.105 0.0000000000
168584  37.800  12.871  46.502 0.0000000000
167542  37.334  12.646  45.542 0.0000000000
167543  36.725  12.195  45.607 0.0000000000
167553  36.789  12.125  44.661 0.0000000000
167559  39.308  12.602  44.258 0.0000000000
168622  39.257  13.081  44.645 0.0000000000
167560  38.465  12.691  43.966 0.0000000000
164452  37.163  10.049  42.692 0.0000000000
165497  37.310  10.884  42.915 0.0000000000
164443  36.910  10.320  43.379 0.0000000000
164453  36.603  9.613  43.117 0.0000000000
162306  36.152  8.373  43.632 0.0000000000
162323  36.766  8.293  42.897 0.0000000000
161172  38.476  7.211  43.958 0.0000000000
163216  39.656  9.817  58.834 0.0000000000
163265  38.252  9.524  55.556 0.0000000000
163253  39.103  9.728  56.722 0.0000000000
164288  38.867  9.744  55.607 0.0000000000
164302  39.427  9.891  55.138 0.0000000000
164303  38.762  9.716  55.020 0.0000000000
158849  36.234  6.178  51.709 0.0000000000
161060  36.058  7.271  52.674 0.0000000000
161062  36.141  7.302  51.898 0.0000000000
163311  37.020  8.812  50.721 0.0000000000
163300  36.870  8.912  51.493 0.0000000000
163299  37.307  9.266  51.887 0.0000000000
164343  38.399  9.653  52.893 0.0000000000
164373  37.841  9.562  51.669 0.0000000000
164356  39.010  9.880  52.261 0.0000000000
164382  38.034  9.605  50.972 0.0000000000
163335  37.500  8.816  48.346 0.0000000000
163334  37.827  9.315  48.837 0.0000000000
163344  37.559  8.847  47.659 0.0000000000
164403  38.253  9.982  48.533 0.0000000000
163353  37.606  8.877  47.358 0.0000000000
157748  47.716  5.198  49.113 0.0000000000
158868  47.751  5.637  50.346 0.0000000000
158883  48.168  5.827  49.554 0.0000000000
160007  46.983  6.885  47.637 0.0000000000
158905  45.890  6.193  48.661 0.0000000000
159996  44.938  6.239  47.803 0.0000000000
158908  43.527  5.736  48.270 0.0000000000
160011  44.238  6.109  47.322 0.0000000000
162281  46.835  7.675  44.232 0.0000000000
161146  46.943  7.451  45.250 0.0000000000
161147  46.222  7.363  45.303 0.0000000000
160064  42.931  6.811  45.678 0.0000000000
160062  44.392  6.858  45.589 0.0000000000
160044  42.630  6.534  46.167 0.0000000000
160027  42.290  6.261  46.639 0.0000000000
160045  41.912  6.589  46.180 0.0000000000
160030  40.273  6.697  46.781 0.0000000000
160067  41.054  6.907  45.851 0.0000000000
162286  40.768  7.954  44.608 0.0000000000
161156  39.614  7.689  45.584 0.0000000000
162273  39.014  8.248  45.353 0.0000000000
162288  39.022  8.720  44.712 0.0000000000
163370  38.287  9.400  45.072 0.0000000000
162320  41.224  8.595  42.884 0.0000000000
162321  40.619  8.934  43.028 0.0000000000
163395  40.553  9.199  42.531 0.0000000000
163404  40.237  9.526  42.182 0.0000000000
162332  41.247  8.383  42.241 0.0000000000
160122  43.522  6.722  42.819 0.0000000000
161219  43.127  7.281  42.626 0.0000000000
160123  42.915  6.887  42.921 0.0000000000
160093  42.118  6.295  43.484 0.0000000000
161202  42.149  7.127  42.834 0.0000000000
161222  41.073  7.773  42.494 0.0000000000
161204  40.731  7.297  43.050 0.0000000000
161186  40.238  7.291  43.274 0.0000000000
160095  41.115  6.545  43.801 0.0000000000
156570  40.945  4.426  44.821 0.0000000000
157829  40.505  5.328  44.951 0.0000000000
150598  40.513  0.573  41.900 0.0000000000
149469  39.818  -0.545  42.246 0.0000000000
167521  34.975  12.176  47.943 0.0000000000
167519  36.549  12.461  47.281 0.0000000000
155192  37.480  4.004  59.482 0.0000000000
155193  36.930  3.970  59.166 0.0000000000
154036  37.214  3.487  58.294 0.0000000000
152902  38.250  2.457  58.424 0.0000000000
165433  41.315  11.102  49.506 0.0000000000
165432  41.926  11.098  49.460 0.0000000000
166468  40.767  11.462  48.590 0.0000000000
166480  40.229  11.474  47.968 0.0000000000
166491  40.082  11.594  46.988 0.0000000000
166500  39.566  11.550  46.260 0.0000000000
165467  38.935  11.270  45.802 0.0000000000
165475  38.437  10.723  45.346 0.0000000000
164434  38.403  10.078  44.202 0.0000000000
157700  41.850  4.695  51.911 0.0000000000
157713  40.959  4.664  51.221 0.0000000000
157699  42.827  4.854  51.750 0.0000000000
157711  43.157  5.091  50.887 0.0000000000
157730  43.364  5.370  50.113 0.0000000000
157862  47.053  4.938  40.514 0.0000000000
157855  46.962  5.361  40.596 0.0000000000
157863  46.483  5.211  40.321 0.0000000000
159024  46.107  5.706  40.594 0.0000000000
157856  45.471  5.565  40.999 0.0000000000
157857  45.040  5.229  41.141 0.0000000000
156607  44.929  4.792  40.809 0.0000000000
155414  44.156  3.695  40.583 0.0000000000
155422  43.854  3.141  40.315 0.0000000000
154269  42.985  2.489  40.456 0.0000000000
153100  43.473  2.315  39.966 0.0000000000
151844  43.200  1.400  39.971 0.0000000000
149497  43.013  0.108  40.477 0.0000000000
151668  34.952  1.436  56.761 0.0000000000
150440  35.543  0.783  57.039 0.0000000000
149286  35.377  -0.016  57.210 0.0000000000
164337  42.986  10.200  53.072 0.0000000000
164338  42.131  10.172  53.028 0.0000000000
164354  41.532  10.380  52.534 0.0000000000
165392  40.157  10.360  51.672 0.0000000000
155350  44.281  3.618  46.368 0.0000000000
156553  44.687  3.990  46.660 0.0000000000
155358  44.490  3.607  45.748 0.0000000000
155366  45.020  3.645  44.823 0.0000000000
155375  45.111  3.493  44.243 0.0000000000
151814  48.299  0.964  41.945 0.0000000000
154244  48.265  2.058  41.956 0.0000000000
154255  48.430  2.268  41.606 0.0000000000
154256  48.053  2.921  41.390 0.0000000000
153083  48.216  1.848  40.576 0.0000000000
159925  36.952  6.714  58.955 0.0000000000
156408  38.455  4.101  56.950 0.0000000000
156409  37.985  4.418  56.639 0.0000000000
156420  38.781  3.974  56.132 0.0000000000
156429  39.468  3.819  55.339 0.0000000000
156440  39.309  3.919  54.575 0.0000000000
156452  40.003  4.074  53.988 0.0000000000
156438  41.009  4.086  54.831 0.0000000000
156437  41.822  4.118  54.897 0.0000000000
156434  43.774  3.782  54.757 0.0000000000
149299  38.562  -0.508  56.082 0.0000000000
149280  39.079  -0.251  56.418 0.0000000000
149305  39.175  -0.052  55.231 0.0000000000
150474  39.543  0.592  54.698 0.0000000000
151704  40.127  1.168  54.625 0.0000000000
152977  40.371  1.743  50.588 0.0000000000
152973  40.368  2.111  51.234 0.0000000000
152972  40.734  2.176  50.832 0.0000000000
154136  41.754  2.755  51.686 0.0000000000
155290  42.705  3.064  52.136 0.0000000000
154141  42.295  2.981  51.306 0.0000000000
155307  43.042  3.244  50.237 0.0000000000
155316  43.201  3.287  49.613 0.0000000000
154177  43.159  3.061  48.741 0.0000000000
154178  42.738  2.524  48.391 0.0000000000
153019  42.436  1.847  47.389 0.0000000000
149411  42.142  -0.444  46.102 0.0000000000
148257  42.916  -1.211  45.244 0.0000000000
167507  43.330  12.277  48.254 0.0000000000
166462  44.379  12.314  49.031 0.0000000000
167506  43.621  12.542  48.374 0.0000000000
168564  43.530  12.898  49.041 0.0000000000
168565  42.751  13.127  48.855 0.0000000000
168552  42.192  13.194  49.484 0.0000000000
168566  42.029  13.312  48.683 0.0000000000
168567  41.295  13.355  48.489 0.0000000000
168582  39.038  13.243  47.066 0.0000000000
168581  39.739  13.281  47.302 0.0000000000
168594  38.993  13.177  46.352 0.0000000000
168607  38.270  13.166  45.435 0.0000000000
167582  38.785  11.930  42.677 0.0000000000
167575  38.331  12.048  42.643 0.0000000000
165503  38.182  10.894  42.105 0.0000000000
164461  37.977  10.248  41.646 0.0000000000
163405  37.524  9.071  41.726 0.0000000000
162322  37.397  8.370  42.224 0.0000000000
161226  38.115  7.966  42.186 0.0000000000
161207  38.470  7.617  42.942 0.0000000000
161188  38.967  7.312  43.701 0.0000000000
163233  38.081  9.105  57.732 0.0000000000
163232  38.726  9.495  57.909 0.0000000000
163243  37.952  9.209  56.916 0.0000000000
163256  37.206  8.789  55.659 0.0000000000
163275  37.060  8.854  54.385 0.0000000000
158875  37.163  5.857  50.113 0.0000000000
159964  36.492  6.860  50.785 0.0000000000
159974  36.827  6.789  50.020 0.0000000000
161085  36.888  7.514  49.631 0.0000000000
162239  37.083  8.177  49.400 0.0000000000
163319  37.252  8.729  49.930 0.0000000000
161101  37.573  7.617  48.299 0.0000000000
161111  38.089  7.553  47.476 0.0000000000
158922  47.895  5.585  47.077 0.0000000000
157765  48.392  5.771  48.208 0.0000000000
157795  48.392  6.091  47.226 0.0000000000
160006  47.812  6.958  47.619 0.0000000000
161109  46.777  6.973  47.162 0.0000000000
161182  45.141  7.535  44.093 0.0000000000
161166  44.934  7.226  44.618 0.0000000000
161167  44.213  7.160  44.617 0.0000000000
161168  43.520  7.257  44.675 0.0000000000
161152  42.482  7.073  45.206 0.0000000000
161153  41.758  7.108  45.271 0.0000000000
161170  42.076  7.359  44.810 0.0000000000
162303  41.538  8.232  43.818 0.0000000000
157842  43.388  5.172  42.727 0.0000000000
159006  43.088  5.801  43.070 0.0000000000
158997  42.500  5.808  43.428 0.0000000000
158998  41.867  5.818  43.812 0.0000000000
158989  41.236  5.858  44.207 0.0000000000
157827  41.483  5.169  44.220 0.0000000000
156578  41.441  4.440  44.283 0.0000000000
164300  41.040  10.007  55.345 0.0000000000
166494  34.871  11.513  47.351 0.0000000000
165477  35.806  10.410  45.661 0.0000000000
165484  35.903  10.263  45.078 0.0000000000
157620  37.565  5.082  59.484 0.0000000000
157643  37.397  5.000  58.140 0.0000000000
156386  37.815  4.361  57.988 0.0000000000
156399  38.010  4.343  57.304 0.0000000000
155250  38.942  3.730  56.847 0.0000000000
155248  40.121  3.268  56.830 0.0000000000
155247  40.945  3.099  56.852 0.0000000000
151712  38.800  1.059  52.934 0.0000000000
151719  38.860  0.837  51.433 0.0000000000
151722  39.480  1.114  50.795 0.0000000000
151733  40.154  1.075  50.096 0.0000000000
151732  40.665  1.383  49.857 0.0000000000
151746  40.822  1.043  49.306 0.0000000000
151745  41.272  1.447  49.032 0.0000000000
151754  41.347  1.104  48.505 0.0000000000
165417  44.441  11.141  49.923 0.0000000000
166437  44.090  11.368  49.548 0.0000000000
165431  42.350  11.170  49.353 0.0000000000
166452  42.751  11.490  49.173 0.0000000000
166464  43.640  12.075  48.633 0.0000000000
166487  42.799  12.181  46.674 0.0000000000
167540  41.858  12.843  45.930 0.0000000000
168612  40.756  13.156  45.723 0.0000000000
166506  40.516  12.596  45.308 0.0000000000
167551  39.825  12.541  44.844 0.0000000000
166514  38.888  11.930  44.297 0.0000000000
166521  38.763  11.764  43.599 0.0000000000
166528  38.732  11.615  43.034 0.0000000000
165510  39.087  10.515  41.676 0.0000000000
157681  36.274  5.527  53.125 0.0000000000
159949  35.904  6.724  53.896 0.0000000000
157692  36.417  5.488  52.610 0.0000000000
157704  36.958  5.328  51.522 0.0000000000
157718  37.216  5.309  50.782 0.0000000000
157714  39.989  4.656  50.794 0.0000000000
157715  39.190  4.610  50.606 0.0000000000
157736  38.135  5.202  49.997 0.0000000000
157758  38.670  5.320  49.512 0.0000000000
158894  39.824  5.474  48.862 0.0000000000
158912  40.282  5.705  48.218 0.0000000000
158995  46.923  5.858  43.748 0.0000000000
160060  47.411  6.655  44.823 0.0000000000
160092  47.066  6.445  43.335 0.0000000000
161180  47.174  7.003  43.660 0.0000000000
162296  46.688  7.735  43.694 0.0000000000
160118  46.735  7.006  41.776 0.0000000000
162326  46.281  7.435  42.568 0.0000000000
162297  46.103  7.766  43.539 0.0000000000
162315  45.111  7.661  43.075 0.0000000000
162316  44.477  7.752  43.093 0.0000000000
162328  44.122  7.558  42.778 0.0000000000
162329  43.565  7.798  42.701 0.0000000000
160121  44.148  6.461  42.748 0.0000000000
159004  44.111  5.980  42.586 0.0000000000
157848  44.651  5.411  41.712 0.0000000000
159013  44.007  5.457  42.296 0.0000000000
157850  43.797  5.112  42.339 0.0000000000
156594  43.227  4.431  42.650 0.0000000000
155400  43.145  3.711  42.372 0.0000000000
154252  41.717  2.119  42.054 0.0000000000
150613  40.905  0.377  41.477 0.0000000000
153091  42.315  1.688  40.653 0.0000000000
150612  41.672  0.435  40.954 0.0000000000
149484  40.360  -0.415  41.540 0.0000000000
155235  35.577  3.480  57.629 0.0000000000
152915  36.456  2.652  57.416 0.0000000000
152926  36.400  2.374  57.196 0.0000000000
151649  36.961  1.438  57.064 0.0000000000
149283  37.683  0.132  57.279 0.0000000000
150439  36.285  0.934  57.111 0.0000000000
148096  37.514  -0.386  57.053 0.0000000000
148111  37.994  -0.630  56.479 0.0000000000
149307  38.126  -0.523  55.488 0.0000000000
149312  37.926  -0.363  54.571 0.0000000000
149319  37.660  -0.203  53.624 0.0000000000
165387  43.582  10.536  51.533 0.0000000000
165406  42.347  11.018  50.807 0.0000000000
164352  42.637  10.373  52.192 0.0000000000
165389  42.114  10.793  51.417 0.0000000000
165407  41.654  10.855  50.795 0.0000000000
165422  41.128  10.916  50.111 0.0000000000
165435  39.747  10.870  49.463 0.0000000000
165452  38.508  10.467  48.074 0.0000000000
156498  46.327  4.668  50.203 0.0000000000
156497  46.608  4.781  50.586 0.0000000000
156509  46.321  4.781  49.550 0.0000000000
156525  46.661  4.933  49.157 0.0000000000
157782  46.439  5.066  47.773 0.0000000000
156552  45.262  4.334  46.934 0.0000000000
157798  46.355  5.163  46.921 0.0000000000
157781  47.224  5.540  47.437 0.0000000000
157797  46.875  5.467  46.418 0.0000000000
157809  46.640  5.448  45.587 0.0000000000
158987  46.728  5.713  44.401 0.0000000000
154237  44.677  2.281  43.213 0.0000000000
154236  45.184  2.692  42.976 0.0000000000
155382  45.449  3.501  43.643 0.0000000000
154235  46.016  3.076  42.709 0.0000000000
155381  45.887  3.760  43.409 0.0000000000
156581  46.142  4.727  43.581 0.0000000000
157833  46.476  5.193  43.544 0.0000000000
158996  46.592  5.574  43.956 0.0000000000
157832  46.915  5.411  43.159 0.0000000000
157840  47.290  5.170  42.622 0.0000000000
155404  47.642  3.630  41.113 0.0000000000
156612  47.356  4.387  40.769 0.0000000000
154266  46.008  2.806  40.416 0.0000000000
153087  44.832  1.968  40.270 0.0000000000
151841  45.314  1.220  40.332 0.0000000000
162171  37.886  8.757  58.593 0.0000000000
162180  37.521  8.683  57.821 0.0000000000
161044  36.410  7.886  56.669 0.0000000000
159943  35.927  6.881  55.568 0.0000000000
158811  37.135  6.132  59.505 0.0000000000
158820  36.540  6.437  57.644 0.0000000000
157654  36.937  5.439  56.958 0.0000000000
158824  36.686  5.970  57.410 0.0000000000
158825  36.401  6.368  57.105 0.0000000000
158830  36.284  6.256  56.420 0.0000000000
158833  36.075  6.344  55.809 0.0000000000
158838  35.961  6.172  54.293 0.0000000000
156456  36.998  4.800  53.591 0.0000000000
156467  38.248  4.365  53.012 0.0000000000
156476  39.727  4.373  52.584 0.0000000000
156464  40.635  4.310  53.446 0.0000000000
156474  41.190  4.331  52.980 0.0000000000
157688  41.597  4.453  52.557 0.0000000000
157686  43.462  4.837  52.393 0.0000000000
157675  44.669  4.857  52.702 0.0000000000
156482  45.993  4.575  51.467 0.0000000000
152913  37.323  2.332  57.755 0.0000000000
151634  38.096  2.113  58.137 0.0000000000
151632  38.958  1.586  58.195 0.0000000000
150438  39.506  -0.060  56.828 0.0000000000
150415  39.555  0.609  57.745 0.0000000000
151644  40.014  1.028  57.900 0.0000000000
152910  40.439  1.757  57.613 0.0000000000
152923  41.698  1.922  56.749 0.0000000000
154085  42.239  2.606  56.336 0.0000000000
151711  39.145  1.509  53.266 0.0000000000
152962  39.481  1.742  53.521 0.0000000000
152961  40.002  1.958  53.771 0.0000000000
152965  40.326  2.399  52.768 0.0000000000
152960  40.947  2.541  53.560 0.0000000000
152956  40.740  1.837  54.460 0.0000000000
152951  41.666  1.923  55.108 0.0000000000
152950  42.113  2.415  55.289 0.0000000000
154097  42.538  2.853  55.422 0.0000000000
154096  43.038  3.133  55.358 0.0000000000
154110  43.752  3.183  54.321 0.0000000000
155280  44.195  3.550  53.916 0.0000000000
155289  43.119  3.189  52.265 0.0000000000
155288  43.995  3.270  52.510 0.0000000000
155279  44.715  3.631  53.436 0.0000000000
155282  45.352  3.769  52.712 0.0000000000
155286  45.602  3.913  51.931 0.0000000000
155292  45.773  4.065  51.136 0.0000000000
155304  45.252  4.181  49.917 0.0000000000
156511  45.072  4.177  48.970 0.0000000000
155332  44.172  3.931  47.844 0.0000000000
155333  43.675  3.491  48.314 0.0000000000
155344  43.726  3.295  47.475 0.0000000000
155343  44.199  3.740  47.058 0.0000000000
155359  43.943  3.228  45.903 0.0000000000
154210  43.779  2.703  45.246 0.0000000000
153046  43.810  1.930  44.258 0.0000000000
151762  41.808  1.105  47.617 0.0000000000
151769  42.194  1.341  47.027 0.0000000000
151776  42.280  0.973  46.194 0.0000000000
150551  42.393  0.142  45.571 0.0000000000
153034  42.933  1.594  45.919 0.0000000000
151783  43.207  1.406  45.040 0.0000000000
151789  43.331  1.125  44.553 0.0000000000
156400  35.474  3.879  57.954 0.0000000000
155236  34.881  3.766  57.456 0.0000000000
155252  35.109  3.287  57.147 0.0000000000
154072  34.752  2.806  56.737 0.0000000000
155238  33.225  3.845  57.372 0.0000000000
154073  33.990  2.983  56.685 0.0000000000
154087  34.235  2.515  56.487 0.0000000000
151688  33.869  1.554  56.512 0.0000000000
154076  31.586  2.716  56.817 0.0000000000
151671  32.244  1.444  56.470 0.0000000000
150444  32.313  0.695  56.636 0.0000000000
168528  41.049  13.237  50.791 0.0000000000
168540  41.621  13.266  50.126 0.0000000000
168541  40.822  13.291  49.920 0.0000000000
168529  40.202  13.145  50.572 0.0000000000
167508  37.265  12.706  47.675 0.0000000000
167518  37.225  12.617  46.891 0.0000000000
167532  36.641  12.305  46.498 0.0000000000
166501  36.183  11.663  45.803 0.0000000000
166509  36.313  11.486  45.132 0.0000000000
164435  36.080  9.992  44.482 0.0000000000
168614  39.563  13.172  45.183 0.0000000000
168615  38.826  13.169  45.019 0.0000000000
168617  37.720  12.821  44.588 0.0000000000
167569  37.775  12.084  43.073 0.0000000000
167561  37.510  12.450  44.004 0.0000000000
167562  36.893  12.042  44.174 0.0000000000
166516  36.579  11.512  44.297 0.0000000000
165491  36.555  10.697  43.979 0.0000000000
163381  36.022  9.275  44.190 0.0000000000
161208  37.393  7.506  42.999 0.0000000000
163231  39.373  9.790  58.087 0.0000000000
164275  40.523  10.104  56.894 0.0000000000
164301  40.197  9.958  55.254 0.0000000000
164314  40.052  10.033  54.460 0.0000000000
161058  36.058  7.277  53.480 0.0000000000
162203  36.579  8.409  54.126 0.0000000000
163283  36.998  8.848  53.672 0.0000000000
162215  36.423  7.826  51.559 0.0000000000
163288  36.945  8.819  52.953 0.0000000000
163282  37.594  9.307  53.912 0.0000000000
164329  38.420  9.540  53.689 0.0000000000
164328  39.164  9.776  53.800 0.0000000000
165346  39.900  10.158  53.367 0.0000000000
165354  39.953  10.213  53.009 0.0000000000
165393  39.588  10.126  51.847 0.0000000000
165411  39.180  10.115  50.779 0.0000000000
163325  37.752  9.241  49.653 0.0000000000
164388  38.635  10.114  49.945 0.0000000000
165425  39.180  10.220  50.406 0.0000000000
164395  38.620  10.234  49.172 0.0000000000
165444  38.571  10.368  48.501 0.0000000000
158852  46.946  5.491  50.831 0.0000000000
158854  45.699  5.774  50.519 0.0000000000
158872  44.879  5.958  49.665 0.0000000000
159983  47.484  6.317  48.986 0.0000000000
158887  45.363  6.091  49.179 0.0000000000
158889  43.912  5.808  49.000 0.0000000000
158890  43.158  5.527  48.892 0.0000000000
158910  41.920  5.501  48.233 0.0000000000
158926  41.530  5.758  47.642 0.0000000000
161145  47.442  7.217  45.059 0.0000000000
161132  46.754  7.394  45.947 0.0000000000
160023  45.670  6.839  46.585 0.0000000000
160061  44.862  6.931  45.515 0.0000000000
160041  45.050  6.871  45.994 0.0000000000
160024  44.799  6.644  46.714 0.0000000000
158943  43.329  5.971  47.153 0.0000000000
158945  41.925  6.008  47.125 0.0000000000
158928  39.938  6.224  47.571 0.0000000000
160012  39.895  6.637  47.133 0.0000000000
160032  39.131  6.985  47.087 0.0000000000
161124  38.329  7.732  46.825 0.0000000000
161135  40.374  7.214  45.754 0.0000000000
161137  39.169  7.663  46.063 0.0000000000
161138  38.655  7.788  46.345 0.0000000000
162265  38.209  8.308  46.197 0.0000000000
163361  38.063  9.258  45.994 0.0000000000
164415  38.048  9.976  46.612 0.0000000000
164421  38.178  10.038  45.682 0.0000000000
163380  38.334  9.680  44.552 0.0000000000
164433  38.661  9.941  43.776 0.0000000000
162305  39.779  8.869  43.860 0.0000000000
163387  39.609  9.242  43.451 0.0000000000
163397  39.393  9.695  43.021 0.0000000000
163396  39.844  9.616  42.616 0.0000000000
164458  40.322  9.683  41.549 0.0000000000
163410  40.477  9.124  41.253 0.0000000000
162330  42.857  8.044  42.608 0.0000000000
161221  41.765  7.704  42.559 0.0000000000
162333  40.715  8.232  42.016 0.0000000000
162334  40.065  8.254  41.913 0.0000000000
161224  39.664  7.889  42.349 0.0000000000
161187  39.772  7.326  43.437 0.0000000000
160097  39.650  6.946  43.972 0.0000000000
160080  40.678  6.386  44.182 0.0000000000
160081  40.097  6.517  44.311 0.0000000000
151842  44.519  1.252  40.236 0.0000000000
149496  43.708  -0.082  40.546 0.0000000000
148094  38.297  -0.243  56.928 0.0000000000
148095  38.025  -0.285  56.976 0.0000000000
148110  38.326  -0.448  56.699 0.0000000000
148112  37.386  -0.845  56.478 0.0000000000
149260  38.953  -0.114  57.068 0.0000000000
149263  37.441  0.688  57.293 0.0000000000
149264  37.145  0.827  57.129 0.0000000000
149282  38.179  -0.013  57.174 0.0000000000
149284  36.984  0.367  57.217 0.0000000000
149298  39.136  -0.176  55.676 0.0000000000
149300  38.132  -0.651  55.973 0.0000000000
149311  38.490  0.014  54.657 0.0000000000
149452  39.512  -0.392  43.155 0.0000000000
149468  40.092  -0.102  41.890 0.0000000000
150418  37.603  1.068  57.545 0.0000000000
150419  37.226  1.152  57.186 0.0000000000
150436  40.408  0.631  57.115 0.0000000000
150437  39.978  0.389  57.268 0.0000000000
150456  40.576  0.528  56.742 0.0000000000
150460  32.508  1.169  56.464 0.0000000000
150465  40.243  0.417  55.581 0.0000000000
150466  39.572  0.191  55.289 0.0000000000
150467  39.193  0.157  54.961 0.0000000000
150484  38.218  0.204  53.840 0.0000000000
150552  42.115  0.237  46.173 0.0000000000
150559  42.831  0.242  44.956 0.0000000000
150599  40.110  0.343  42.250 0.0000000000
150614  40.372  0.156  41.783 0.0000000000
150623  48.856  0.153  40.644 0.0000000000
150629  44.171  0.488  40.293 0.0000000000
150630  43.470  0.625  40.230 0.0000000000
150631  42.853  0.709  40.309 0.0000000000
151631  39.456  1.453  58.143 0.0000000000
151633  38.423  1.861  58.206 0.0000000000
151643  40.531  1.222  57.421 0.0000000000
151645  39.241  0.972  58.004 0.0000000000
151646  38.587  1.152  58.024 0.0000000000
151647  37.915  1.690  57.829 0.0000000000
151664  40.368  0.779  57.397 0.0000000000
151665  36.701  2.103  57.224 0.0000000000
151666  36.499  1.687  57.066 0.0000000000
151669  34.301  1.159  56.693 0.0000000000
151685  41.511  1.483  56.233 0.0000000000
151687  34.368  1.662  56.538 0.0000000000
151689  33.266  1.382  56.452 0.0000000000
151695  41.474  1.445  55.857 0.0000000000
151696  40.994  1.047  55.448 0.0000000000
151697  40.481  0.807  55.029 0.0000000000
151705  39.611  1.083  54.352 0.0000000000
151707  39.802  1.494  54.247 0.0000000000
151708  39.330  1.338  53.904 0.0000000000
151709  38.873  1.081  53.507 0.0000000000
151721  39.996  1.407  50.595 0.0000000000
151723  38.957  0.686  50.964 0.0000000000
151761  42.122  1.505  47.436 0.0000000000
151819  40.902  1.109  41.975 0.0000000000
151827  41.996  1.157  40.779 0.0000000000
151855  44.152  1.638  40.069 0.0000000000
151857  43.423  1.840  39.911 0.0000000000
152900  39.294  1.916  58.223 0.0000000000
152903  37.812  2.461  58.112 0.0000000000
152911  39.827  1.922  58.023 0.0000000000
152912  39.419  2.363  58.193 0.0000000000
152914  36.779  2.406  57.415 0.0000000000
152924  41.119  1.654  57.080 0.0000000000
152925  36.625  2.282  57.274 0.0000000000
152930  31.907  2.033  56.546 0.0000000000
152931  31.112  2.015  56.717 0.0000000000
152940  42.127  2.301  55.655 0.0000000000
152942  41.498  1.580  56.536 0.0000000000
152943  34.622  2.112  56.565 0.0000000000
152944  34.048  2.058  56.467 0.0000000000
152945  33.491  1.972  56.439 0.0000000000
152955  41.481  2.358  54.169 0.0000000000
152957  40.131  1.682  54.340 0.0000000000
152964  40.876  2.659  52.948 0.0000000000
152969  40.248  2.204  51.905 0.0000000000
152974  39.809  1.786  51.463 0.0000000000
152986  41.429  2.092  49.508 0.0000000000
152987  41.023  1.830  49.834 0.0000000000
152988  40.614  1.607  50.153 0.0000000000
153020  42.112  1.660  47.727 0.0000000000
153033  43.366  2.086  45.658 0.0000000000
153040  43.169  1.597  45.370 0.0000000000
153065  48.529  1.609  41.771 0.0000000000
153066  47.992  1.690  42.131 0.0000000000
153069  45.699  1.832  42.285 0.0000000000
153076  42.380  2.108  40.806 0.0000000000
153089  43.122  2.449  40.225 0.0000000000
153090  42.831  2.050  40.298 0.0000000000
153098  44.689  2.452  40.147 0.0000000000
153099  44.244  2.185  39.998 0.0000000000
153101  43.195  1.912  39.957 0.0000000000
154034  37.796  3.438  58.421 0.0000000000
154035  37.570  3.433  58.362 0.0000000000
154042  38.635  2.971  58.508 0.0000000000
154045  36.845  3.228  58.020 0.0000000000
154053  40.246  2.316  57.679 0.0000000000
154055  39.254  3.014  58.123 0.0000000000
154056  36.951  2.761  57.789 0.0000000000
154057  36.502  2.943  57.698 0.0000000000
154058  36.122  2.910  57.423 0.0000000000
154059  35.724  2.990  57.286 0.0000000000
154067  42.187  2.916  56.879 0.0000000000
154068  41.733  2.512  57.099 0.0000000000
154069  40.796  2.372  57.290 0.0000000000
154070  35.929  2.648  57.180 0.0000000000
154071  35.446  2.744  57.075 0.0000000000
154074  33.286  2.916  56.637 0.0000000000
154086  41.985  2.186  56.641 0.0000000000
154089  33.116  2.389  56.406 0.0000000000
154090  32.760  2.252  56.371 0.0000000000
154098  42.186  2.536  54.979 0.0000000000
154103  43.695  3.285  54.697 0.0000000000
154104  43.302  3.042  54.911 0.0000000000
154112  42.636  2.810  53.984 0.0000000000
154113  41.987  2.628  53.706 0.0000000000
154114  41.570  2.580  53.360 0.0000000000
154118  43.763  3.148  53.771 0.0000000000
154119  43.203  3.002  53.576 0.0000000000
154122  41.361  2.640  52.855 0.0000000000
154130  41.891  2.755  52.376 0.0000000000
154135  42.330  2.963  51.971 0.0000000000
154137  41.011  2.521  51.385 0.0000000000
154138  40.579  2.366  51.646 0.0000000000
154143  41.139  2.388  50.612 0.0000000000
154160  43.120  3.175  49.227 0.0000000000
154186  42.847  2.287  47.670 0.0000000000
154209  44.130  3.070  44.988 0.0000000000
154219  44.265  2.810  44.406 0.0000000000
154227  44.866  3.056  43.839 0.0000000000
154228  44.560  2.522  43.599 0.0000000000
154234  46.437  3.324  42.651 0.0000000000
154238  42.854  3.350  42.522 0.0000000000
154259  42.276  2.252  41.160 0.0000000000
154268  43.371  2.757  40.503 0.0000000000
154275  43.662  2.749  40.162 0.0000000000
155182  37.280  4.197  59.881 0.0000000000
155183  36.986  4.141  59.680 0.0000000000
155203  37.901  3.645  58.410 0.0000000000
155216  38.185  3.886  57.964 0.0000000000
155220  35.679  3.797  58.028 0.0000000000
155230  39.670  3.125  57.417 0.0000000000
155233  36.366  3.171  57.804 0.0000000000
155234  36.149  3.260  57.769 0.0000000000
155245  42.410  3.233  56.628 0.0000000000
155249  39.486  3.452  56.862 0.0000000000
155254  33.589  3.429  57.001 0.0000000000
155261  42.586  3.223  56.096 0.0000000000
155262  42.103  3.658  56.238 0.0000000000
155263  41.355  3.654  56.221 0.0000000000
155265  39.856  3.544  56.354 0.0000000000
155269  43.277  3.427  55.295 0.0000000000
155270  42.897  3.377  55.642 0.0000000000
155272  41.285  3.798  55.834 0.0000000000
155275  43.869  3.559  54.497 0.0000000000
155276  43.610  3.497  54.944 0.0000000000
155278  45.095  3.717  53.195 0.0000000000
155283  44.796  3.438  52.925 0.0000000000
155284  44.239  3.321  53.321 0.0000000000
155296  42.809  3.135  51.735 0.0000000000
155298  45.829  4.201  50.723 0.0000000000
155357  44.906  3.743  45.372 0.0000000000
155376  44.717  3.314  44.544 0.0000000000
155384  41.997  3.610  43.702 0.0000000000
155391  45.720  3.376  43.113 0.0000000000
155413  45.178  3.268  40.236 0.0000000000
155415  43.718  3.377  40.806 0.0000000000
155420  44.961  3.399  40.146 0.0000000000
155421  44.410  3.361  40.191 0.0000000000
156370  37.664  4.603  58.560 0.0000000000
156372  36.088  4.317  58.825 0.0000000000
156385  38.066  4.175  57.644 0.0000000000
156387  35.927  4.070  58.422 0.0000000000
156398  38.268  4.078  57.434 0.0000000000
156401  35.168  4.032  57.869 0.0000000000
156410  34.183  3.963  57.444 0.0000000000
156411  33.819  3.844  57.295 0.0000000000
156416  41.762  3.858  56.009 0.0000000000
156417  41.541  3.875  55.837 0.0000000000
156418  40.099  3.670  56.001 0.0000000000
156425  42.750  3.808  55.463 0.0000000000
156426  42.056  3.960  55.622 0.0000000000
156431  37.798  4.434  55.037 0.0000000000
156435  43.371  3.975  55.095 0.0000000000
156436  42.583  4.099  54.961 0.0000000000
156439  40.164  3.973  54.725 0.0000000000
156442  37.792  4.449  54.301 0.0000000000
156443  37.141  4.685  54.247 0.0000000000
156445  45.006  3.831  53.436 0.0000000000
156446  44.730  3.948  53.676 0.0000000000
156448  43.179  4.299  54.354 0.0000000000
156450  41.600  4.245  54.205 0.0000000000
156454  38.388  4.235  53.729 0.0000000000
156458  45.243  4.073  53.255 0.0000000000
156461  42.910  4.515  53.720 0.0000000000
156462  42.184  4.422  53.541 0.0000000000
156465  39.872  4.242  53.287 0.0000000000
156469  36.930  4.978  53.209 0.0000000000
156472  45.042  4.752  52.712 0.0000000000
156473  41.779  4.382  53.057 0.0000000000
156475  40.575  4.343  52.715 0.0000000000
156478  38.163  4.501  52.283 0.0000000000
156484  39.547  4.406  51.904 0.0000000000
156485  38.804  4.451  51.750 0.0000000000
156486  38.089  4.659  51.537 0.0000000000
156487  37.605  4.817  51.698 0.0000000000
156489  46.443  4.849  50.962 0.0000000000
156490  46.144  4.495  50.806 0.0000000000
156491  45.913  4.321  50.430 0.0000000000
156493  39.388  4.460  51.252 0.0000000000
156494  38.699  4.555  51.125 0.0000000000
156499  45.748  4.370  49.907 0.0000000000
156500  45.274  4.261  49.544 0.0000000000
156508  46.707  4.926  49.473 0.0000000000
156527  45.594  4.334  48.477 0.0000000000
156551  45.892  4.683  47.312 0.0000000000
156561  44.641  3.828  46.203 0.0000000000
156575  45.735  4.504  44.820 0.0000000000
156577  41.687  4.816  44.057 0.0000000000
156582  45.912  4.243  43.904 0.0000000000
156583  45.518  3.771  44.090 0.0000000000
156590  47.067  4.415  42.711 0.0000000000
156592  46.096  4.020  43.363 0.0000000000
156593  43.596  4.768  42.438 0.0000000000
156602  43.398  4.067  42.195 0.0000000000
156609  43.934  4.124  41.288 0.0000000000
156613  46.746  4.367  40.395 0.0000000000
156616  44.616  3.952  40.363 0.0000000000
156620  45.324  4.028  40.167 0.0000000000
156621  44.986  3.892  40.187 0.0000000000
157638  37.451  5.085  58.813 0.0000000000
157653  37.335  4.873  56.399 0.0000000000
157661  36.311  5.996  55.941 0.0000000000
157665  36.802  5.077  55.013 0.0000000000
157670  36.270  5.658  54.648 0.0000000000
157672  36.566  5.144  53.459 0.0000000000
157673  36.233  5.595  53.855 0.0000000000
157677  43.228  4.677  53.124 0.0000000000
157679  37.144  5.000  52.399 0.0000000000
157680  36.785  5.199  52.859 0.0000000000
157683  45.742  4.916  51.800 0.0000000000
157687  42.464  4.624  52.702 0.0000000000
157689  41.122  4.379  52.595 0.0000000000
157690  37.239  5.001  51.871 0.0000000000
157691  36.780  5.354  52.226 0.0000000000
157694  46.594  5.101  50.998 0.0000000000
157695  46.164  5.049  51.240 0.0000000000
157698  43.802  5.051  51.568 0.0000000000
157701  41.083  4.479  52.158 0.0000000000
157702  38.037  4.805  51.024 0.0000000000
157703  37.555  4.973  51.292 0.0000000000
157707  47.013  5.011  50.740 0.0000000000
157708  45.608  5.536  50.912 0.0000000000
157710  44.217  5.395  50.633 0.0000000000
157716  38.428  4.769  50.612 0.0000000000
157717  37.803  5.018  50.639 0.0000000000
157725  48.131  5.358  49.522 0.0000000000
157726  47.656  5.204  49.867 0.0000000000
157727  46.964  4.932  50.119 0.0000000000
157728  46.597  4.836  49.909 0.0000000000
157729  43.956  5.650  49.892 0.0000000000
157732  41.549  4.965  50.293 0.0000000000
157735  38.916  4.954  50.019 0.0000000000
157737  37.540  5.292  50.227 0.0000000000
157747  48.309  5.497  48.934 0.0000000000
157749  47.084  5.010  49.437 0.0000000000
157750  46.747  4.907  49.718 0.0000000000
157751  43.915  5.748  49.485 0.0000000000
157752  43.532  5.554  49.482 0.0000000000
157754  41.980  5.148  49.532 0.0000000000
157757  39.381  5.180  49.451 0.0000000000
157767  46.953  5.119  48.542 0.0000000000
157768  46.390  4.926  48.289 0.0000000000
157779  48.405  6.022  47.594 0.0000000000
157780  48.141  5.555  47.565 0.0000000000
157796  48.343  5.852  47.281 0.0000000000
157825  46.345  5.365  44.174 0.0000000000
157834  46.128  4.935  43.915 0.0000000000
157835  42.304  5.153  43.599 0.0000000000
157836  41.837  5.164  43.939 0.0000000000
157847  47.572  5.227  41.802 0.0000000000
157849  44.195  5.130  41.944 0.0000000000
157858  44.496  4.997  41.469 0.0000000000
157864  45.659  5.271  40.657 0.0000000000
157865  45.190  4.950  40.746 0.0000000000
158829  36.570  5.911  56.801 0.0000000000
158836  35.962  6.263  55.106 0.0000000000
158840  35.982  6.074  53.457 0.0000000000
158842  36.411  5.594  52.320 0.0000000000
158845  46.490  5.255  51.146 0.0000000000
158846  46.286  5.420  51.022 0.0000000000
158847  45.932  5.576  50.907 0.0000000000
158848  36.497  5.684  51.903 0.0000000000
158851  47.348  5.333  50.630 0.0000000000
158853  46.383  5.784  50.646 0.0000000000
158855  45.000  5.722  50.265 0.0000000000
158856  44.470  5.728  50.006 0.0000000000
158857  36.659  5.819  51.079 0.0000000000
158867  48.069  5.459  49.907 0.0000000000
158869  47.004  5.897  50.186 0.0000000000
158871  45.545  5.970  49.840 0.0000000000
158873  44.291  5.854  49.525 0.0000000000
158874  37.669  5.493  49.855 0.0000000000
158884  47.584  6.040  49.647 0.0000000000
158885  46.861  6.099  49.404 0.0000000000
158886  46.072  6.087  49.330 0.0000000000
158888  44.645  6.051  49.033 0.0000000000
158893  40.669  5.386  48.859 0.0000000000
158895  38.972  5.635  48.949 0.0000000000
158897  37.386  6.384  49.502 0.0000000000
158903  48.279  6.089  48.773 0.0000000000
158904  46.480  6.204  48.870 0.0000000000
158906  45.148  6.175  48.482 0.0000000000
158909  42.729  5.554  48.250 0.0000000000
158911  41.106  5.559  48.224 0.0000000000
158915  38.042  6.359  48.754 0.0000000000
158920  48.418  6.427  48.033 0.0000000000
158921  48.196  5.688  47.164 0.0000000000
158923  43.861  5.943  47.583 0.0000000000
158924  43.075  5.771  47.660 0.0000000000
158927  40.748  5.863  47.610 0.0000000000
158930  38.673  6.561  47.965 0.0000000000
158940  48.333  6.487  47.233 0.0000000000
158941  48.133  6.011  46.884 0.0000000000
158944  42.661  6.001  47.151 0.0000000000
158946  41.194  6.063  47.097 0.0000000000
158947  40.528  6.265  47.121 0.0000000000
158948  40.170  6.463  47.160 0.0000000000
158961  47.750  6.281  46.128 0.0000000000
158962  47.171  5.859  45.880 0.0000000000
158976  46.924  5.807  45.107 0.0000000000
158988  41.638  5.519  44.091 0.0000000000
158990  40.405  5.864  44.650 0.0000000000
158999  41.477  6.176  43.871 0.0000000000
159005  43.705  5.755  42.634 0.0000000000
159020  45.380  5.681  41.227 0.0000000000
159025  45.864  5.684  40.739 0.0000000000
159930  36.637  6.860  58.064 0.0000000000
159931  36.404  6.851  57.407 0.0000000000
159935  36.222  6.790  56.870 0.0000000000
159940  36.061  6.836  56.272 0.0000000000
159952  35.935  6.654  53.044 0.0000000000
159955  36.052  6.679  52.225 0.0000000000
159958  36.248  6.781  51.488 0.0000000000
159963  36.628  6.314  50.583 0.0000000000
159975  36.593  7.106  50.423 0.0000000000
159982  47.994  6.305  49.197 0.0000000000
159984  46.961  6.327  48.757 0.0000000000
159992  47.978  6.625  48.574 0.0000000000
159994  46.541  6.428  48.187 0.0000000000
159995  45.704  6.311  47.920 0.0000000000
159997  44.417  6.107  47.645 0.0000000000
159998  38.429  6.643  48.053 0.0000000000
160000  37.462  7.263  48.648 0.0000000000
160008  46.267  6.664  47.232 0.0000000000
160010  44.632  6.284  47.255 0.0000000000
160013  39.387  6.702  47.325 0.0000000000
160015  38.109  7.180  47.816 0.0000000000
160021  48.115  7.086  46.755 0.0000000000
160022  46.176  6.897  46.747 0.0000000000
160025  43.958  6.246  46.853 0.0000000000
160026  43.048  6.192  46.651 0.0000000000
160029  40.901  6.473  46.645 0.0000000000
160031  39.637  7.018  46.763 0.0000000000
160038  47.983  6.900  46.124 0.0000000000
160040  45.564  6.921  46.126 0.0000000000
160042  44.213  6.669  46.162 0.0000000000
160046  41.258  6.677  46.192 0.0000000000
160047  40.583  6.912  46.125 0.0000000000
160048  40.105  6.996  46.443 0.0000000000
160063  43.677  6.801  45.640 0.0000000000
160066  41.510  6.892  45.761 0.0000000000
160079  47.327  6.501  44.061 0.0000000000
160106  43.750  6.258  42.808 0.0000000000
160109  41.896  6.766  43.230 0.0000000000
160110  41.305  6.870  43.336 0.0000000000
160111  40.898  6.916  43.470 0.0000000000
160117  47.170  6.731  41.869 0.0000000000
160127  47.139  6.530  41.160 0.0000000000
160128  46.519  6.789  41.311 0.0000000000
160129  45.925  6.624  41.665 0.0000000000
161006  38.246  8.312  60.388 0.0000000000
161007  37.788  7.990  60.259 0.0000000000
161020  37.560  8.072  59.764 0.0000000000
161039  36.567  7.522  57.531 0.0000000000
161051  36.039  7.422  56.097 0.0000000000
161053  36.289  7.987  55.447 0.0000000000
161054  36.060  7.565  55.239 0.0000000000
161064  36.392  7.316  51.223 0.0000000000
161073  36.528  7.359  50.680 0.0000000000
161086  36.638  7.423  50.240 0.0000000000
161094  37.235  7.626  48.940 0.0000000000
161100  37.893  7.397  47.952 0.0000000000
161107  47.659  7.296  46.915 0.0000000000
161108  47.179  7.217  47.127 0.0000000000
161110  38.483  7.394  47.153 0.0000000000
161112  37.780  7.744  47.828 0.0000000000
161119  47.249  7.483  46.517 0.0000000000
161120  46.573  7.116  46.671 0.0000000000
161121  46.122  6.972  46.509 0.0000000000
161123  38.930  7.365  46.776 0.0000000000
161130  48.005  7.312  46.237 0.0000000000
161131  47.539  7.353  45.852 0.0000000000
161134  45.506  6.960  45.879 0.0000000000
161136  39.890  7.303  46.082 0.0000000000
161148  45.375  7.079  45.364 0.0000000000
161150  43.930  6.980  45.121 0.0000000000
161151  43.211  7.064  45.171 0.0000000000
161154  40.876  7.215  45.376 0.0000000000
161155  40.175  7.478  45.481 0.0000000000
161163  47.080  7.493  44.649 0.0000000000
161164  46.516  7.582  44.686 0.0000000000
161165  45.717  7.523  44.532 0.0000000000
161171  41.445  7.457  44.886 0.0000000000
161181  45.519  7.652  44.051 0.0000000000
161183  44.497  7.433  44.137 0.0000000000
161185  43.220  7.518  44.270 0.0000000000
161196  46.922  7.017  42.934 0.0000000000
161197  46.648  7.332  42.686 0.0000000000
161199  44.828  7.393  42.768 0.0000000000
161201  42.663  7.060  42.805 0.0000000000
161205  40.016  7.562  42.916 0.0000000000
161206  39.298  7.639  42.940 0.0000000000
161214  46.668  7.120  42.268 0.0000000000
161215  45.933  7.113  42.266 0.0000000000
161217  44.480  7.042  42.677 0.0000000000
161230  46.420  7.051  41.841 0.0000000000
162151  38.434  9.031  59.245 0.0000000000
162152  37.904  8.434  59.615 0.0000000000
162153  37.492  8.092  59.506 0.0000000000
162186  37.581  8.855  57.310 0.0000000000
162187  37.045  8.368  57.235 0.0000000000
162193  37.412  8.829  56.784 0.0000000000
162198  36.354  8.039  55.122 0.0000000000
162201  36.285  7.939  54.584 0.0000000000
162204  36.261  7.870  53.837 0.0000000000
162206  36.500  8.419  53.396 0.0000000000
162207  36.276  7.834  53.068 0.0000000000
162210  36.313  7.837  52.298 0.0000000000
162214  36.518  8.403  51.888 0.0000000000
162224  36.613  8.331  51.125 0.0000000000
162232  36.716  8.092  50.272 0.0000000000
162233  36.581  7.666  50.517 0.0000000000
162245  37.379  8.210  48.654 0.0000000000
162250  37.793  7.918  47.570 0.0000000000
162251  37.599  8.243  47.856 0.0000000000
162258  37.624  8.638  47.404 0.0000000000
162272  39.919  7.892  45.058 0.0000000000
162280  47.176  7.526  44.288 0.0000000000
162283  45.806  7.733  43.970 0.0000000000
162289  36.066  8.814  44.038 0.0000000000
162295  47.147  7.506  43.908 0.0000000000
162298  45.458  7.707  43.602 0.0000000000
162307  35.742  8.035  43.950 0.0000000000
162312  46.960  7.409  43.426 0.0000000000
162313  46.558  7.601  43.049 0.0000000000
162314  45.842  7.562  42.890 0.0000000000
162337  37.965  8.538  41.460 0.0000000000
162341  40.961  8.534  41.659 0.0000000000
162342  40.516  8.533  41.490 0.0000000000
162343  39.896  8.648  41.345 0.0000000000
162344  39.188  8.687  41.100 0.0000000000
162346  38.012  8.790  40.934 0.0000000000
163198  39.078  9.415  59.474 0.0000000000
163217  38.809  9.490  58.684 0.0000000000
163218  38.333  9.245  58.347 0.0000000000
163241  39.227  9.764  57.369 0.0000000000
163254  38.521  9.608  56.307 0.0000000000
163255  37.656  9.158  56.131 0.0000000000
163266  37.637  9.212  55.336 0.0000000000
163267  37.139  8.791  55.058 0.0000000000
163274  37.588  9.219  54.668 0.0000000000
163281  38.086  9.419  54.330 0.0000000000
163287  37.366  9.281  53.201 0.0000000000
163290  37.274  9.280  52.541 0.0000000000
163291  36.859  8.887  52.238 0.0000000000
163318  37.611  9.217  50.444 0.0000000000
163343  37.721  9.380  48.002 0.0000000000
163352  37.726  9.065  47.068 0.0000000000
163369  38.685  8.873  44.951 0.0000000000
163378  39.445  8.959  43.958 0.0000000000
163388  39.003  9.751  43.380 0.0000000000
163394  41.027  8.991  42.214 0.0000000000
163399  36.546  8.916  43.144 0.0000000000
163403  40.543  9.390  41.809 0.0000000000
163409  40.887  8.738  41.280 0.0000000000
163412  38.934  9.330  40.623 0.0000000000
163413  38.121  9.239  40.739 0.0000000000
164286  40.361  9.974  56.076 0.0000000000
164287  39.455  9.817  55.983 0.0000000000
164316  38.648  9.633  54.386 0.0000000000
164327  39.840  10.078  53.771 0.0000000000
164330  37.911  9.473  53.296 0.0000000000
164339  41.373  10.344  52.915 0.0000000000
164340  40.878  10.365  53.019 0.0000000000
164342  39.046  9.770  53.118 0.0000000000
164355  39.540  10.038  52.734 0.0000000000
164357  38.197  9.683  52.221 0.0000000000
164358  37.656  9.528  52.208 0.0000000000
164370  42.852  10.504  51.884 0.0000000000
164371  39.117  9.984  51.411 0.0000000000
164372  38.494  9.794  51.553 0.0000000000
164380  39.168  10.056  51.006 0.0000000000
164389  38.124  9.702  50.198 0.0000000000
164402  38.604  10.309  48.738 0.0000000000
164436  35.726  9.699  44.977 0.0000000000
164444  36.420  9.840  43.806 0.0000000000
164459  39.971  9.859  41.842 0.0000000000
164460  39.390  10.321  41.964 0.0000000000
164462  37.458  9.795  41.973 0.0000000000
164468  40.462  9.530  41.406 0.0000000000
164469  40.150  9.729  41.224 0.0000000000
164472  37.757  9.605  41.263 0.0000000000
165345  40.176  10.249  53.336 0.0000000000
165352  40.954  10.372  52.660 0.0000000000
165365  44.077  10.357  51.864 0.0000000000
165366  43.748  10.374  51.880 0.0000000000
165367  42.392  10.598  51.778 0.0000000000
165368  41.983  10.528  51.920 0.0000000000
165369  41.342  10.438  52.219 0.0000000000
165370  40.639  10.367  52.233 0.0000000000
165371  39.999  10.241  52.387 0.0000000000
165372  39.559  10.065  52.307 0.0000000000
165388  42.779  10.668  51.552 0.0000000000
165410  39.563  10.240  51.039 0.0000000000
165418  43.989  11.032  50.043 0.0000000000
165419  43.339  11.098  50.164 0.0000000000
165436  39.121  10.489  49.682 0.0000000000
165441  40.353  11.332  48.722 0.0000000000
165442  39.846  11.165  48.506 0.0000000000
165450  39.650  11.300  47.526 0.0000000000
165476  36.026  10.825  45.248 0.0000000000
165489  38.498  10.662  43.894 0.0000000000
165502  38.824  10.824  42.190 0.0000000000
165504  37.595  10.526  42.255 0.0000000000
166439  43.027  11.353  49.780 0.0000000000
166451  43.513  11.750  49.097 0.0000000000
166453  42.028  11.293  48.912 0.0000000000
166454  41.420  11.273  48.982 0.0000000000
166455  41.017  11.302  49.113 0.0000000000
166463  44.116  12.213  48.873 0.0000000000
166476  42.877  12.058  47.208 0.0000000000
166488  42.403  11.971  46.699 0.0000000000
166489  41.792  11.972  46.833 0.0000000000
166492  39.582  11.443  46.782 0.0000000000
166507  40.144  12.411  45.354 0.0000000000
166515  36.946  11.847  43.879 0.0000000000
166522  37.230  11.631  43.374 0.0000000000
166523  36.809  11.356  43.772 0.0000000000
166529  38.051  11.476  42.505 0.0000000000
166530  37.666  11.512  42.829 0.0000000000
166535  38.706  11.469  42.579 0.0000000000
166536  38.474  11.480  42.311 0.0000000000
167467  44.299  12.396  51.330 0.0000000000
167468  43.832  12.311  51.558 0.0000000000
167494  38.207  12.899  48.838 0.0000000000
167504  44.509  12.459  49.230 0.0000000000
167505  44.047  12.504  48.994 0.0000000000
167516  43.489  12.878  47.542 0.0000000000
167526  43.216  13.136  46.984 0.0000000000
167527  43.217  12.557  46.735 0.0000000000
167528  42.517  12.406  46.296 0.0000000000
167530  41.495  12.248  46.473 0.0000000000
167534  35.252  12.127  47.258 0.0000000000
167537  42.980  13.302  46.783 0.0000000000
167539  42.613  13.016  46.217 0.0000000000
167541  41.297  12.501  46.002 0.0000000000
167548  41.209  12.950  45.763 0.0000000000
167549  40.855  12.837  45.350 0.0000000000
167552  37.250  12.592  44.923 0.0000000000
167558  39.712  12.928  44.699 0.0000000000
167568  38.297  12.468  43.331 0.0000000000
167574  38.759  12.142  43.112 0.0000000000
167576  37.958  11.802  42.745 0.0000000000
167583  38.622  11.797  42.481 0.0000000000
168514  43.140  12.315  51.824 0.0000000000
168537  43.972  12.560  50.709 0.0000000000
168558  37.887  12.950  47.877 0.0000000000
168570  39.074  13.368  47.811 0.0000000000
168579  41.206  13.392  47.711 0.0000000000
168588  43.011  13.221  47.532 0.0000000000
168590  41.874  13.415  47.177 0.0000000000
168593  39.677  13.216  46.577 0.0000000000
168596  37.771  12.907  45.827 0.0000000000
168600  42.889  13.336  47.060 0.0000000000
168601  42.568  13.381  46.740 0.0000000000
168603  41.093  13.240  46.194 0.0000000000
168606  38.929  13.299  45.661 0.0000000000
168613  40.221  13.094  45.532 0.0000000000
168616  38.219  12.977  44.844 0.0000000000
168623  38.702  12.937  44.483 0.0000000000
168625  37.748  12.740  44.298 0.0000000000
