#!ascii label  , from subject sub-36 vox2ras=TkReg
1578
92416  6.945  -36.577  93.595 0.0000000000
81579  0.175  -41.682  79.066 0.0000000000
81424  0.689  -41.708  94.176 0.0000000000
91279  0.679  -35.748  90.051 0.0000000000
97568  0.704  -31.854  82.173 0.0000000000
87210  4.649  -37.983  96.217 0.0000000000
94800  1.267  -35.756  95.305 0.0000000000
85853  9.858  -38.985  91.546 0.0000000000
82764  6.856  -40.071  92.930 0.0000000000
77375  3.620  -43.633  93.279 0.0000000000
98728  -1.979  -31.612  90.804 0.0000000000
92553  0.672  -33.811  86.112 0.0000000000
102933  -0.610  -29.349  87.758 0.0000000000
81460  -1.565  -42.713  90.713 0.0000000000
85889  0.701  -40.172  88.474 0.0000000000
88530  1.472  -38.423  92.732 0.0000000000
93610  -0.280  -34.517  92.987 0.0000000000
87331  2.008  -38.174  84.516 0.0000000000
91379  3.111  -36.626  80.844 0.0000000000
91408  2.887  -35.920  77.095 0.0000000000
101631  -0.882  -30.637  79.151 0.0000000000
92394  5.085  -37.027  94.856 0.0000000000
93577  4.333  -35.774  95.153 0.0000000000
89867  8.737  -38.100  92.845 0.0000000000
84309  8.148  -38.338  91.605 0.0000000000
87224  6.537  -38.412  93.518 0.0000000000
84293  5.555  -39.577  94.787 0.0000000000
101457  -1.853  -30.236  89.187 0.0000000000
80136  -0.405  -42.183  92.637 0.0000000000
84323  -0.237  -40.617  92.472 0.0000000000
84305  0.798  -40.397  93.570 0.0000000000
94821  1.407  -34.068  94.071 0.0000000000
92420  -0.056  -34.993  93.962 0.0000000000
77358  2.443  -42.439  94.128 0.0000000000
76005  1.436  -44.698  92.730 0.0000000000
77377  0.926  -43.387  92.840 0.0000000000
77419  -1.097  -44.183  91.471 0.0000000000
87264  2.398  -38.484  89.152 0.0000000000
87294  1.038  -39.350  86.446 0.0000000000
89952  2.752  -37.138  87.635 0.0000000000
94972  -0.208  -33.251  83.714 0.0000000000
93728  2.308  -35.057  83.606 0.0000000000
95006  2.084  -34.111  81.306 0.0000000000
91396  2.809  -36.275  78.714 0.0000000000
95046  1.438  -33.846  79.037 0.0000000000
81406  2.782  -40.213  95.404 0.0000000000
85837  1.335  -38.861  95.283 0.0000000000
92385  2.421  -36.796  97.075 0.0000000000
94814  2.433  -35.047  94.264 0.0000000000
82781  11.704  -40.274  90.784 0.0000000000
82835  10.717  -38.948  89.044 0.0000000000
84344  9.969  -38.946  90.776 0.0000000000
81442  7.164  -39.300  91.123 0.0000000000
80128  5.159  -41.435  93.149 0.0000000000
81419  3.944  -41.016  94.681 0.0000000000
93647  -1.132  -34.326  90.194 0.0000000000
92503  0.977  -34.507  88.454 0.0000000000
96174  -0.839  -32.690  88.622 0.0000000000
97485  -0.892  -32.084  86.667 0.0000000000
100149  -0.576  -30.676  84.141 0.0000000000
93619  7.915  -36.235  91.515 0.0000000000
82830  14.373  -39.739  87.697 0.0000000000
87258  15.031  -38.527  89.060 0.0000000000
87238  12.001  -39.241  91.251 0.0000000000
89893  9.997  -37.253  91.058 0.0000000000
78847  -1.358  -43.870  88.826 0.0000000000
80162  -1.597  -42.370  87.411 0.0000000000
84374  -0.013  -41.779  89.549 0.0000000000
85874  1.377  -40.551  91.028 0.0000000000
89910  1.511  -37.060  91.710 0.0000000000
88511  1.401  -37.347  93.928 0.0000000000
89888  0.452  -36.136  92.946 0.0000000000
92451  0.114  -35.355  91.440 0.0000000000
96126  -1.809  -33.064  91.697 0.0000000000
85942  -0.075  -40.271  85.843 0.0000000000
85963  0.439  -40.653  83.475 0.0000000000
87398  1.149  -40.612  81.837 0.0000000000
92562  1.796  -35.599  85.519 0.0000000000
88634  2.847  -37.761  82.394 0.0000000000
87410  1.904  -39.080  80.107 0.0000000000
86054  1.884  -39.052  78.462 0.0000000000
86083  3.572  -39.166  76.852 0.0000000000
105760  0.651  -28.463  85.914 0.0000000000
101559  0.459  -30.117  82.991 0.0000000000
105844  1.219  -28.916  81.978 0.0000000000
98872  -0.080  -31.555  80.931 0.0000000000
95068  0.907  -33.396  77.926 0.0000000000
92401  6.058  -36.884  94.253 0.0000000000
93582  5.435  -36.435  94.624 0.0000000000
93598  6.343  -35.869  93.320 0.0000000000
91224  7.462  -36.990  93.206 0.0000000000
88515  7.852  -37.962  92.936 0.0000000000
89862  6.685  -37.717  93.796 0.0000000000
89857  5.882  -37.798  94.446 0.0000000000
78996  0.557  -42.987  77.918 0.0000000000
81605  0.871  -42.143  77.964 0.0000000000
81428  0.299  -41.932  93.904 0.0000000000
82759  0.034  -41.061  93.477 0.0000000000
82754  1.103  -40.401  94.257 0.0000000000
82897  11.424  -38.833  87.523 0.0000000000
78789  1.613  -42.016  94.462 0.0000000000
77371  1.404  -43.072  93.614 0.0000000000
78799  0.795  -42.872  93.545 0.0000000000
78805  0.270  -43.187  92.956 0.0000000000
89944  2.312  -36.976  89.669 0.0000000000
88563  2.713  -37.854  88.814 0.0000000000
91305  2.122  -35.990  88.649 0.0000000000
96254  -0.528  -32.583  83.044 0.0000000000
94983  0.278  -33.621  82.776 0.0000000000
96279  0.341  -33.047  81.782 0.0000000000
95022  1.413  -33.868  80.467 0.0000000000
95010  0.562  -32.944  81.058 0.0000000000
84281  3.500  -39.241  95.605 0.0000000000
85831  2.959  -38.457  95.487 0.0000000000
88487  3.943  -37.686  96.890 0.0000000000
94804  3.386  -35.456  94.680 0.0000000000
96073  2.340  -34.075  93.541 0.0000000000
84317  11.587  -39.708  91.568 0.0000000000
84356  11.056  -39.636  90.674 0.0000000000
84318  10.538  -39.233  91.115 0.0000000000
84310  7.085  -38.981  92.308 0.0000000000
82769  7.363  -38.585  91.245 0.0000000000
81437  6.648  -39.845  91.906 0.0000000000
81434  5.920  -41.066  93.140 0.0000000000
85835  5.058  -38.966  95.208 0.0000000000
82748  4.741  -40.335  94.705 0.0000000000
82742  4.158  -40.047  95.190 0.0000000000
81411  3.389  -40.590  95.031 0.0000000000
96155  -1.368  -32.860  89.968 0.0000000000
94891  -0.840  -33.582  89.269 0.0000000000
97440  -1.766  -32.135  89.684 0.0000000000
101465  -1.476  -30.207  88.411 0.0000000000
100075  -1.496  -30.936  88.192 0.0000000000
100088  -1.042  -30.659  87.357 0.0000000000
100116  -1.141  -31.031  85.753 0.0000000000
101495  -0.394  -29.917  86.411 0.0000000000
85865  13.294  -39.613  91.394 0.0000000000
80152  -1.632  -42.965  89.651 0.0000000000
81467  -0.772  -42.719  89.229 0.0000000000
82802  -0.849  -42.237  90.403 0.0000000000
84321  0.941  -40.214  92.582 0.0000000000
84345  0.819  -40.637  91.735 0.0000000000
87249  1.572  -39.616  92.374 0.0000000000
87255  1.938  -39.071  91.254 0.0000000000
89896  1.555  -37.862  92.443 0.0000000000
89854  1.834  -37.038  95.057 0.0000000000
88506  1.719  -37.707  94.460 0.0000000000
91215  1.087  -36.428  94.804 0.0000000000
93603  -0.264  -34.475  93.593 0.0000000000
92432  0.224  -35.699  93.520 0.0000000000
92437  0.181  -35.305  92.725 0.0000000000
91246  -0.006  -35.919  92.181 0.0000000000
93622  -0.325  -34.566  92.215 0.0000000000
94859  -1.030  -34.130  91.562 0.0000000000
94837  -1.349  -33.554  92.820 0.0000000000
82857  9.006  -39.092  88.504 0.0000000000
82877  9.255  -38.819  87.776 0.0000000000
77385  4.702  -43.766  92.846 0.0000000000
76017  3.919  -44.507  91.452 0.0000000000
76002  3.434  -44.858  92.689 0.0000000000
74705  0.790  -44.481  91.736 0.0000000000
74703  1.529  -45.219  92.221 0.0000000000
80144  -1.407  -42.884  91.313 0.0000000000
78836  -2.037  -43.483  90.246 0.0000000000
84394  -0.861  -40.769  87.861 0.0000000000
82931  -0.900  -41.315  86.518 0.0000000000
85916  -0.172  -40.304  87.140 0.0000000000
87305  1.701  -38.790  85.737 0.0000000000
87335  0.613  -39.230  84.635 0.0000000000
87347  0.953  -38.954  84.103 0.0000000000
87362  0.905  -40.163  82.978 0.0000000000
88637  0.941  -38.986  82.653 0.0000000000
92535  0.773  -34.499  86.946 0.0000000000
92534  1.180  -35.043  86.952 0.0000000000
92563  1.204  -35.094  85.675 0.0000000000
92592  2.891  -35.454  82.340 0.0000000000
91368  3.104  -36.005  82.894 0.0000000000
90028  2.970  -37.262  81.423 0.0000000000
88679  2.191  -38.342  81.183 0.0000000000
88718  2.433  -38.379  79.925 0.0000000000
86037  1.710  -39.156  79.013 0.0000000000
88736  2.362  -37.791  79.213 0.0000000000
92635  2.589  -35.899  77.911 0.0000000000
88767  2.359  -37.257  77.699 0.0000000000
88783  2.079  -37.081  76.903 0.0000000000
105772  1.333  -28.147  85.388 0.0000000000
104426  0.898  -29.283  84.905 0.0000000000
105814  1.201  -29.123  84.029 0.0000000000
104536  0.149  -29.174  79.563 0.0000000000
104522  0.239  -29.301  80.453 0.0000000000
101596  0.256  -30.495  81.767 0.0000000000
100220  -0.392  -31.070  80.510 0.0000000000
97613  -0.270  -32.470  79.437 0.0000000000
98904  -0.586  -32.040  78.131 0.0000000000
89844  6.130  -37.828  96.566 0.0000000000
91202  5.124  -36.652  97.169 0.0000000000
93566  4.760  -36.225  95.486 0.0000000000
88513  9.894  -38.677  93.018 0.0000000000
85854  9.492  -39.148  91.609 0.0000000000
87229  8.098  -38.062  92.236 0.0000000000
85849  7.608  -38.253  92.516 0.0000000000
84303  6.735  -39.256  93.146 0.0000000000
82751  6.574  -39.898  94.056 0.0000000000
85844  6.183  -39.137  93.876 0.0000000000
87214  5.232  -38.116  95.064 0.0000000000
101439  -2.599  -30.054  91.601 0.0000000000
100062  -2.035  -30.829  89.770 0.0000000000
101444  -2.071  -29.710  90.361 0.0000000000
102912  -1.287  -29.167  89.581 0.0000000000
104382  -0.728  -28.834  89.189 0.0000000000
81445  -0.910  -42.348  91.640 0.0000000000
82777  -1.880  -41.322  91.546 0.0000000000
82771  -1.315  -40.938  92.880 0.0000000000
84312  0.684  -40.430  93.144 0.0000000000
87236  1.340  -39.164  93.467 0.0000000000
94816  1.142  -34.982  94.763 0.0000000000
93587  0.615  -35.640  94.813 0.0000000000
93594  0.329  -34.743  94.466 0.0000000000
93602  -0.067  -34.532  94.050 0.0000000000
96084  -0.599  -33.281  93.839 0.0000000000
94828  -1.239  -33.391  93.185 0.0000000000
77362  2.907  -42.769  93.809 0.0000000000
75989  2.585  -44.374  93.186 0.0000000000
75981  2.110  -43.613  93.097 0.0000000000
75992  1.270  -43.908  92.561 0.0000000000
76008  0.301  -44.163  92.122 0.0000000000
74720  0.184  -44.706  91.089 0.0000000000
78807  -0.064  -43.900  93.040 0.0000000000
78819  -0.503  -43.026  92.211 0.0000000000
85881  1.682  -39.580  88.910 0.0000000000
85914  0.922  -39.725  86.977 0.0000000000
87271  2.112  -39.101  87.913 0.0000000000
88574  2.454  -38.036  87.034 0.0000000000
88584  2.438  -37.974  86.110 0.0000000000
93723  -0.017  -33.354  85.140 0.0000000000
93720  0.946  -34.680  84.505 0.0000000000
93741  0.669  -34.032  83.241 0.0000000000
94980  2.322  -34.254  82.135 0.0000000000
93758  2.708  -35.012  80.913 0.0000000000
91391  2.991  -36.211  79.423 0.0000000000
93767  2.525  -34.970  80.151 0.0000000000
93787  2.126  -34.823  79.048 0.0000000000
93798  2.032  -35.046  78.271 0.0000000000
101643  -0.297  -30.113  77.929 0.0000000000
98914  -0.553  -31.996  77.263 0.0000000000
100266  -0.647  -31.066  76.518 0.0000000000
80106  1.729  -41.088  94.717 0.0000000000
82749  1.272  -40.238  94.666 0.0000000000
84284  1.969  -39.311  95.613 0.0000000000
87212  2.647  -38.032  95.242 0.0000000000
93564  2.020  -35.853  95.964 0.0000000000
93560  3.585  -35.665  96.507 0.0000000000
93570  2.530  -35.719  95.649 0.0000000000
94798  2.204  -35.565  95.163 0.0000000000
94815  1.707  -34.719  94.348 0.0000000000
82811  11.651  -40.278  89.372 0.0000000000
82834  11.358  -39.550  88.893 0.0000000000
82812  11.359  -39.327  89.638 0.0000000000
84319  9.224  -38.958  91.002 0.0000000000
82774  8.519  -38.725  90.841 0.0000000000
82816  7.453  -39.741  89.919 0.0000000000
78810  4.058  -42.614  92.786 0.0000000000
78797  4.358  -42.100  93.347 0.0000000000
81422  5.805  -40.736  94.077 0.0000000000
80118  4.343  -41.488  94.176 0.0000000000
78791  3.753  -42.320  93.800 0.0000000000
78785  3.288  -41.872  94.210 0.0000000000
80113  2.278  -41.587  94.652 0.0000000000
92478  -0.147  -35.023  89.704 0.0000000000
92488  1.192  -35.115  89.017 0.0000000000
92505  -0.143  -34.328  89.032 0.0000000000
93662  -0.127  -33.690  88.530 0.0000000000
93686  0.342  -33.120  87.439 0.0000000000
98751  -1.597  -31.465  88.605 0.0000000000
97470  -0.892  -31.995  87.601 0.0000000000
96216  -0.543  -32.565  86.220 0.0000000000
96230  -0.563  -32.535  85.217 0.0000000000
97529  -0.630  -31.873  83.960 0.0000000000
98828  -0.174  -30.993  82.713 0.0000000000
93596  7.396  -36.361  92.551 0.0000000000
82831  13.736  -40.485  87.706 0.0000000000
205287  16.349  -37.868  89.039 0.0000000000
87267  15.594  -37.937  89.055 0.0000000000
84352  15.612  -38.843  88.370 0.0000000000
82787  14.800  -39.285  88.279 0.0000000000
82789  14.154  -40.629  89.378 0.0000000000
82790  13.236  -40.720  89.646 0.0000000000
84315  12.361  -40.133  91.546 0.0000000000
87239  11.524  -39.180  91.309 0.0000000000
89880  11.067  -38.055  90.886 0.0000000000
88519  10.256  -38.479  91.926 0.0000000000
89873  9.201  -38.003  92.668 0.0000000000
92423  8.383  -36.702  92.335 0.0000000000
82842  -0.595  -42.141  88.480 0.0000000000
85884  0.186  -40.798  89.384 0.0000000000
84348  -0.644  -41.169  90.870 0.0000000000
85878  0.671  -40.835  90.179 0.0000000000
85877  1.298  -40.351  89.947 0.0000000000
87260  2.034  -39.244  90.378 0.0000000000
88552  2.042  -38.300  90.790 0.0000000000
91266  1.063  -36.539  90.644 0.0000000000
85845  1.058  -39.444  94.607 0.0000000000
87231  1.416  -38.803  93.856 0.0000000000
88523  1.543  -38.362  93.387 0.0000000000
92413  0.648  -36.142  94.134 0.0000000000
89871  1.180  -36.539  93.504 0.0000000000
89886  1.407  -36.953  92.778 0.0000000000
89898  1.181  -36.663  92.169 0.0000000000
89912  0.394  -36.387  91.212 0.0000000000
91268  0.014  -36.012  90.643 0.0000000000
92469  -0.512  -34.776  90.667 0.0000000000
94870  -1.234  -33.637  90.511 0.0000000000
97419  -2.018  -32.192  91.334 0.0000000000
97400  -2.169  -32.332  92.878 0.0000000000
97411  -2.496  -31.962  92.259 0.0000000000
100039  -2.600  -30.735  92.057 0.0000000000
76046  2.425  -44.059  90.908 0.0000000000
76020  2.109  -45.145  92.253 0.0000000000
87308  0.391  -39.841  85.953 0.0000000000
85953  -0.036  -40.073  84.235 0.0000000000
84586  0.373  -40.749  80.420 0.0000000000
92515  2.027  -35.632  87.521 0.0000000000
92548  2.325  -36.185  86.538 0.0000000000
89982  2.426  -37.431  85.008 0.0000000000
92574  2.038  -35.390  84.705 0.0000000000
91351  2.967  -36.489  84.368 0.0000000000
88620  2.047  -38.082  83.056 0.0000000000
88657  1.245  -39.009  81.960 0.0000000000
86006  1.098  -39.907  80.707 0.0000000000
83117  0.441  -40.852  79.202 0.0000000000
84629  1.196  -40.453  78.688 0.0000000000
88752  2.325  -37.694  78.480 0.0000000000
86070  2.742  -39.226  77.417 0.0000000000
104388  -0.235  -28.439  88.104 0.0000000000
105741  0.150  -28.020  87.606 0.0000000000
104396  -0.290  -28.719  87.323 0.0000000000
101513  -0.129  -30.016  85.504 0.0000000000
101548  -0.160  -30.283  83.928 0.0000000000
100173  0.826  -31.112  82.978 0.0000000000
104486  0.761  -29.330  82.585 0.0000000000
101584  1.015  -30.495  82.205 0.0000000000
97580  0.655  -31.836  81.655 0.0000000000
95037  0.560  -33.165  79.747 0.0000000000
93789  1.269  -33.358  78.313 0.0000000000
92638  1.603  -35.274  77.128 0.0000000000
93819  0.738  -34.878  76.765 0.0000000000
92408  6.516  -36.820  94.098 0.0000000000
93589  6.155  -36.178  93.933 0.0000000000
93588  6.562  -36.460  93.906 0.0000000000
92415  7.282  -36.728  93.283 0.0000000000
91218  7.256  -37.319  93.387 0.0000000000
92407  7.062  -36.942  93.631 0.0000000000
91219  6.590  -37.262  93.973 0.0000000000
81592  0.233  -42.246  78.872 0.0000000000
80277  0.538  -42.741  78.254 0.0000000000
80290  0.967  -42.619  77.654 0.0000000000
81591  0.452  -41.972  78.425 0.0000000000
81429  0.206  -41.479  93.870 0.0000000000
81425  0.830  -41.041  94.140 0.0000000000
82853  12.382  -39.662  87.988 0.0000000000
82874  11.968  -38.938  87.714 0.0000000000
80115  1.310  -41.698  94.526 0.0000000000
78795  1.406  -42.436  94.102 0.0000000000
80119  0.907  -42.248  94.044 0.0000000000
80123  0.371  -42.425  93.722 0.0000000000
91277  1.837  -36.716  89.963 0.0000000000
91292  2.026  -36.506  89.408 0.0000000000
91293  1.269  -35.810  89.503 0.0000000000
96268  -0.182  -32.140  82.115 0.0000000000
96267  0.059  -32.968  82.273 0.0000000000
94994  0.458  -33.129  81.348 0.0000000000
96280  0.450  -32.502  81.652 0.0000000000
85828  4.223  -38.461  95.642 0.0000000000
85822  4.263  -37.922  95.906 0.0000000000
87204  4.299  -37.888  96.528 0.0000000000
85860  11.070  -39.324  91.296 0.0000000000
82763  6.938  -39.387  92.422 0.0000000000
82770  6.935  -39.206  92.112 0.0000000000
81432  6.849  -39.860  92.398 0.0000000000
81433  6.562  -40.802  93.043 0.0000000000
85826  5.114  -38.444  95.834 0.0000000000
85836  4.961  -38.994  95.249 0.0000000000
84279  4.238  -38.955  95.580 0.0000000000
82735  4.124  -39.964  95.395 0.0000000000
97430  -1.865  -32.241  90.451 0.0000000000
101464  -1.053  -29.783  88.152 0.0000000000
101478  -0.961  -30.113  87.671 0.0000000000
101496  -0.745  -30.355  86.890 0.0000000000
102947  -0.575  -29.820  87.157 0.0000000000
81468  -1.070  -42.608  89.819 0.0000000000
81461  -1.309  -42.534  90.566 0.0000000000
87241  1.521  -39.206  92.863 0.0000000000
85866  1.172  -40.087  92.433 0.0000000000
88538  1.712  -38.903  92.516 0.0000000000
88537  1.720  -38.323  92.279 0.0000000000
88529  1.489  -38.142  92.510 0.0000000000
92399  1.054  -36.116  95.360 0.0000000000
91212  1.359  -36.442  94.991 0.0000000000
92400  0.882  -36.015  95.725 0.0000000000
92431  -0.081  -35.144  93.470 0.0000000000
94836  -0.887  -34.068  92.594 0.0000000000
77374  4.078  -43.273  93.043 0.0000000000
77399  4.086  -44.468  92.345 0.0000000000
77386  4.019  -44.216  93.124 0.0000000000
74717  0.691  -45.074  91.298 0.0000000000
80147  -1.740  -42.916  90.786 0.0000000000
78835  -1.901  -43.280  90.846 0.0000000000
80148  -1.834  -42.949  90.277 0.0000000000
78843  -1.974  -43.579  89.690 0.0000000000
85899  -0.503  -40.463  87.978 0.0000000000
85917  -0.614  -40.617  87.310 0.0000000000
85898  0.164  -40.117  87.817 0.0000000000
87319  1.779  -38.694  85.018 0.0000000000
87333  1.314  -38.774  84.437 0.0000000000
88609  0.999  -38.801  84.066 0.0000000000
88622  0.855  -38.813  83.602 0.0000000000
88608  1.297  -38.477  83.966 0.0000000000
92536  0.720  -33.848  86.822 0.0000000000
92551  0.900  -34.872  86.307 0.0000000000
92552  0.571  -34.317  86.290 0.0000000000
91375  3.092  -36.499  81.989 0.0000000000
90038  2.867  -37.333  80.853 0.0000000000
88700  2.667  -37.626  80.693 0.0000000000
90047  2.787  -37.290  80.319 0.0000000000
90055  2.563  -37.534  79.816 0.0000000000
91407  2.635  -36.120  77.473 0.0000000000
88768  2.376  -36.745  77.219 0.0000000000
90089  2.965  -36.243  77.049 0.0000000000
105771  1.382  -27.680  85.889 0.0000000000
105773  1.109  -28.752  85.112 0.0000000000
105793  1.426  -28.385  84.444 0.0000000000
103091  -0.556  -29.875  79.206 0.0000000000
103080  -0.254  -29.797  80.199 0.0000000000
101619  -0.734  -30.452  80.018 0.0000000000
98893  -0.800  -32.060  79.059 0.0000000000
100239  -0.737  -31.278  78.667 0.0000000000
91209  5.341  -37.331  95.759 0.0000000000
91210  5.186  -36.750  95.998 0.0000000000
92395  4.849  -36.950  95.521 0.0000000000
92418  5.374  -35.785  93.992 0.0000000000
87228  9.436  -39.019  92.066 0.0000000000
88514  8.838  -38.262  93.089 0.0000000000
87223  7.181  -38.124  93.219 0.0000000000
87230  7.787  -38.039  92.733 0.0000000000
85842  7.169  -38.386  93.082 0.0000000000
85850  7.112  -38.657  92.949 0.0000000000
85843  6.368  -39.122  93.399 0.0000000000
84296  6.320  -39.259  93.600 0.0000000000
87225  5.954  -38.951  94.073 0.0000000000
89858  5.397  -37.768  94.823 0.0000000000
88504  5.761  -38.171  94.653 0.0000000000
88499  5.503  -37.940  95.423 0.0000000000
88500  5.505  -37.937  96.063 0.0000000000
101445  -2.260  -30.049  90.764 0.0000000000
102899  -1.309  -29.056  90.353 0.0000000000
104373  -0.827  -28.655  89.936 0.0000000000
105721  -0.562  -28.229  89.513 0.0000000000
81439  -1.142  -41.953  92.224 0.0000000000
81440  -1.540  -41.695  92.495 0.0000000000
81435  -0.803  -41.819  92.882 0.0000000000
82765  -0.080  -40.828  93.258 0.0000000000
85856  1.085  -39.866  93.358 0.0000000000
85851  1.210  -39.586  93.792 0.0000000000
93593  0.818  -34.822  94.736 0.0000000000
94822  0.945  -34.329  94.476 0.0000000000
94823  0.161  -33.989  94.141 0.0000000000
94826  -0.242  -33.961  93.890 0.0000000000
77363  2.464  -42.857  93.846 0.0000000000
77369  2.515  -43.214  93.420 0.0000000000
75978  2.115  -43.196  93.532 0.0000000000
77372  0.960  -43.334  93.171 0.0000000000
75983  1.193  -43.559  92.984 0.0000000000
76007  0.985  -44.315  91.968 0.0000000000
75993  1.041  -43.868  92.349 0.0000000000
77387  0.184  -44.013  92.372 0.0000000000
77378  0.269  -43.795  92.547 0.0000000000
80130  0.000  -42.527  93.090 0.0000000000
78811  -0.103  -42.753  92.709 0.0000000000
80135  -0.181  -42.618  92.504 0.0000000000
80140  -0.482  -42.525  92.026 0.0000000000
87265  2.090  -39.140  89.467 0.0000000000
85887  1.782  -39.576  88.140 0.0000000000
87269  2.151  -39.136  88.660 0.0000000000
89948  2.837  -37.217  88.435 0.0000000000
88566  2.631  -37.917  87.981 0.0000000000
89959  2.573  -37.311  86.625 0.0000000000
94963  -0.209  -33.127  84.454 0.0000000000
93731  0.228  -34.013  83.945 0.0000000000
93732  0.021  -33.507  84.016 0.0000000000
94992  1.512  -33.984  81.823 0.0000000000
94982  1.037  -34.029  82.483 0.0000000000
94991  2.045  -34.078  81.866 0.0000000000
93750  2.679  -34.753  81.790 0.0000000000
95005  2.502  -34.467  81.291 0.0000000000
95020  2.365  -34.553  80.850 0.0000000000
95035  1.391  -33.852  79.818 0.0000000000
93777  2.137  -34.678  79.684 0.0000000000
95045  1.784  -34.268  79.395 0.0000000000
95056  1.783  -34.412  78.842 0.0000000000
104535  0.299  -29.018  78.931 0.0000000000
103104  0.095  -29.619  77.989 0.0000000000
101687  -0.358  -30.426  76.976 0.0000000000
101686  0.067  -30.307  76.639 0.0000000000
81414  1.979  -40.410  95.050 0.0000000000
82744  1.859  -39.931  95.477 0.0000000000
82739  2.221  -39.739  95.585 0.0000000000
88489  3.535  -37.000  95.903 0.0000000000
87211  2.962  -37.768  95.362 0.0000000000
89848  2.848  -36.592  95.919 0.0000000000
89849  2.387  -36.947  95.522 0.0000000000
91205  2.548  -36.552  96.371 0.0000000000
92397  4.610  -35.827  96.202 0.0000000000
92398  4.202  -35.655  96.565 0.0000000000
93568  3.806  -35.798  95.990 0.0000000000
94796  3.273  -35.498  95.245 0.0000000000
94797  2.886  -35.452  94.984 0.0000000000
94806  2.268  -35.323  94.693 0.0000000000
94807  1.727  -35.256  94.871 0.0000000000
82780  12.222  -40.434  90.667 0.0000000000
82792  11.410  -40.168  90.272 0.0000000000
84343  10.539  -39.314  91.007 0.0000000000
84357  10.938  -39.264  90.803 0.0000000000
82794  10.076  -38.788  89.930 0.0000000000
85855  8.833  -38.350  91.946 0.0000000000
84308  9.331  -39.008  91.193 0.0000000000
84320  8.514  -38.532  91.021 0.0000000000
82775  7.667  -38.814  90.949 0.0000000000
82785  7.874  -38.944  90.738 0.0000000000
82796  7.907  -39.221  90.370 0.0000000000
81454  7.401  -39.420  90.842 0.0000000000
81455  6.838  -39.779  90.748 0.0000000000
80141  5.511  -40.843  91.390 0.0000000000
80134  4.845  -41.555  92.822 0.0000000000
78801  4.482  -41.990  92.908 0.0000000000
78802  4.057  -42.438  92.970 0.0000000000
78796  4.753  -42.013  93.156 0.0000000000
82752  6.129  -40.239  94.357 0.0000000000
82757  6.366  -40.495  93.872 0.0000000000
81416  5.549  -40.506  94.468 0.0000000000
81418  4.483  -40.843  94.577 0.0000000000
80108  4.698  -41.106  94.243 0.0000000000
80109  4.135  -41.385  94.301 0.0000000000
78783  3.813  -41.920  94.148 0.0000000000
78784  3.733  -41.877  94.095 0.0000000000
78792  3.330  -42.248  94.044 0.0000000000
80110  3.628  -41.431  94.416 0.0000000000
81412  3.039  -40.651  95.008 0.0000000000
80103  3.030  -40.975  94.805 0.0000000000
81413  2.482  -40.546  95.028 0.0000000000
80105  2.149  -41.023  94.774 0.0000000000
92479  -0.765  -34.929  89.863 0.0000000000
92490  0.104  -34.627  89.275 0.0000000000
92491  -0.442  -34.611  89.251 0.0000000000
94890  -0.824  -33.140  88.985 0.0000000000
94898  -0.636  -33.460  88.931 0.0000000000
94897  -0.393  -33.199  88.496 0.0000000000
93675  0.216  -33.459  88.052 0.0000000000
94911  -0.065  -32.866  87.683 0.0000000000
98745  -1.902  -31.489  89.321 0.0000000000
100068  -1.841  -30.862  88.876 0.0000000000
98777  -1.095  -31.593  87.134 0.0000000000
98765  -1.253  -31.536  87.841 0.0000000000
98764  -1.066  -31.720  87.549 0.0000000000
96203  -0.422  -32.423  87.157 0.0000000000
97499  -0.938  -32.110  85.664 0.0000000000
100132  -0.917  -30.839  84.906 0.0000000000
98801  -1.159  -31.512  85.133 0.0000000000
98814  -0.863  -31.306  83.907 0.0000000000
97547  -0.583  -31.707  83.256 0.0000000000
93604  7.655  -36.348  92.192 0.0000000000
93605  7.151  -36.076  92.083 0.0000000000
93620  7.310  -35.964  91.447 0.0000000000
82850  14.441  -39.069  87.340 0.0000000000
82871  14.070  -39.028  86.949 0.0000000000
82851  13.872  -39.629  87.369 0.0000000000
88555  14.528  -37.918  89.375 0.0000000000
88561  15.264  -37.672  89.072 0.0000000000
87263  15.126  -38.098  89.118 0.0000000000
87257  15.512  -38.158  89.010 0.0000000000
85872  15.246  -38.701  88.761 0.0000000000
84369  15.057  -39.046  88.144 0.0000000000
85867  14.655  -39.074  89.068 0.0000000000
84355  14.056  -40.400  89.990 0.0000000000
82778  13.684  -40.528  90.063 0.0000000000
87237  12.388  -39.327  90.940 0.0000000000
84327  13.096  -40.078  91.932 0.0000000000
85858  12.124  -39.544  91.635 0.0000000000
91231  10.957  -37.737  90.570 0.0000000000
89892  10.857  -37.862  90.833 0.0000000000
88527  10.841  -38.001  91.691 0.0000000000
88534  10.180  -37.885  91.571 0.0000000000
88528  9.351  -38.336  92.592 0.0000000000
89894  9.201  -37.020  91.885 0.0000000000
92448  7.928  -36.118  91.743 0.0000000000
92433  8.373  -36.391  91.953 0.0000000000
92434  8.050  -36.290  91.794 0.0000000000
92424  7.794  -36.577  92.535 0.0000000000
77501  -1.663  -44.314  87.595 0.0000000000
78852  -1.309  -43.835  88.201 0.0000000000
82822  -0.292  -42.314  89.265 0.0000000000
81466  -0.469  -42.632  89.009 0.0000000000
82843  -0.206  -41.981  88.755 0.0000000000
84378  -0.202  -41.454  88.726 0.0000000000
85885  0.026  -41.264  89.314 0.0000000000
84325  -1.608  -40.746  91.655 0.0000000000
84336  -1.304  -41.149  91.092 0.0000000000
84335  -0.918  -40.767  91.442 0.0000000000
84360  0.763  -40.930  91.255 0.0000000000
85876  1.717  -39.765  89.710 0.0000000000
85873  1.833  -40.062  90.402 0.0000000000
88547  2.019  -38.311  91.632 0.0000000000
89922  1.837  -37.556  91.223 0.0000000000
89936  1.650  -36.809  90.443 0.0000000000
89923  1.423  -36.823  90.873 0.0000000000
84291  1.132  -39.593  95.246 0.0000000000
84295  1.092  -39.686  94.731 0.0000000000
85840  1.121  -39.058  94.826 0.0000000000
88507  1.425  -37.557  94.145 0.0000000000
87226  1.454  -38.527  94.206 0.0000000000
88516  1.580  -37.829  93.769 0.0000000000
88517  1.374  -37.121  93.962 0.0000000000
92411  0.130  -35.288  94.229 0.0000000000
92412  0.231  -35.858  94.102 0.0000000000
91235  0.340  -36.018  92.957 0.0000000000
91228  0.574  -36.079  93.519 0.0000000000
89877  0.835  -36.275  92.968 0.0000000000
89876  1.212  -36.659  93.212 0.0000000000
89887  0.713  -36.326  92.658 0.0000000000
91247  0.036  -35.626  91.613 0.0000000000
89899  0.497  -36.352  91.877 0.0000000000
91258  -0.144  -36.105  91.461 0.0000000000
89925  0.458  -36.332  90.838 0.0000000000
91259  0.001  -35.561  91.176 0.0000000000
91269  -0.002  -35.248  90.690 0.0000000000
92461  0.009  -35.071  91.179 0.0000000000
94860  -1.370  -33.815  91.353 0.0000000000
96140  -1.698  -33.008  90.859 0.0000000000
96099  -1.589  -33.010  93.071 0.0000000000
82855  10.895  -39.063  88.403 0.0000000000
76034  3.006  -44.778  91.139 0.0000000000
76033  3.251  -44.101  91.084 0.0000000000
75990  2.058  -44.241  92.965 0.0000000000
76003  2.714  -44.956  92.847 0.0000000000
76004  2.028  -44.945  92.908 0.0000000000
77465  -1.639  -44.227  88.883 0.0000000000
77483  -1.638  -44.440  88.298 0.0000000000
84476  -0.682  -40.951  85.973 0.0000000000
82981  -0.914  -41.848  85.572 0.0000000000
82980  -0.990  -41.662  85.338 0.0000000000
82979  -0.881  -41.291  85.061 0.0000000000
85913  1.419  -39.462  87.007 0.0000000000
87295  0.603  -39.659  86.410 0.0000000000
87307  0.682  -39.381  85.845 0.0000000000
87349  0.639  -39.906  83.979 0.0000000000
87336  0.181  -39.770  84.602 0.0000000000
85952  -0.080  -40.506  84.106 0.0000000000
84514  -0.224  -41.161  83.523 0.0000000000
85975  0.536  -41.018  82.641 0.0000000000
87387  1.218  -40.601  82.208 0.0000000000
85993  0.632  -40.998  81.987 0.0000000000
86008  0.762  -40.664  81.598 0.0000000000
84587  0.531  -41.244  80.799 0.0000000000
84569  0.550  -41.042  80.766 0.0000000000
92502  1.435  -35.050  88.307 0.0000000000
92550  1.412  -35.327  86.286 0.0000000000
92549  1.938  -35.754  86.336 0.0000000000
92561  2.200  -36.227  85.781 0.0000000000
91342  2.378  -36.830  85.346 0.0000000000
93729  1.642  -34.706  83.800 0.0000000000
93719  1.595  -34.885  84.596 0.0000000000
92581  2.068  -35.096  84.152 0.0000000000
91367  3.282  -36.730  82.760 0.0000000000
91360  3.247  -36.339  83.660 0.0000000000
90007  3.128  -37.200  83.214 0.0000000000
89995  3.062  -37.131  84.004 0.0000000000
88635  2.380  -38.048  82.556 0.0000000000
88636  1.508  -38.295  82.484 0.0000000000
88656  1.867  -38.360  81.826 0.0000000000
88702  2.115  -38.937  80.764 0.0000000000
87396  1.436  -39.651  80.914 0.0000000000
86022  1.059  -39.810  80.266 0.0000000000
84585  0.504  -40.196  80.031 0.0000000000
84605  0.977  -40.193  79.304 0.0000000000
86053  2.218  -39.333  77.881 0.0000000000
90063  2.689  -37.027  79.021 0.0000000000
87447  2.414  -38.378  77.392 0.0000000000
87446  2.940  -38.958  77.164 0.0000000000
86068  3.573  -39.811  77.006 0.0000000000
105749  0.621  -27.656  87.063 0.0000000000
105750  0.237  -28.202  86.720 0.0000000000
104403  -0.003  -28.802  86.358 0.0000000000
102961  0.003  -29.450  86.015 0.0000000000
103002  0.687  -29.718  84.387 0.0000000000
101547  0.234  -30.038  83.832 0.0000000000
101560  0.233  -30.306  83.049 0.0000000000
101572  0.838  -30.573  82.578 0.0000000000
107116  1.264  -28.838  81.646 0.0000000000
107104  1.706  -28.297  82.375 0.0000000000
105829  1.447  -28.681  82.702 0.0000000000
104472  1.121  -29.074  82.517 0.0000000000
104487  0.835  -29.135  81.973 0.0000000000
100209  0.107  -30.823  81.152 0.0000000000
100197  0.922  -30.948  81.919 0.0000000000
98860  0.638  -31.430  81.526 0.0000000000
96303  0.228  -32.631  80.635 0.0000000000
97602  -0.203  -32.258  80.384 0.0000000000
96337  0.135  -33.347  78.550 0.0000000000
96325  0.558  -33.313  78.620 0.0000000000
95058  0.980  -33.334  78.245 0.0000000000
93799  1.406  -34.376  78.154 0.0000000000
93811  1.064  -34.649  77.512 0.0000000000
97650  -0.286  -32.617  77.071 0.0000000000
92402  5.249  -36.774  94.729 0.0000000000
92403  5.020  -36.798  94.991 0.0000000000
92409  5.790  -36.765  94.463 0.0000000000
92417  6.017  -35.970  93.943 0.0000000000
92436  5.970  -35.552  93.065 0.0000000000
91223  8.133  -37.192  93.189 0.0000000000
89868  8.022  -37.717  93.085 0.0000000000
91217  7.695  -37.477  93.144 0.0000000000
88508  7.064  -37.905  93.402 0.0000000000
88509  6.550  -38.061  93.720 0.0000000000
87218  6.135  -38.347  94.077 0.0000000000
89856  6.365  -37.902  93.712 0.0000000000
91213  6.058  -37.054  93.889 0.0000000000
81604  1.188  -41.811  77.837 0.0000000000
80131  -0.283  -42.011  93.229 0.0000000000
81430  -0.393  -41.504  93.390 0.0000000000
82758  0.716  -40.836  93.926 0.0000000000
84300  1.083  -39.788  93.862 0.0000000000
78788  1.926  -42.177  94.326 0.0000000000
77364  1.950  -42.777  93.923 0.0000000000
77365  1.618  -42.720  93.961 0.0000000000
78800  0.675  -43.255  93.149 0.0000000000
78804  0.424  -42.846  93.419 0.0000000000
88557  2.620  -37.719  89.613 0.0000000000
89943  2.641  -37.038  89.236 0.0000000000
91312  2.791  -36.603  88.172 0.0000000000
94984  -0.029  -33.434  83.329 0.0000000000
94993  0.531  -33.741  81.758 0.0000000000
95007  1.410  -33.912  81.143 0.0000000000
95021  2.009  -34.250  80.571 0.0000000000
95008  0.720  -33.673  80.901 0.0000000000
95023  0.923  -33.573  80.345 0.0000000000
82737  3.084  -39.729  95.606 0.0000000000
84282  2.945  -39.187  95.765 0.0000000000
85830  3.487  -38.621  95.593 0.0000000000
87206  3.854  -37.497  95.721 0.0000000000
89842  3.344  -37.041  96.703 0.0000000000
93578  3.734  -35.598  95.155 0.0000000000
94813  3.026  -35.210  94.221 0.0000000000
96068  2.722  -34.720  93.916 0.0000000000
84341  11.950  -40.222  91.152 0.0000000000
84342  11.170  -40.053  90.913 0.0000000000
84329  11.317  -40.001  91.412 0.0000000000
84330  10.534  -39.520  91.047 0.0000000000
84331  9.858  -39.011  90.978 0.0000000000
82762  7.215  -38.534  91.865 0.0000000000
82761  7.914  -38.258  91.302 0.0000000000
82776  7.044  -39.212  91.439 0.0000000000
80127  5.501  -41.139  92.913 0.0000000000
80120  5.473  -41.144  93.353 0.0000000000
84286  5.123  -39.285  95.003 0.0000000000
82747  5.252  -40.166  94.747 0.0000000000
82740  4.928  -40.168  94.817 0.0000000000
82741  4.477  -40.169  94.996 0.0000000000
81409  4.292  -40.485  94.872 0.0000000000
80102  3.491  -41.000  94.757 0.0000000000
81410  3.836  -40.567  94.986 0.0000000000
81405  3.254  -40.247  95.389 0.0000000000
94882  -1.073  -33.622  89.812 0.0000000000
96154  -1.204  -32.794  89.486 0.0000000000
96164  -1.099  -32.764  89.118 0.0000000000
102923  -1.667  -29.842  88.864 0.0000000000
101479  -1.263  -30.576  87.854 0.0000000000
100089  -1.279  -30.961  87.626 0.0000000000
100102  -1.101  -30.954  86.719 0.0000000000
98789  -1.162  -31.574  86.183 0.0000000000
101514  -0.691  -30.505  85.865 0.0000000000
82829  14.813  -39.146  87.593 0.0000000000
87259  14.445  -38.509  89.375 0.0000000000
85864  13.439  -39.714  90.682 0.0000000000
88532  12.537  -39.104  90.341 0.0000000000
89878  11.862  -38.569  90.679 0.0000000000
91244  9.260  -36.946  91.539 0.0000000000
80154  -1.027  -43.342  88.833 0.0000000000
80151  -1.208  -42.960  89.318 0.0000000000
82823  -0.589  -42.354  89.758 0.0000000000
84364  -0.419  -41.992  90.103 0.0000000000
84322  0.610  -40.439  92.695 0.0000000000
84333  0.306  -40.617  92.122 0.0000000000
84332  0.862  -40.402  92.291 0.0000000000
85870  1.300  -40.225  91.961 0.0000000000
87256  1.769  -39.760  91.641 0.0000000000
87261  1.841  -39.768  90.964 0.0000000000
87248  2.038  -38.971  91.988 0.0000000000
89909  1.836  -37.686  92.007 0.0000000000
88501  2.122  -37.910  94.903 0.0000000000
87217  1.805  -38.107  94.699 0.0000000000
88502  1.957  -37.717  94.773 0.0000000000
89860  1.392  -37.030  94.467 0.0000000000
91220  1.038  -36.649  94.411 0.0000000000
92430  -0.168  -34.812  93.803 0.0000000000
92421  0.172  -35.501  93.846 0.0000000000
92438  0.156  -35.582  92.990 0.0000000000
91234  0.161  -36.011  92.788 0.0000000000
92450  0.105  -35.136  91.824 0.0000000000
92460  -0.331  -34.701  91.367 0.0000000000
93630  -0.351  -34.570  91.934 0.0000000000
94848  -0.987  -34.107  91.980 0.0000000000
94849  -1.412  -33.643  92.158 0.0000000000
82836  9.739  -38.930  89.110 0.0000000000
82856  10.002  -38.889  88.455 0.0000000000
77384  4.282  -43.222  92.540 0.0000000000
77398  4.499  -43.815  91.942 0.0000000000
76018  3.356  -44.979  91.923 0.0000000000
78828  -1.205  -43.373  91.662 0.0000000000
77418  -1.170  -44.292  91.048 0.0000000000
77450  -2.067  -44.237  89.703 0.0000000000
78848  -1.694  -43.699  89.218 0.0000000000
82882  -1.159  -41.434  87.442 0.0000000000
81486  -1.478  -41.952  86.887 0.0000000000
84415  -0.848  -40.898  87.069 0.0000000000
85926  -0.261  -40.830  86.746 0.0000000000
85935  -0.022  -40.826  86.024 0.0000000000
87306  1.162  -39.057  85.820 0.0000000000
87320  1.294  -38.939  85.112 0.0000000000
87334  0.958  -39.003  84.565 0.0000000000
87361  0.882  -40.392  83.188 0.0000000000
88623  0.972  -39.775  83.451 0.0000000000
88638  1.071  -39.770  82.906 0.0000000000
88658  1.299  -39.729  82.353 0.0000000000
92518  0.618  -34.047  87.672 0.0000000000
92517  1.083  -34.710  87.643 0.0000000000
92586  2.766  -35.380  83.198 0.0000000000
91374  3.164  -36.970  82.326 0.0000000000
90027  3.036  -37.277  82.041 0.0000000000
88655  2.696  -37.889  81.824 0.0000000000
88678  2.687  -37.797  81.069 0.0000000000
88701  2.536  -38.145  80.554 0.0000000000
86038  1.567  -39.387  79.596 0.0000000000
87424  1.988  -38.735  79.544 0.0000000000
87437  2.006  -38.365  78.813 0.0000000000
91402  2.692  -36.216  78.069 0.0000000000
90076  2.621  -36.815  78.270 0.0000000000
90088  2.543  -36.513  77.630 0.0000000000
88782  2.287  -37.490  77.112 0.0000000000
87456  3.296  -38.729  76.767 0.0000000000
105759  0.827  -27.889  86.233 0.0000000000
104412  0.527  -29.069  85.619 0.0000000000
105774  1.174  -29.019  84.723 0.0000000000
103015  1.007  -29.457  83.755 0.0000000000
105866  0.752  -29.009  80.738 0.0000000000
104510  0.366  -29.296  81.150 0.0000000000
103055  0.082  -29.776  81.627 0.0000000000
103068  -0.005  -29.826  81.010 0.0000000000
101607  -0.211  -30.444  80.860 0.0000000000
98881  -0.596  -31.808  80.053 0.0000000000
97626  -0.269  -32.921  78.457 0.0000000000
97638  -0.102  -32.981  78.052 0.0000000000
88492  5.254  -38.079  97.023 0.0000000000
89846  4.808  -37.469  97.598 0.0000000000
89845  5.642  -37.448  97.027 0.0000000000
92386  5.141  -36.266  96.442 0.0000000000
93567  4.576  -35.985  95.610 0.0000000000
93575  5.071  -36.555  94.934 0.0000000000
87227  10.040  -38.752  92.133 0.0000000000
84307  9.836  -39.008  91.108 0.0000000000
87234  9.873  -38.925  91.824 0.0000000000
85847  8.837  -39.090  91.851 0.0000000000
85848  8.113  -38.077  91.853 0.0000000000
84301  7.777  -38.179  92.039 0.0000000000
84302  7.320  -38.516  92.400 0.0000000000
84311  6.935  -39.309  92.701 0.0000000000
82755  6.870  -39.618  92.925 0.0000000000
82756  6.720  -40.001  93.441 0.0000000000
84304  6.555  -39.715  93.684 0.0000000000
84297  6.257  -39.539  94.135 0.0000000000
84292  5.926  -39.326  94.509 0.0000000000
87219  5.908  -38.630  94.486 0.0000000000
85839  5.668  -39.154  94.672 0.0000000000
85834  4.907  -39.080  94.771 0.0000000000
87208  5.315  -38.118  96.319 0.0000000000
100055  -1.979  -31.233  90.781 0.0000000000
98729  -2.013  -31.261  90.527 0.0000000000
100056  -2.127  -30.873  90.660 0.0000000000
101451  -2.127  -30.531  90.273 0.0000000000
101450  -2.017  -30.061  89.951 0.0000000000
102887  -1.930  -29.396  90.776 0.0000000000
102900  -1.804  -29.446  90.033 0.0000000000
102913  -1.741  -29.642  89.348 0.0000000000
102922  -1.207  -29.418  88.688 0.0000000000
104389  -0.583  -28.875  88.425 0.0000000000
81452  -1.288  -42.529  91.184 0.0000000000
81453  -1.237  -42.086  91.264 0.0000000000
81447  -1.668  -41.815  91.697 0.0000000000
82772  -1.826  -41.035  92.251 0.0000000000
84324  -1.063  -40.681  92.218 0.0000000000
81431  -0.595  -41.263  93.242 0.0000000000
84314  -0.705  -40.630  92.820 0.0000000000
87242  1.256  -39.494  93.121 0.0000000000
87235  1.440  -38.819  93.134 0.0000000000
94808  1.280  -35.382  95.003 0.0000000000
94810  0.523  -35.676  95.427 0.0000000000
94817  0.846  -35.344  94.915 0.0000000000
93586  0.676  -35.118  94.760 0.0000000000
96076  0.626  -33.808  94.235 0.0000000000
94827  -0.792  -33.831  93.325 0.0000000000
77367  3.330  -43.134  93.136 0.0000000000
77376  3.047  -43.747  93.288 0.0000000000
77368  2.911  -43.160  93.258 0.0000000000
75980  2.550  -43.722  93.134 0.0000000000
75979  1.883  -43.146  93.597 0.0000000000
75982  1.673  -43.480  93.237 0.0000000000
75991  1.706  -44.033  92.657 0.0000000000
76006  1.148  -44.400  92.340 0.0000000000
74706  0.497  -44.358  91.526 0.0000000000
74707  0.050  -44.296  91.600 0.0000000000
76009  -0.375  -44.216  92.059 0.0000000000
78814  -1.082  -44.087  92.387 0.0000000000
78806  -0.085  -43.994  92.555 0.0000000000
78812  -0.264  -43.420  92.456 0.0000000000
78829  -1.166  -43.768  91.975 0.0000000000
78827  -0.796  -42.907  91.940 0.0000000000
81451  -1.113  -42.644  91.457 0.0000000000
85897  0.771  -39.933  87.673 0.0000000000
85888  1.256  -39.882  88.316 0.0000000000
85896  1.344  -39.754  87.581 0.0000000000
85912  1.714  -39.262  87.082 0.0000000000
87268  2.411  -38.539  88.357 0.0000000000
87270  2.315  -38.582  87.587 0.0000000000
87293  1.635  -38.996  86.593 0.0000000000
87292  2.134  -38.528  86.329 0.0000000000
87304  2.180  -38.455  85.567 0.0000000000
88591  2.376  -37.941  85.336 0.0000000000
93713  0.328  -33.534  85.683 0.0000000000
92565  0.477  -34.168  85.771 0.0000000000
93721  0.181  -34.433  84.579 0.0000000000
93730  0.804  -34.457  83.804 0.0000000000
93740  1.419  -34.263  83.107 0.0000000000
93739  2.327  -34.635  82.840 0.0000000000
92598  2.934  -35.683  81.325 0.0000000000
92607  3.064  -35.791  80.139 0.0000000000
91385  3.068  -36.444  79.971 0.0000000000
92614  3.129  -35.758  79.608 0.0000000000
92620  2.821  -35.753  79.048 0.0000000000
93768  2.111  -34.530  80.110 0.0000000000
93776  2.552  -35.224  79.378 0.0000000000
93797  2.446  -35.426  78.370 0.0000000000
92628  2.437  -35.597  78.096 0.0000000000
92636  2.348  -35.793  77.524 0.0000000000
103090  -0.071  -29.350  78.715 0.0000000000
101644  -0.572  -30.508  78.374 0.0000000000
100250  -0.717  -31.238  77.737 0.0000000000
101665  -0.503  -30.541  77.484 0.0000000000
100284  0.191  -31.389  75.657 0.0000000000
81580  0.124  -42.090  79.364 0.0000000000
80107  1.453  -41.123  94.629 0.0000000000
81420  1.155  -41.273  94.574 0.0000000000
81415  1.705  -40.827  94.908 0.0000000000
84290  1.565  -39.675  95.515 0.0000000000
85833  1.833  -38.756  95.395 0.0000000000
84283  2.509  -39.171  95.597 0.0000000000
85832  2.352  -38.685  95.392 0.0000000000
87213  2.046  -38.070  94.923 0.0000000000
88496  2.366  -37.528  95.090 0.0000000000
91207  2.063  -36.582  95.491 0.0000000000
93565  1.857  -35.769  95.897 0.0000000000
89847  4.181  -37.156  97.724 0.0000000000
92383  3.339  -36.400  97.486 0.0000000000
92389  2.866  -35.904  97.045 0.0000000000
93569  3.049  -35.676  95.800 0.0000000000
93562  2.676  -35.831  96.313 0.0000000000
93563  2.272  -35.847  95.874 0.0000000000
93571  2.121  -35.812  95.562 0.0000000000
94799  1.990  -35.458  95.155 0.0000000000
96069  2.165  -34.534  93.980 0.0000000000
82833  11.904  -40.195  88.490 0.0000000000
82793  11.060  -39.129  90.372 0.0000000000
82813  10.464  -38.818  89.701 0.0000000000
82837  8.713  -39.130  89.176 0.0000000000
82767  8.931  -38.952  91.003 0.0000000000
82768  8.201  -38.665  91.133 0.0000000000
82773  9.205  -38.900  90.817 0.0000000000
82784  8.777  -38.804  90.523 0.0000000000
82815  8.342  -39.158  89.747 0.0000000000
82838  7.775  -39.587  89.325 0.0000000000
81456  5.952  -40.400  90.865 0.0000000000
78816  3.990  -42.171  92.080 0.0000000000
77373  4.245  -43.093  92.843 0.0000000000
78803  4.011  -42.631  93.195 0.0000000000
81426  6.508  -40.671  93.351 0.0000000000
81427  5.969  -40.928  93.645 0.0000000000
80116  5.408  -41.092  93.768 0.0000000000
81423  5.241  -40.918  94.167 0.0000000000
80121  5.196  -41.421  93.317 0.0000000000
80122  4.612  -41.729  93.727 0.0000000000
78798  3.927  -42.450  93.382 0.0000000000
77360  3.609  -42.749  93.417 0.0000000000
77361  3.264  -42.774  93.674 0.0000000000
78793  3.034  -42.297  94.102 0.0000000000
78786  2.840  -42.018  94.277 0.0000000000
80111  3.159  -41.437  94.492 0.0000000000
80112  2.718  -41.509  94.585 0.0000000000
78787  2.411  -42.044  94.404 0.0000000000
80114  1.829  -41.624  94.667 0.0000000000
92477  0.412  -35.056  89.709 0.0000000000
92489  0.705  -34.665  89.207 0.0000000000
92504  0.251  -34.115  88.687 0.0000000000
93663  -0.434  -33.906  88.953 0.0000000000
92519  0.628  -33.669  87.267 0.0000000000
93687  0.622  -33.269  87.013 0.0000000000
98737  -2.002  -31.528  90.116 0.0000000000
97449  -1.572  -31.993  89.015 0.0000000000
97448  -1.184  -32.331  88.813 0.0000000000
97471  -1.076  -31.903  88.057 0.0000000000
96189  -0.551  -32.524  88.001 0.0000000000
94921  0.092  -32.875  86.756 0.0000000000
94937  0.286  -33.129  86.123 0.0000000000
94936  -0.187  -32.936  85.815 0.0000000000
94952  -0.250  -32.903  85.015 0.0000000000
97512  -0.863  -32.030  84.614 0.0000000000
96243  -0.516  -32.414  83.993 0.0000000000
96255  -0.520  -32.031  82.905 0.0000000000
97560  -0.103  -31.457  82.317 0.0000000000
92426  7.102  -36.502  93.255 0.0000000000
93597  6.882  -36.213  93.148 0.0000000000
94831  6.714  -35.899  91.868 0.0000000000
82832  12.817  -40.403  88.208 0.0000000000
87262  15.934  -38.131  89.029 0.0000000000
82806  15.094  -39.060  87.843 0.0000000000
82807  14.724  -39.584  88.054 0.0000000000
84337  14.420  -39.310  89.257 0.0000000000
82808  14.449  -40.442  88.306 0.0000000000
82809  13.504  -40.845  88.710 0.0000000000
82810  12.570  -40.596  89.078 0.0000000000
84326  13.721  -39.781  91.299 0.0000000000
84340  12.771  -40.412  91.170 0.0000000000
84328  12.194  -40.181  91.716 0.0000000000
84316  12.290  -39.719  92.113 0.0000000000
85859  11.673  -39.475  91.525 0.0000000000
85852  11.099  -39.085  91.275 0.0000000000
89891  11.999  -38.037  90.207 0.0000000000
89879  11.718  -38.332  90.591 0.0000000000
91230  11.390  -37.976  90.376 0.0000000000
88526  11.249  -38.669  91.177 0.0000000000
88518  11.140  -38.497  91.221 0.0000000000
87233  10.341  -38.755  91.482 0.0000000000
88512  10.067  -38.555  92.290 0.0000000000
89866  9.502  -38.547  92.999 0.0000000000
91232  8.902  -36.885  92.152 0.0000000000
91226  8.765  -36.965  92.481 0.0000000000
91222  8.853  -37.584  92.805 0.0000000000
91227  8.128  -36.883  92.676 0.0000000000
92425  7.357  -36.545  92.969 0.0000000000
80158  -1.141  -43.203  88.150 0.0000000000
81477  -0.993  -42.478  88.200 0.0000000000
81480  -1.256  -42.222  87.768 0.0000000000
84382  -0.755  -41.076  88.262 0.0000000000
85891  -0.305  -40.878  88.814 0.0000000000
85890  0.118  -40.420  88.661 0.0000000000
82786  -1.326  -41.822  91.046 0.0000000000
84349  -0.761  -41.689  90.733 0.0000000000
84363  -0.263  -41.569  90.360 0.0000000000
84346  0.257  -40.852  91.537 0.0000000000
84362  -0.129  -41.149  90.587 0.0000000000
84373  -0.021  -41.325  90.014 0.0000000000
85879  0.204  -41.128  89.802 0.0000000000
85883  0.705  -40.459  89.293 0.0000000000
85882  1.179  -39.987  89.135 0.0000000000
88558  2.220  -38.364  89.946 0.0000000000
89935  2.049  -37.200  90.213 0.0000000000
91278  1.374  -36.528  90.171 0.0000000000
82750  1.130  -40.605  94.388 0.0000000000
84299  1.144  -39.767  94.428 0.0000000000
87222  1.547  -38.428  94.605 0.0000000000
85846  1.152  -39.235  94.314 0.0000000000
88522  1.477  -38.293  93.046 0.0000000000
92405  0.702  -36.025  94.786 0.0000000000
92406  0.711  -36.214  94.385 0.0000000000
91221  0.904  -36.431  94.160 0.0000000000
92422  0.478  -35.903  93.811 0.0000000000
91225  0.799  -36.245  93.844 0.0000000000
89870  1.331  -36.932  93.705 0.0000000000
89875  1.537  -37.468  93.068 0.0000000000
89885  1.448  -37.788  92.808 0.0000000000
89897  1.538  -37.307  92.358 0.0000000000
89911  0.980  -36.589  91.482 0.0000000000
89924  0.827  -36.481  90.948 0.0000000000
91267  0.714  -36.289  90.550 0.0000000000
91280  0.116  -35.345  90.180 0.0000000000
91281  -0.276  -35.097  90.235 0.0000000000
92468  -0.648  -34.554  90.952 0.0000000000
93640  -0.992  -34.272  90.866 0.0000000000
98719  -2.015  -31.624  91.262 0.0000000000
96114  -1.805  -33.050  92.457 0.0000000000
97410  -2.156  -32.469  92.068 0.0000000000
97420  -2.330  -32.049  91.808 0.0000000000
98720  -2.284  -31.482  91.708 0.0000000000
100047  -1.987  -31.224  91.126 0.0000000000
100048  -2.339  -30.740  91.311 0.0000000000
93606  6.610  -35.856  92.566 0.0000000000
82854  11.666  -39.353  88.286 0.0000000000
84390  11.142  -38.823  87.488 0.0000000000
84391  10.791  -38.726  87.484 0.0000000000
82899  9.768  -38.646  87.466 0.0000000000
75988  3.270  -44.405  93.266 0.0000000000
76019  2.706  -45.087  92.187 0.0000000000
74730  2.182  -44.714  91.139 0.0000000000
80196  -1.440  -42.445  85.816 0.0000000000
85915  0.368  -39.942  86.881 0.0000000000
85924  0.329  -39.968  86.374 0.0000000000
85934  0.105  -40.296  85.660 0.0000000000
87322  0.422  -39.517  85.253 0.0000000000
87323  0.199  -39.935  85.354 0.0000000000
84496  -0.122  -40.133  83.942 0.0000000000
83002  -0.629  -41.483  83.940 0.0000000000
81533  -0.296  -42.089  82.948 0.0000000000
85992  0.459  -41.079  82.098 0.0000000000
83118  0.175  -41.312  79.645 0.0000000000
92487  1.667  -35.629  88.876 0.0000000000
92514  2.447  -36.033  87.389 0.0000000000
92516  1.551  -35.201  87.586 0.0000000000
92532  2.153  -35.842  86.950 0.0000000000
91322  2.602  -36.550  87.018 0.0000000000
91331  2.474  -36.740  86.178 0.0000000000
89969  2.493  -37.381  85.766 0.0000000000
88598  2.250  -37.926  84.675 0.0000000000
93710  1.070  -34.836  85.134 0.0000000000
93709  1.586  -35.087  85.157 0.0000000000
92580  2.688  -35.591  84.020 0.0000000000
92579  2.953  -36.109  84.318 0.0000000000
92573  2.440  -36.183  84.751 0.0000000000
91352  2.648  -36.936  84.628 0.0000000000
89996  2.535  -37.565  84.295 0.0000000000
88607  1.957  -38.068  83.962 0.0000000000
88621  1.286  -38.316  83.263 0.0000000000
88681  1.483  -39.748  81.859 0.0000000000
87384  1.484  -39.543  81.253 0.0000000000
87397  1.275  -40.296  81.415 0.0000000000
86007  0.900  -40.286  80.862 0.0000000000
84606  0.345  -40.604  79.694 0.0000000000
83139  0.323  -41.339  78.946 0.0000000000
83138  0.743  -40.965  78.566 0.0000000000
83158  1.120  -41.198  78.101 0.0000000000
83157  1.669  -41.150  77.938 0.0000000000
90054  2.859  -36.926  79.672 0.0000000000
88735  2.475  -37.474  78.909 0.0000000000
87436  2.051  -38.530  78.154 0.0000000000
84650  2.771  -40.002  77.516 0.0000000000
104381  -0.365  -28.284  88.864 0.0000000000
104397  -0.451  -28.836  87.901 0.0000000000
102932  -0.434  -29.111  87.336 0.0000000000
102946  -0.346  -29.299  86.916 0.0000000000
101531  -0.317  -30.481  84.836 0.0000000000
102981  0.411  -29.640  85.211 0.0000000000
101530  0.174  -30.083  84.625 0.0000000000
100162  -0.261  -30.648  83.275 0.0000000000
98837  0.780  -31.213  82.399 0.0000000000
104470  1.078  -29.311  82.987 0.0000000000
103027  0.553  -29.921  83.020 0.0000000000
103054  0.201  -29.875  81.826 0.0000000000
101583  0.385  -30.015  81.923 0.0000000000
101571  0.674  -30.302  82.559 0.0000000000
100185  1.226  -30.890  82.360 0.0000000000
98848  1.081  -31.347  81.979 0.0000000000
96293  0.314  -32.309  81.340 0.0000000000
95024  0.595  -33.171  80.478 0.0000000000
95036  0.985  -33.498  79.690 0.0000000000
96314  0.180  -32.743  79.706 0.0000000000
95047  1.026  -33.340  79.123 0.0000000000
95057  1.646  -34.206  78.526 0.0000000000
93810  1.656  -35.075  77.670 0.0000000000
92637  1.985  -35.589  77.195 0.0000000000
96348  -0.158  -32.936  77.437 0.0000000000
93820  0.371  -34.281  77.291 0.0000000000
92646  1.415  -35.284  76.699 0.0000000000
91413  3.186  -35.489  76.388 0.0000000000
74708  -0.108  -44.332  91.904 0.0000000000
75984  1.236  -43.569  92.829 0.0000000000
75994  0.573  -44.028  92.115 0.0000000000
76010  -0.892  -44.223  92.079 0.0000000000
76021  -1.009  -44.072  90.942 0.0000000000
76022  -1.113  -44.263  91.037 0.0000000000
76023  -1.153  -44.011  91.159 0.0000000000
76025  -0.799  -44.341  92.002 0.0000000000
76036  -1.311  -44.527  90.811 0.0000000000
76037  -0.858  -44.493  91.046 0.0000000000
76045  2.940  -43.870  91.088 0.0000000000
77357  2.759  -42.500  94.048 0.0000000000
77359  2.184  -42.353  94.189 0.0000000000
77366  3.738  -42.984  93.089 0.0000000000
77370  1.702  -43.120  93.625 0.0000000000
77379  0.002  -44.129  92.926 0.0000000000
77388  -0.150  -44.005  92.470 0.0000000000
77389  -0.718  -44.154  92.342 0.0000000000
77400  -1.329  -44.290  90.881 0.0000000000
77401  -1.124  -44.003  90.786 0.0000000000
77402  -1.017  -44.108  90.996 0.0000000000
77403  -1.125  -44.285  92.160 0.0000000000
77404  -1.064  -44.145  92.180 0.0000000000
77417  -1.236  -44.197  90.872 0.0000000000
77420  -1.224  -44.036  92.032 0.0000000000
77434  -1.576  -44.309  90.854 0.0000000000
78790  4.215  -42.031  93.748 0.0000000000
78794  1.725  -42.531  94.090 0.0000000000
78813  -0.621  -43.927  92.673 0.0000000000
78818  0.015  -42.781  92.442 0.0000000000
78820  -0.844  -43.526  92.232 0.0000000000
78821  -1.099  -43.885  92.323 0.0000000000
80104  2.607  -41.030  94.791 0.0000000000
80117  4.905  -41.323  93.905 0.0000000000
80124  0.026  -42.063  93.636 0.0000000000
80125  -0.116  -41.790  93.578 0.0000000000
80129  0.228  -42.769  93.323 0.0000000000
80139  -0.301  -42.759  92.283 0.0000000000
80143  -0.969  -42.780  91.692 0.0000000000
80155  -1.414  -43.342  89.152 0.0000000000
80163  -1.568  -42.086  87.307 0.0000000000
80169  -1.724  -42.208  87.111 0.0000000000
80184  -1.707  -43.070  85.983 0.0000000000
80185  -1.674  -42.416  86.163 0.0000000000
81407  2.346  -40.148  95.409 0.0000000000
81408  2.064  -40.062  95.437 0.0000000000
81417  4.999  -40.639  94.484 0.0000000000
81421  1.032  -40.801  94.274 0.0000000000
81436  -0.921  -41.372  93.072 0.0000000000
81441  -2.163  -41.566  92.078 0.0000000000
81446  -1.268  -42.034  91.754 0.0000000000
81448  7.423  -39.150  90.968 0.0000000000
81472  -0.598  -42.494  88.571 0.0000000000
81473  -0.744  -42.889  88.647 0.0000000000
81476  -0.789  -42.282  88.389 0.0000000000
81481  -1.375  -41.965  87.474 0.0000000000
81482  -1.479  -41.857  87.212 0.0000000000
81492  -1.001  -41.013  84.987 0.0000000000
81493  -1.378  -42.030  86.478 0.0000000000
81502  -0.768  -40.805  84.921 0.0000000000
81503  -0.231  -40.784  84.805 0.0000000000
81504  -1.298  -42.071  86.017 0.0000000000
81514  -1.111  -42.274  85.248 0.0000000000
81515  -1.245  -42.166  85.652 0.0000000000
81590  0.780  -41.454  78.122 0.0000000000
82736  3.583  -39.788  95.540 0.0000000000
82738  2.629  -39.699  95.606 0.0000000000
82743  3.711  -40.211  95.300 0.0000000000
82745  1.524  -40.134  95.178 0.0000000000
82746  5.742  -40.115  94.689 0.0000000000
82753  1.199  -39.997  94.497 0.0000000000
82760  -0.365  -41.203  93.298 0.0000000000
82766  -0.537  -40.964  93.164 0.0000000000
82782  10.828  -38.987  90.583 0.0000000000
82783  9.698  -38.892  90.525 0.0000000000
82821  -0.267  -42.367  88.760 0.0000000000
82860  -0.954  -42.023  88.178 0.0000000000
82861  -0.872  -41.771  88.213 0.0000000000
82862  -1.005  -41.323  87.961 0.0000000000
82875  11.172  -38.993  87.805 0.0000000000
82876  10.280  -38.749  87.769 0.0000000000
82881  -1.196  -41.835  87.742 0.0000000000
82883  -1.321  -41.702  87.073 0.0000000000
82896  11.636  -38.756  87.389 0.0000000000
82898  10.072  -38.622  87.465 0.0000000000
82905  -1.024  -41.000  85.133 0.0000000000
82906  -0.998  -41.176  86.943 0.0000000000
82907  -1.154  -41.626  86.808 0.0000000000
82930  -0.712  -40.997  85.073 0.0000000000
82932  -1.063  -41.756  86.304 0.0000000000
82955  -0.933  -40.952  84.968 0.0000000000
82956  -0.926  -41.431  86.081 0.0000000000
82957  -1.042  -41.908  85.825 0.0000000000
82978  -0.540  -40.797  84.226 0.0000000000
83004  -0.739  -42.272  84.821 0.0000000000
83137  1.360  -40.694  78.289 0.0000000000
84280  4.016  -39.310  95.564 0.0000000000
84285  1.494  -39.218  95.597 0.0000000000
84287  4.964  -39.509  95.002 0.0000000000
84288  4.497  -39.395  95.322 0.0000000000
84289  4.171  -39.677  95.382 0.0000000000
84294  5.140  -39.993  94.971 0.0000000000
84298  6.025  -39.882  94.581 0.0000000000
84306  0.292  -40.711  93.282 0.0000000000
84313  -0.016  -40.670  92.991 0.0000000000
84334  -0.352  -40.697  91.842 0.0000000000
84347  -0.260  -41.004  91.229 0.0000000000
84353  14.781  -39.229  88.739 0.0000000000
84361  0.344  -41.039  90.862 0.0000000000
84372  0.202  -41.061  90.284 0.0000000000
84375  -0.275  -42.143  89.680 0.0000000000
84383  -0.978  -41.074  87.813 0.0000000000
84392  9.029  -38.844  87.447 0.0000000000
84395  -0.929  -40.867  87.505 0.0000000000
84436  -1.167  -40.813  85.099 0.0000000000
84437  -0.868  -40.998  85.103 0.0000000000
84438  -0.686  -40.988  86.720 0.0000000000
84457  -0.972  -40.762  84.961 0.0000000000
84458  -1.003  -40.853  85.263 0.0000000000
84459  -0.484  -41.168  86.341 0.0000000000
84474  -0.759  -40.714  84.479 0.0000000000
84475  -1.341  -40.649  85.073 0.0000000000
84494  -0.112  -40.984  83.798 0.0000000000
84495  -0.177  -40.759  83.860 0.0000000000
84534  -0.137  -41.133  82.668 0.0000000000
84554  0.285  -41.155  82.215 0.0000000000
84648  3.720  -40.169  76.889 0.0000000000
85823  4.078  -37.980  95.682 0.0000000000
85824  3.493  -38.034  95.544 0.0000000000
85825  3.081  -37.850  95.448 0.0000000000
85827  4.912  -38.641  96.032 0.0000000000
85829  4.069  -38.980  95.708 0.0000000000
85838  6.055  -39.008  94.294 0.0000000000
85841  1.280  -38.810  94.523 0.0000000000
85857  12.660  -39.560  91.512 0.0000000000
85861  1.159  -39.884  92.760 0.0000000000
85862  1.010  -40.045  92.998 0.0000000000
85875  0.827  -40.933  90.839 0.0000000000
85880  0.092  -41.403  89.663 0.0000000000
85895  1.766  -39.430  87.486 0.0000000000
85900  -0.756  -40.643  87.649 0.0000000000
85925  0.255  -40.325  86.315 0.0000000000
85941  -0.219  -39.976  84.993 0.0000000000
85962  0.266  -41.023  83.168 0.0000000000
85976  0.331  -40.987  82.996 0.0000000000
85977  1.177  -41.104  82.923 0.0000000000
85994  0.821  -40.700  82.198 0.0000000000
86009  0.984  -40.641  81.945 0.0000000000
86023  0.641  -40.226  80.437 0.0000000000
86069  3.311  -39.430  77.145 0.0000000000
87205  4.155  -37.580  96.167 0.0000000000
87207  3.382  -37.591  95.473 0.0000000000
87209  5.070  -38.023  96.275 0.0000000000
87215  5.174  -38.412  95.625 0.0000000000
87216  1.773  -38.365  94.977 0.0000000000
87220  5.513  -39.194  94.496 0.0000000000
87221  1.408  -38.665  94.957 0.0000000000
87232  10.952  -38.842  91.266 0.0000000000
87240  9.929  -37.841  92.051 0.0000000000
87245  12.909  -39.518  90.895 0.0000000000
87246  10.087  -38.024  91.896 0.0000000000
87247  9.952  -37.833  91.862 0.0000000000
87253  9.895  -37.862  91.859 0.0000000000
87254  9.792  -37.998  91.874 0.0000000000
87278  2.167  -38.692  86.948 0.0000000000
87279  1.987  -39.054  87.261 0.0000000000
87296  0.440  -39.822  86.402 0.0000000000
87309  0.257  -40.104  85.795 0.0000000000
87318  2.119  -38.318  84.913 0.0000000000
87321  0.796  -39.102  85.198 0.0000000000
87332  1.760  -38.434  84.460 0.0000000000
87348  1.006  -39.031  84.209 0.0000000000
87350  0.233  -40.032  83.955 0.0000000000
87372  0.926  -40.504  82.833 0.0000000000
87373  0.908  -40.520  82.668 0.0000000000
87385  1.538  -39.789  81.456 0.0000000000
87386  1.610  -40.351  81.848 0.0000000000
87399  1.073  -40.275  82.119 0.0000000000
87409  2.151  -38.773  79.851 0.0000000000
87425  1.853  -39.083  79.749 0.0000000000
88486  4.218  -37.964  97.195 0.0000000000
88488  3.766  -37.332  96.439 0.0000000000
88490  3.124  -36.863  95.770 0.0000000000
88491  5.758  -38.142  96.801 0.0000000000
88493  4.678  -38.048  96.956 0.0000000000
88494  2.923  -37.115  95.542 0.0000000000
88495  2.798  -37.249  95.441 0.0000000000
88497  2.080  -37.433  94.948 0.0000000000
88498  6.102  -37.934  94.890 0.0000000000
88503  6.109  -38.048  94.175 0.0000000000
88505  5.543  -38.365  94.869 0.0000000000
88510  1.645  -37.895  94.087 0.0000000000
88520  9.676  -38.833  92.577 0.0000000000
88521  9.061  -38.354  92.771 0.0000000000
88524  12.297  -39.148  90.712 0.0000000000
88525  12.060  -38.894  90.804 0.0000000000
88533  12.214  -38.779  90.518 0.0000000000
88535  9.825  -37.677  91.732 0.0000000000
88536  9.408  -37.700  92.119 0.0000000000
88545  10.078  -37.896  91.713 0.0000000000
88546  10.112  -37.741  91.859 0.0000000000
88624  1.035  -40.044  83.375 0.0000000000
88639  1.081  -40.325  82.925 0.0000000000
88640  1.061  -40.144  82.968 0.0000000000
88654  2.943  -37.588  82.197 0.0000000000
88659  1.348  -40.248  82.567 0.0000000000
88660  1.156  -40.441  82.581 0.0000000000
88680  1.496  -39.118  81.316 0.0000000000
88682  1.514  -40.329  82.156 0.0000000000
88683  1.392  -40.428  82.375 0.0000000000
88719  2.320  -38.693  80.334 0.0000000000
88753  2.240  -37.931  78.838 0.0000000000
88769  2.704  -36.448  77.080 0.0000000000
89839  4.476  -38.038  97.613 0.0000000000
89840  3.964  -37.688  97.709 0.0000000000
89841  3.597  -37.335  97.147 0.0000000000
89843  3.118  -36.781  96.345 0.0000000000
89850  1.965  -36.851  95.161 0.0000000000
89851  5.636  -37.863  95.033 0.0000000000
89852  5.341  -38.023  95.250 0.0000000000
89853  5.840  -37.727  95.916 0.0000000000
89855  1.485  -36.837  94.798 0.0000000000
89859  1.734  -37.253  94.708 0.0000000000
89861  7.321  -37.907  93.295 0.0000000000
89863  6.366  -37.465  93.937 0.0000000000
89864  1.250  -36.935  94.020 0.0000000000
89865  1.091  -36.584  93.873 0.0000000000
89869  1.478  -37.118  93.479 0.0000000000
89872  8.910  -38.351  92.970 0.0000000000
89874  1.501  -38.004  93.114 0.0000000000
89881  10.656  -37.659  90.865 0.0000000000
89882  9.091  -37.217  92.252 0.0000000000
89883  9.102  -37.109  92.106 0.0000000000
89884  1.404  -37.988  92.668 0.0000000000
89895  9.139  -37.187  91.712 0.0000000000
89934  2.450  -37.219  89.720 0.0000000000
89947  2.866  -36.808  88.217 0.0000000000
89951  2.839  -36.743  87.956 0.0000000000
90008  2.620  -37.745  83.433 0.0000000000
90017  3.059  -37.325  82.540 0.0000000000
90018  2.855  -37.658  82.835 0.0000000000
90048  2.560  -37.825  80.166 0.0000000000
90064  2.651  -37.284  79.444 0.0000000000
90090  3.132  -36.358  76.920 0.0000000000
91196  3.690  -37.026  97.638 0.0000000000
91197  3.181  -36.969  97.287 0.0000000000
91198  2.910  -37.077  97.044 0.0000000000
91199  2.833  -37.011  96.631 0.0000000000
91200  5.980  -37.310  96.394 0.0000000000
91201  5.538  -36.880  96.500 0.0000000000
91203  4.248  -36.505  97.621 0.0000000000
91204  2.439  -36.877  96.755 0.0000000000
91206  2.450  -36.481  95.814 0.0000000000
91208  5.034  -37.681  95.051 0.0000000000
91211  1.730  -36.533  95.205 0.0000000000
91214  5.516  -37.399  94.671 0.0000000000
91216  0.848  -36.353  94.532 0.0000000000
91233  9.101  -36.856  92.023 0.0000000000
91245  9.110  -37.013  91.996 0.0000000000
91291  2.476  -36.647  89.123 0.0000000000
91294  0.926  -35.212  89.587 0.0000000000
91303  2.779  -36.632  88.405 0.0000000000
91304  2.642  -36.525  88.595 0.0000000000
91313  2.705  -36.470  87.831 0.0000000000
91361  3.040  -35.771  83.452 0.0000000000
91384  3.256  -36.001  79.467 0.0000000000
91390  3.428  -35.988  79.400 0.0000000000
92384  2.735  -36.572  97.211 0.0000000000
92387  4.665  -35.812  97.008 0.0000000000
92388  3.725  -35.711  96.973 0.0000000000
92390  2.203  -36.301  96.716 0.0000000000
92391  2.312  -36.033  95.937 0.0000000000
92392  2.196  -36.103  95.712 0.0000000000
92393  1.820  -36.085  95.419 0.0000000000
92396  4.859  -36.373  95.714 0.0000000000
92404  4.767  -36.671  95.334 0.0000000000
92410  5.373  -36.756  94.720 0.0000000000
92414  7.829  -36.793  92.983 0.0000000000
92419  5.116  -35.683  93.967 0.0000000000
92427  6.042  -35.730  93.364 0.0000000000
92428  5.586  -35.694  93.648 0.0000000000
92429  5.026  -35.983  93.796 0.0000000000
92435  6.097  -35.594  93.055 0.0000000000
92449  0.000  -34.879  91.945 0.0000000000
92459  -0.340  -34.612  91.698 0.0000000000
92500  2.384  -35.936  88.056 0.0000000000
92501  1.889  -35.511  88.186 0.0000000000
92531  2.412  -36.126  86.973 0.0000000000
92533  1.696  -35.459  86.938 0.0000000000
92564  0.705  -34.684  85.723 0.0000000000
92566  0.489  -33.834  85.757 0.0000000000
92572  2.834  -36.246  84.506 0.0000000000
92606  3.111  -35.783  79.609 0.0000000000
92613  3.403  -35.778  79.487 0.0000000000
92627  2.673  -35.769  78.412 0.0000000000
92644  2.527  -35.915  76.586 0.0000000000
92654  1.273  -35.232  76.165 0.0000000000
93561  3.260  -35.695  96.474 0.0000000000
93572  1.815  -35.938  95.498 0.0000000000
93573  1.384  -35.922  95.448 0.0000000000
93574  0.549  -35.851  95.881 0.0000000000
93576  4.805  -36.346  95.159 0.0000000000
93579  0.501  -35.847  95.634 0.0000000000
93580  6.423  -36.619  94.093 0.0000000000
93581  6.149  -36.559  94.200 0.0000000000
93585  0.933  -35.049  94.905 0.0000000000
93590  5.500  -35.968  94.181 0.0000000000
93595  7.615  -36.419  92.434 0.0000000000
93608  5.596  -35.503  93.158 0.0000000000
93618  8.101  -36.144  91.019 0.0000000000
93621  -0.203  -34.677  92.031 0.0000000000
93631  -0.631  -34.388  91.650 0.0000000000
93632  -1.150  -34.051  91.175 0.0000000000
93639  -0.733  -34.416  91.200 0.0000000000
93654  -1.012  -34.232  89.411 0.0000000000
93676  0.502  -33.505  87.507 0.0000000000
93699  0.705  -33.349  86.383 0.0000000000
93711  0.491  -34.551  85.197 0.0000000000
93712  0.257  -34.017  85.364 0.0000000000
93722  0.001  -33.717  84.785 0.0000000000
93742  0.218  -33.656  83.486 0.0000000000
93743  -0.018  -33.457  83.637 0.0000000000
93786  2.476  -35.334  78.747 0.0000000000
93788  1.534  -33.639  78.406 0.0000000000
93800  1.145  -33.677  78.054 0.0000000000
93801  1.079  -33.346  77.919 0.0000000000
93809  2.005  -35.398  77.674 0.0000000000
93812  0.938  -34.051  77.774 0.0000000000
94801  0.667  -35.936  96.024 0.0000000000
94802  0.311  -35.866  96.114 0.0000000000
94809  0.857  -35.489  95.466 0.0000000000
94818  0.062  -35.946  94.901 0.0000000000
94881  -1.074  -33.130  89.445 0.0000000000
94922  0.495  -33.059  86.582 0.0000000000
94953  -0.007  -33.211  85.499 0.0000000000
94962  -0.514  -32.864  83.681 0.0000000000
94964  -0.131  -33.151  85.052 0.0000000000
94971  -0.262  -33.154  83.095 0.0000000000
94981  1.821  -34.085  82.398 0.0000000000
94990  2.422  -34.198  81.675 0.0000000000
94995  0.864  -33.174  81.379 0.0000000000
95009  0.543  -33.208  80.864 0.0000000000
95025  0.441  -32.749  80.912 0.0000000000
95034  1.821  -34.208  80.007 0.0000000000
95048  0.433  -33.278  79.183 0.0000000000
95059  1.046  -33.279  78.080 0.0000000000
95069  0.921  -33.591  77.918 0.0000000000
96085  -1.167  -33.114  93.487 0.0000000000
96242  -0.610  -32.577  83.602 0.0000000000
96281  0.621  -32.737  81.376 0.0000000000
96294  0.497  -32.579  81.247 0.0000000000
96304  -0.092  -32.149  80.934 0.0000000000
96326  -0.071  -33.045  79.163 0.0000000000
96336  0.348  -33.355  78.185 0.0000000000
96347  -0.055  -33.013  77.786 0.0000000000
97439  -1.377  -32.482  89.349 0.0000000000
97457  -0.946  -32.205  88.277 0.0000000000
97458  -1.258  -31.894  88.451 0.0000000000
97592  0.070  -32.009  81.334 0.0000000000
97625  0.013  -33.287  78.177 0.0000000000
97639  -0.230  -32.681  77.703 0.0000000000
98738  -2.058  -31.073  90.264 0.0000000000
98778  -1.258  -31.190  87.302 0.0000000000
100063  -2.090  -30.829  90.241 0.0000000000
100103  -1.143  -30.938  87.257 0.0000000000
100231  -0.907  -31.232  79.620 0.0000000000
100265  0.410  -30.680  75.985 0.0000000000
101595  0.177  -30.182  81.977 0.0000000000
101664  -0.016  -30.096  77.356 0.0000000000
102888  -2.256  -29.613  90.873 0.0000000000
103003  0.994  -29.508  84.055 0.0000000000
103013  0.779  -29.644  83.156 0.0000000000
103014  0.752  -29.726  83.517 0.0000000000
103026  0.713  -29.619  83.009 0.0000000000
103040  0.608  -29.621  82.808 0.0000000000
103041  0.492  -29.827  82.485 0.0000000000
103105  -0.358  -29.860  78.424 0.0000000000
104427  1.098  -29.218  84.570 0.0000000000
104443  0.983  -29.422  84.461 0.0000000000
104444  1.104  -29.288  84.294 0.0000000000
104455  0.889  -29.531  83.318 0.0000000000
104456  1.024  -29.331  83.477 0.0000000000
104457  1.144  -29.213  83.972 0.0000000000
104471  1.063  -29.144  83.000 0.0000000000
104485  0.891  -29.312  83.158 0.0000000000
104498  0.563  -29.423  82.183 0.0000000000
104499  0.563  -29.251  81.765 0.0000000000
105794  1.287  -28.829  84.425 0.0000000000
105795  1.204  -29.073  84.367 0.0000000000
105830  1.232  -28.977  82.299 0.0000000000
105843  1.518  -28.667  82.202 0.0000000000
105855  0.946  -28.977  81.374 0.0000000000
105895  0.660  -28.922  79.662 0.0000000000
107061  1.651  -27.868  84.850 0.0000000000
107115  1.532  -28.536  81.870 0.0000000000
107129  1.327  -28.751  81.421 0.0000000000
205278  -0.820  -41.018  84.879 0.0000000000
205279  9.209  -38.000  91.910 0.0000000000
205280  9.176  -37.939  92.090 0.0000000000
205282  16.579  -38.654  88.459 0.0000000000
