#!ascii label  , from subject sub-36 vox2ras=TkReg
1494
136702  17.990  -8.892  12.309 0.2500000000
136718  18.219  -8.787  12.014 0.2500000000
136700  18.723  -9.367  11.860 0.7500000000
141593  17.235  -6.193  12.478 0.2500000000
142738  17.663  -5.810  11.953 0.3750000000
140440  17.297  -7.077  12.323 0.2500000000
138050  17.469  -8.459  12.588 0.2500000000
138061  18.489  -8.240  11.698 0.7500000000
138062  18.082  -8.310  12.037 0.3750000000
135455  19.051  -10.032  11.756 0.8750000000
136716  18.916  -9.032  11.601 0.8750000000
135472  19.441  -9.668  11.519 0.8750000000
141592  17.487  -6.278  12.074 0.3750000000
140439  17.603  -6.978  11.815 0.3750000000
139293  18.479  -7.565  11.432 0.8750000000
139294  18.044  -7.609  11.759 0.7500000000
138072  19.822  -8.339  11.255 1.0000000000
138059  19.331  -8.129  11.315 1.0000000000
138060  18.952  -8.210  11.444 0.8750000000
135471  20.115  -9.786  11.398 1.0000000000
135485  20.657  -9.651  11.158 1.0000000000
142739  17.353  -5.400  12.121 0.2500000000
141606  17.789  -6.239  11.733 0.7500000000
141604  18.669  -6.347  11.149 0.8750000000
140450  18.512  -6.889  11.213 0.8750000000
140451  18.064  -6.902  11.513 0.7500000000
138071  20.241  -8.146  11.152 1.0000000000
139291  19.435  -7.767  11.163 1.0000000000
139306  19.303  -7.323  10.967 1.0000000000
136756  21.215  -9.197  10.685 1.0000000000
136730  20.416  -8.915  11.042 1.0000000000
136729  20.939  -9.417  10.947 1.0000000000
136731  20.009  -9.058  11.234 1.0000000000
142728  17.047  -5.474  12.631 0.1250000000
142749  17.733  -5.380  11.628 0.6250000000
141624  18.598  -5.821  11.137 1.0000000000
140487  21.635  -7.818  10.759 1.0000000000
139317  20.914  -7.837  10.878 1.0000000000
139305  19.813  -7.567  11.015 1.0000000000
140464  19.491  -6.820  10.873 1.0000000000
138091  21.386  -9.219  10.538 1.0000000000
138092  20.853  -8.702  10.850 1.0000000000
138081  23.534  -8.698  10.523 1.0000000000
136755  21.683  -9.260  10.415 1.0000000000
148767  17.760  -1.469  11.137 0.2500000000
143914  16.748  -4.730  12.180 0.2500000000
145152  17.252  -4.205  11.706 0.3750000000
142750  17.330  -5.034  11.730 0.5000000000
143950  18.452  -4.571  10.936 1.0000000000
143927  17.874  -4.602  11.253 0.6250000000
142768  18.816  -5.281  10.950 1.0000000000
142766  20.167  -5.508  10.433 1.0000000000
142767  19.453  -5.377  10.696 1.0000000000
140475  22.079  -6.762  10.519 1.0000000000
140476  21.420  -7.290  10.759 1.0000000000
142765  21.068  -5.691  10.373 1.0000000000
141633  22.980  -6.570  10.587 1.0000000000
139316  23.154  -8.096  10.518 1.0000000000
141631  23.981  -6.854  10.662 1.0000000000
139315  23.722  -7.970  10.593 1.0000000000
147582  18.156  -2.133  11.119 0.5000000000
147583  17.790  -2.343  11.572 0.3750000000
146421  17.902  -2.927  11.459 0.3750000000
146400  17.462  -3.157  11.788 0.5000000000
146420  18.258  -3.094  11.033 0.5000000000
145172  18.746  -3.715  10.721 0.8750000000
143949  19.120  -4.572  10.708 1.0000000000
146436  19.285  -3.073  10.589 1.0000000000
143946  21.318  -4.754  10.495 1.0000000000
143948  19.823  -4.673  10.440 1.0000000000
142763  22.372  -5.394  10.718 1.0000000000
142764  21.747  -5.390  10.575 1.0000000000
141617  24.176  -6.324  10.624 1.0000000000
141618  23.380  -6.063  10.621 1.0000000000
139303  24.659  -7.372  10.742 0.8750000000
148766  18.195  -1.230  10.859 0.5000000000
147621  19.047  -1.921  10.531 0.6250000000
147620  19.397  -1.946  10.381 0.6250000000
147599  19.578  -2.485  10.552 1.0000000000
146437  18.781  -2.906  10.723 0.7500000000
146434  20.674  -3.481  10.296 1.0000000000
143958  24.459  -4.259  10.375 1.0000000000
145166  22.782  -4.059  10.540 1.0000000000
145167  22.358  -4.023  10.513 1.0000000000
145168  21.674  -4.038  10.408 1.0000000000
143942  24.170  -4.942  10.582 1.0000000000
142762  23.059  -5.368  10.673 1.0000000000
143944  22.719  -4.628  10.647 1.0000000000
142759  25.382  -5.249  10.612 0.8750000000
142760  24.573  -5.414  10.634 1.0000000000
141616  25.033  -6.131  10.663 0.8750000000
148780  18.506  -1.455  10.729 0.5000000000
148794  19.185  -1.464  10.353 0.8750000000
147616  21.942  -2.311  9.617 1.0000000000
146454  20.955  -2.934  9.989 1.0000000000
145185  24.017  -3.340  10.088 1.0000000000
146451  23.084  -2.976  9.572 1.0000000000
145188  21.395  -3.426  10.184 1.0000000000
145196  25.124  -2.609  9.300 1.0000000000
143939  26.776  -4.317  10.907 1.0000000000
143941  25.096  -4.688  10.504 1.0000000000
145183  25.254  -2.909  9.788 1.0000000000
145165  26.384  -3.514  10.549 1.0000000000
149913  18.588  -0.575  10.771 0.5000000000
149942  19.269  -0.912  10.362 0.8750000000
148792  20.341  -1.120  9.902 1.0000000000
149958  22.376  -0.368  9.375 1.0000000000
147637  21.744  -1.568  9.521 1.0000000000
148791  21.037  -1.200  9.830 1.0000000000
148806  26.191  -0.818  9.284 1.0000000000
148807  25.824  -1.118  9.213 1.0000000000
147612  27.249  -1.631  10.039 1.0000000000
148789  26.082  -1.466  9.400 1.0000000000
147615  25.788  -2.071  9.333 1.0000000000
146432  27.328  -2.663  10.863 1.0000000000
147613  26.791  -1.903  9.932 1.0000000000
145164  26.933  -3.307  10.793 0.8750000000
154744  20.842  3.254  10.288 1.0000000000
154746  19.912  2.897  10.497 0.3750000000
154760  21.115  2.683  10.222 0.8750000000
151171  22.204  0.181  9.821 1.0000000000
151165  26.232  -0.140  9.266 1.0000000000
149955  24.719  -0.323  8.939 1.0000000000
155869  21.720  4.054  10.568 0.8750000000
155887  22.200  3.716  10.455 1.0000000000
154759  21.833  2.783  10.261 1.0000000000
153611  22.247  2.178  10.063 1.0000000000
154758  22.671  2.837  10.397 1.0000000000
152418  23.787  1.186  9.567 1.0000000000
151148  26.499  0.353  9.625 1.0000000000
152401  25.933  1.180  9.935 1.0000000000
151130  27.283  0.545  10.205 1.0000000000
157087  22.135  4.596  10.416 0.7500000000
155901  23.346  3.149  10.533 1.0000000000
154772  23.792  2.403  10.550 1.0000000000
153607  26.233  2.029  9.907 1.0000000000
153609  24.995  1.775  9.940 1.0000000000
152402  25.271  1.171  9.927 1.0000000000
155885  23.576  3.866  10.117 1.0000000000
155900  24.062  3.369  10.395 1.0000000000
154756  25.099  2.443  9.851 1.0000000000
164841  22.951  9.665  10.212 0.1250000000
164827  23.200  9.801  10.819 0.1250000000
164867  22.685  9.540  9.037 0.2500000000
165885  22.155  10.291  9.754 0.1250000000
164866  22.748  9.694  8.579 0.3750000000
166951  22.466  11.233  9.181 0.2500000000
165907  23.702  10.006  7.959 0.5000000000
165897  22.817  10.581  8.570 0.2500000000
164865  24.061  10.082  8.233 0.3750000000
168001  23.081  12.510  8.405 0.2500000000
165896  23.644  10.642  8.373 0.2500000000
166949  23.666  11.623  8.648 0.2500000000
165895  24.209  10.927  8.840 0.3750000000
164851  25.104  10.365  9.165 0.3750000000
165884  24.551  11.011  9.217 0.2500000000
136690  17.599  -9.018  12.893 0.1250000000
139283  17.665  -7.676  12.098 0.2500000000
140430  17.162  -6.821  12.872 0.1250000000
135506  21.890  -9.913  10.396 1.0000000000
147619  19.995  -2.014  10.305 0.8750000000
147634  23.866  -1.544  8.926 1.0000000000
135431  18.020  -10.114  13.052 0.1250000000
132966  19.641  -11.311  11.694 0.7500000000
141581  17.071  -6.149  12.764 0.1250000000
132965  20.211  -11.580  11.567 1.0000000000
138041  17.350  -8.404  13.117 0.1250000000
135470  20.882  -10.286  11.481 1.0000000000
134267  21.928  -10.513  10.717 1.0000000000
135504  23.171  -10.008  10.186 1.0000000000
145111  16.718  -4.183  12.378 0.3750000000
147563  17.382  -2.500  11.907 0.2500000000
139313  24.868  -8.141  10.726 0.8750000000
141615  25.814  -6.051  10.665 0.8750000000
140460  25.478  -6.869  10.707 0.8750000000
143926  27.060  -4.805  11.319 0.8750000000
155856  19.480  3.469  11.195 0.1250000000
154732  19.418  2.865  10.985 0.1250000000
149912  19.024  -0.056  10.890 0.3750000000
149926  19.664  0.015  10.490 0.6250000000
147592  27.266  -2.075  10.352 1.0000000000
143938  27.309  -3.866  10.953 0.8750000000
155888  21.462  3.420  10.314 0.8750000000
153580  19.571  2.381  10.658 0.3750000000
153614  20.187  1.658  10.230 0.8750000000
151147  27.229  0.059  9.562 1.0000000000
151115  27.888  0.842  10.866 1.0000000000
152384  27.359  1.436  10.895 1.0000000000
153606  26.719  2.001  10.304 1.0000000000
158291  23.165  5.146  10.355 0.8750000000
158307  24.800  5.243  9.846 1.0000000000
155898  25.166  3.881  9.598 1.0000000000
154755  25.743  2.966  9.797 1.0000000000
164810  23.527  9.857  11.551 0.1250000000
163766  23.715  8.436  10.965 0.1250000000
162750  23.666  8.134  9.073 0.6250000000
164877  22.860  9.325  8.050 0.6250000000
161705  24.829  8.861  7.615 0.5000000000
205552  25.365  9.227  7.838 0.5000000000
167986  22.022  12.298  9.509 0.2500000000
168002  22.368  12.406  8.669 0.2500000000
164864  24.681  9.986  8.502 0.5000000000
163820  25.861  9.484  8.588 0.5000000000
169042  22.204  12.889  8.184 0.1250000000
168000  23.892  12.460  8.728 0.2500000000
166936  24.842  11.343  9.743 0.2500000000
163807  26.082  9.460  9.351 0.3750000000
165870  25.560  10.558  10.192 0.2500000000
169057  22.947  13.289  7.923 0.1250000000
135444  17.909  -9.295  12.833 0.1250000000
135457  18.396  -9.354  12.260 0.3750000000
135456  18.648  -9.855  12.191 0.5000000000
139276  17.219  -7.720  12.758 0.1250000000
134212  19.266  -10.875  11.731 0.7500000000
134229  19.739  -10.578  11.634 1.0000000000
139292  18.965  -7.543  11.159 1.0000000000
136715  19.493  -8.886  11.358 1.0000000000
135484  21.364  -10.089  11.005 1.0000000000
136743  21.340  -9.451  10.713 1.0000000000
142748  18.240  -5.301  11.176 0.8750000000
141622  19.781  -6.171  10.703 1.0000000000
139325  22.203  -8.185  10.477 1.0000000000
140462  20.738  -7.076  10.800 1.0000000000
141621  20.488  -6.307  10.628 1.0000000000
138089  22.401  -8.711  10.224 1.0000000000
136742  23.169  -9.539  10.188 1.0000000000
145132  17.356  -3.585  11.769 0.3750000000
145151  17.629  -3.778  11.526 0.5000000000
145150  18.144  -3.950  11.053 0.8750000000
140484  23.088  -7.517  10.461 1.0000000000
141635  21.664  -6.541  10.632 1.0000000000
141636  21.124  -6.496  10.667 1.0000000000
142774  21.696  -5.988  10.582 1.0000000000
141619  22.732  -5.946  10.665 1.0000000000
147600  19.110  -2.433  10.607 0.6250000000
145171  19.540  -3.839  10.519 1.0000000000
146435  20.154  -3.035  10.499 1.0000000000
143947  20.589  -4.763  10.348 1.0000000000
145169  20.974  -3.988  10.305 1.0000000000
139302  25.123  -7.682  10.800 0.8750000000
146455  20.438  -2.692  10.049 1.0000000000
143957  25.080  -3.679  10.079 1.0000000000
143943  23.404  -4.734  10.638 1.0000000000
145186  22.996  -3.525  10.169 1.0000000000
142758  26.172  -5.174  10.814 0.8750000000
147635  22.829  -1.423  9.044 1.0000000000
147618  20.887  -2.074  9.897 1.0000000000
146469  22.689  -2.021  9.154 1.0000000000
146453  21.733  -2.770  9.910 1.0000000000
145198  23.964  -3.178  8.829 1.0000000000
145187  22.095  -3.393  10.161 1.0000000000
146467  24.380  -2.168  8.735 1.0000000000
146449  26.273  -2.381  10.045 1.0000000000
145182  26.015  -2.980  10.061 1.0000000000
149927  19.259  -0.258  10.666 0.6250000000
149941  19.843  -0.440  10.191 0.7500000000
148790  21.471  -0.922  9.710 1.0000000000
148812  21.926  -1.071  9.448 1.0000000000
149938  21.795  -0.478  9.783 1.0000000000
148811  22.578  -0.828  8.916 1.0000000000
149956  23.890  -0.210  8.831 1.0000000000
148810  23.423  -0.923  8.723 1.0000000000
149936  27.344  -0.434  9.990 1.0000000000
148808  25.075  -1.051  8.939 1.0000000000
148809  24.288  -0.958  8.758 1.0000000000
154761  20.610  2.665  10.252 0.7500000000
153612  21.408  2.079  9.857 1.0000000000
153596  20.311  2.430  10.270 0.7500000000
151152  21.509  0.026  10.013 1.0000000000
151169  23.475  0.482  9.202 1.0000000000
152405  21.985  0.886  9.868 1.0000000000
151168  24.366  0.542  9.241 1.0000000000
157108  22.719  4.511  10.379 0.8750000000
152404  22.560  1.382  9.923 1.0000000000
153610  22.956  2.008  10.001 1.0000000000
152417  24.321  1.206  9.720 1.0000000000
151151  24.567  0.883  9.602 1.0000000000
153625  23.479  1.835  9.959 1.0000000000
152385  26.938  1.336  10.406 1.0000000000
155884  24.070  3.985  9.980 1.0000000000
153624  24.066  1.831  9.965 1.0000000000
154770  25.095  3.213  9.921 1.0000000000
157105  24.398  4.493  9.882 1.0000000000
157106  23.902  4.528  10.068 1.0000000000
163764  23.781  9.098  11.519 0.1250000000
163783  23.662  9.075  10.633 0.1250000000
163765  23.790  8.697  11.195 0.1250000000
166938  22.339  11.303  10.002 0.2500000000
165898  22.487  10.148  9.062 0.2500000000
163797  23.557  8.752  10.069 0.3750000000
163809  23.117  9.145  9.239 0.5000000000
164876  24.316  9.692  8.015 0.5000000000
165919  23.639  9.241  7.360 0.7500000000
167999  24.309  12.088  9.035 0.2500000000
164840  25.204  10.625  9.584 0.2500000000
134199  18.400  -10.105  12.636 0.2500000000
135430  18.285  -10.182  13.401 0.1250000000
134183  18.222  -10.671  13.085 0.1250000000
134213  18.851  -10.769  12.024 0.6250000000
134228  20.484  -10.803  11.560 1.0000000000
153581  19.337  2.117  10.884 0.5000000000
149940  20.597  -0.514  9.964 0.8750000000
151155  19.993  0.338  10.370 0.7500000000
151153  20.984  0.103  10.070 0.8750000000
153597  19.904  2.098  10.462 0.7500000000
152391  19.917  1.118  10.850 0.8750000000
152407  20.742  1.026  10.206 1.0000000000
152406  20.934  0.941  9.960 1.0000000000
158289  24.260  5.036  9.997 1.0000000000
158306  25.513  5.719  9.942 1.0000000000
157104  26.495  4.255  10.204 1.0000000000
162714  23.443  8.112  10.941 0.3750000000
162761  23.929  7.709  8.301 0.7500000000
163833  23.064  8.611  8.139 0.7500000000
163808  23.489  8.527  9.423 0.5000000000
162782  24.287  8.409  7.470 0.7500000000
163795  26.179  9.563  9.966 0.2500000000
163806  26.600  9.065  9.578 0.3750000000
126441  20.806  -15.600  11.991 0.7500000000
125207  22.438  -16.189  11.846 0.7500000000
126442  20.364  -15.491  12.078 0.7500000000
127681  19.874  -14.696  12.288 0.7500000000
126439  22.036  -15.466  12.038 0.7500000000
126440  21.431  -15.503  11.905 0.7500000000
127701  20.975  -14.811  11.860 0.7500000000
128977  20.515  -13.996  12.017 0.7500000000
127699  22.296  -14.768  11.820 0.7500000000
127700  21.618  -14.809  11.659 0.7500000000
128976  21.162  -14.021  11.713 0.7500000000
131617  19.693  -12.437  11.947 0.7500000000
132944  19.328  -11.588  12.005 0.6250000000
130281  20.671  -13.229  11.649 0.7500000000
131644  20.811  -12.415  11.394 0.8750000000
131645  20.170  -12.466  11.614 0.8750000000
128974  22.529  -14.066  11.583 0.7500000000
128975  21.829  -14.056  11.561 0.7500000000
130279  22.051  -13.377  11.567 0.7500000000
132964  20.903  -11.591  11.439 0.8750000000
130278  22.706  -13.334  11.510 0.7500000000
130300  22.199  -12.750  11.456 0.7500000000
131666  22.233  -12.110  11.278 0.8750000000
134227  21.056  -10.984  11.477 0.8750000000
130304  23.004  -12.388  10.750 0.7500000000
132986  22.282  -11.485  11.103 0.8750000000
134245  22.326  -10.973  10.807 0.8750000000
132999  24.216  -11.287  10.602 0.8750000000
134265  23.002  -10.743  10.292 0.8750000000
134264  23.664  -10.647  10.344 0.8750000000
135503  23.805  -9.954  10.334 0.8750000000
135467  26.582  -9.989  11.696 0.3750000000
135482  25.719  -9.797  11.288 0.6250000000
136728  25.054  -9.131  10.876 0.7500000000
136740  23.983  -9.268  10.412 0.7500000000
136699  26.850  -9.580  11.715 0.5000000000
136713  26.500  -9.132  11.321 0.5000000000
136726  26.046  -8.698  11.095 0.7500000000
138069  25.683  -8.290  11.066 0.7500000000
138040  27.827  -8.441  12.952 0.1250000000
138048  27.464  -8.347  12.370 0.3750000000
138058  26.728  -8.247  11.357 0.6250000000
139300  26.486  -7.551  11.102 0.6250000000
140459  26.194  -6.831  10.814 0.6250000000
139243  28.890  -7.939  13.983 0.1250000000
139269  28.090  -8.027  13.131 0.1250000000
140438  27.914  -6.714  12.870 0.1250000000
141569  28.592  -6.386  13.383 0.1250000000
141602  27.415  -6.041  11.855 0.6250000000
142746  27.590  -5.300  12.002 0.6250000000
142757  26.814  -5.280  11.112 0.7500000000
140418  29.481  -6.554  13.840 0.1250000000
141551  30.698  -5.228  13.840 0.1250000000
142736  28.408  -5.169  13.031 0.1250000000
143913  27.832  -4.858  12.050 0.5000000000
143924  27.776  -4.008  11.941 0.7500000000
139266  29.760  -7.105  14.037 0.1250000000
143884  28.547  -4.362  12.939 0.5000000000
145099  29.068  -3.543  13.112 0.5000000000
145124  28.251  -3.558  12.639 0.6250000000
145146  27.595  -3.446  11.852 0.7500000000
158292  22.650  5.229  10.343 0.6250000000
159413  22.966  6.013  10.802 0.5000000000
159425  23.037  5.591  10.330 0.7500000000
146389  29.021  -2.362  13.086 0.6250000000
148745  28.528  -1.041  12.890 0.6250000000
148759  27.843  -1.065  11.151 0.8750000000
147540  29.879  -1.764  13.731 0.5000000000
148736  30.009  -1.039  13.183 0.6250000000
149891  29.910  -0.002  12.898 0.6250000000
148758  27.975  -0.980  12.009 0.7500000000
159424  23.522  5.755  10.374 0.7500000000
149905  27.927  -0.091  11.500 0.8750000000
153592  27.032  2.048  10.786 0.8750000000
154743  26.872  2.471  10.556 0.8750000000
149904  28.579  0.046  12.060 0.7500000000
152366  27.884  1.995  11.372 0.8750000000
153574  28.232  2.388  11.574 0.8750000000
154726  27.971  2.924  11.352 0.8750000000
155868  27.970  3.684  11.105 0.8750000000
148734  30.994  -1.114  13.445 0.3750000000
151085  30.499  0.446  13.217 0.5000000000
151101  28.885  1.161  12.284 0.6250000000
149877  31.726  -0.301  13.135 0.2500000000
149878  31.261  -0.348  13.270 0.3750000000
152337  30.258  1.090  13.050 0.5000000000
159412  23.893  6.090  10.920 0.6250000000
159436  24.555  6.531  9.766 0.7500000000
158290  23.816  5.251  10.128 0.8750000000
159423  24.341  6.068  10.304 0.7500000000
158308  24.424  5.660  9.952 0.8750000000
155883  26.178  3.722  10.142 0.8750000000
157103  27.044  4.363  10.255 0.7500000000
157086  28.243  4.277  10.961 0.8750000000
152365  28.610  2.081  11.807 0.6250000000
153573  28.709  2.471  11.944 0.7500000000
151084  31.007  0.396  13.237 0.3750000000
153535  30.843  1.567  12.912 0.5000000000
155848  29.465  3.762  12.068 0.7500000000
151099  31.824  0.336  12.909 0.2500000000
160505  24.667  6.849  11.155 0.6250000000
158324  24.718  5.759  9.479 0.8750000000
158322  25.175  5.928  9.358 0.8750000000
158305  26.215  5.353  9.700 0.8750000000
159450  26.265  5.756  8.784 0.7500000000
158285  27.384  4.863  10.034 0.8750000000
157100  29.095  4.891  10.581 0.7500000000
155825  29.871  3.328  12.416 0.5000000000
153572  32.665  1.781  11.894 0.2500000000
154700  31.577  2.416  12.328 0.5000000000
153552  30.574  2.126  12.768 0.5000000000
151113  32.537  0.373  12.094 0.2500000000
161640  24.171  7.325  10.666 0.5000000000
161667  24.151  7.749  9.478 0.5000000000
161679  24.225  7.483  8.554 0.6250000000
160559  25.053  6.589  7.825 0.7500000000
159465  25.718  6.236  7.914 0.7500000000
159464  26.687  5.746  7.830 0.7500000000
158334  28.040  5.395  7.925 0.7500000000
159449  26.783  5.525  8.428 0.7500000000
159482  26.435  6.455  7.100 0.7500000000
158319  27.804  5.481  8.747 0.7500000000
159432  29.003  5.395  8.957 0.7500000000
158332  29.161  4.964  8.044 0.7500000000
157083  30.294  4.661  11.064 0.5000000000
157098  30.669  4.865  10.081 0.3750000000
158281  29.956  5.109  9.835 0.6250000000
154741  32.478  2.895  11.427 0.2500000000
157081  31.802  3.915  11.075 0.3750000000
157097  31.659  4.465  10.318 0.3750000000
160590  24.434  7.733  7.762 0.6250000000
160574  24.772  7.107  7.740 0.7500000000
159481  27.259  5.827  7.053 0.7500000000
158352  28.200  4.750  6.471 0.7500000000
157161  29.396  4.515  7.178 0.6250000000
157132  31.082  4.697  8.489 0.3750000000
157147  30.599  4.412  7.777 0.3750000000
154752  33.325  2.620  10.610 0.1250000000
157115  33.166  4.289  9.351 0.1250000000
157116  32.516  4.460  9.663 0.2500000000
160588  25.396  7.463  7.165 0.6250000000
160587  26.176  7.398  6.754 0.7500000000
159497  27.324  6.129  6.314 0.6250000000
158366  27.956  5.045  5.798 0.7500000000
157160  30.104  4.272  7.047 0.3750000000
157174  28.887  4.629  6.602 0.3750000000
158343  28.568  5.033  7.246 0.7500000000
157146  31.388  4.402  7.753 0.2500000000
157134  29.700  4.925  8.249 0.6250000000
155907  34.539  3.402  8.041 0.1250000000
157129  33.752  4.257  7.963 0.1250000000
154751  33.769  2.865  10.029 0.1250000000
160599  25.513  8.018  7.233 0.6250000000
160598  25.863  7.980  6.986 0.6250000000
159505  27.445  5.798  5.308 0.3750000000
159498  26.844  6.753  6.722 0.3750000000
157198  27.664  4.520  4.622 0.3750000000
154806  30.589  2.796  4.667 0.2500000000
157173  29.523  4.152  6.172 0.3750000000
157185  28.525  4.373  5.481 0.3750000000
157156  33.124  4.391  6.620 0.1250000000
157158  31.599  4.321  6.906 0.3750000000
157159  30.853  4.247  7.009 0.3750000000
155916  35.031  3.306  7.502 0.1250000000
157145  32.247  4.407  7.686 0.1250000000
161677  27.053  8.108  8.056 0.3750000000
162774  25.850  8.709  7.457 0.3750000000
160596  27.884  6.223  5.246 0.3750000000
160586  27.343  6.982  6.550 0.3750000000
157195  29.380  4.673  3.988 0.3750000000
157206  28.059  4.582  3.722 0.3750000000
158382  27.709  5.218  4.265 0.3750000000
154814  30.613  3.181  3.282 0.3750000000
154807  29.868  2.708  4.978 0.3750000000
155949  28.255  3.873  4.258 0.3750000000
157180  34.017  4.875  5.081 0.1250000000
157183  32.068  4.011  5.455 0.1250000000
155947  31.790  3.223  4.006 0.2500000000
157154  34.516  4.275  6.247 0.1250000000
161687  28.206  7.154  7.676 0.2500000000
159495  29.258  5.713  5.889 0.2500000000
160585  28.266  6.312  6.002 0.3750000000
160571  27.659  7.182  7.082 0.3750000000
158378  30.633  4.598  4.393 0.1250000000
158380  29.002  5.154  4.398 0.3750000000
159513  28.556  5.661  4.690 0.3750000000
157211  31.198  4.215  2.884 0.1250000000
157204  29.666  4.139  3.679 0.2500000000
158360  33.248  5.578  4.764 0.1250000000
154813  31.131  3.362  3.173 0.1250000000
162758  27.238  8.143  8.950 0.3750000000
161688  27.719  7.335  7.603 0.3750000000
160557  29.253  6.609  7.519 0.2500000000
158351  30.731  5.157  5.531 0.1250000000
159479  30.297  5.878  6.581 0.1250000000
158350  31.419  5.229  5.530 0.1250000000
159478  31.136  5.873  6.750 0.1250000000
159500  33.779  5.882  4.326 0.1250000000
159490  33.272  5.940  5.885 0.1250000000
160531  30.762  6.649  9.057 0.1250000000
159476  32.666  6.007  6.854 0.1250000000
160554  31.769  6.237  7.860 0.1250000000
160607  33.855  6.761  5.066 0.1250000000
159511  34.033  6.485  4.231 0.1250000000
132987  21.734  -11.572  11.384 0.8750000000
132998  24.412  -10.882  10.814 0.6250000000
146375  28.620  -2.978  12.741 0.6250000000
151114  28.129  0.945  11.854 0.8750000000
154702  30.193  2.760  12.626 0.5000000000
152347  31.838  1.072  12.698 0.3750000000
161653  24.743  7.038  10.234 0.6250000000
159453  24.513  6.509  9.005 0.8750000000
159451  25.411  6.029  9.042 0.8750000000
159452  24.790  6.048  8.943 0.7500000000
159434  26.187  5.721  9.423 0.8750000000
158320  27.020  5.402  8.934 0.7500000000
158302  28.386  5.404  9.293 0.7500000000
158284  28.028  5.036  10.036 0.7500000000
155847  30.234  3.804  12.182 0.5000000000
157066  30.677  4.196  11.696 0.5000000000
157067  29.894  4.315  11.711 0.7500000000
155845  31.594  3.381  11.721 0.5000000000
157191  33.285  4.867  3.919 0.1250000000
159494  30.080  5.463  5.855 0.2500000000
159477  31.912  5.899  6.847 0.1250000000
140447  27.604  -6.785  12.257 0.5000000000
140458  26.787  -6.811  11.151 0.6250000000
146373  30.105  -2.685  13.945 0.3750000000
147539  30.615  -1.863  13.780 0.3750000000
148732  32.119  -1.372  13.195 0.2500000000
155849  28.701  3.727  11.598 0.7500000000
157213  31.950  4.633  1.929 0.1250000000
148757  32.748  -1.037  12.170 0.1250000000
123984  21.408  -16.996  12.057 0.7500000000
123985  20.684  -17.108  12.203 0.7500000000
126424  19.904  -15.542  12.228 0.7500000000
123997  22.033  -16.882  11.804 0.7500000000
125209  21.322  -16.191  12.007 0.7500000000
125206  23.192  -16.247  11.952 0.7500000000
131618  19.221  -12.365  12.325 0.6250000000
128978  19.966  -13.709  12.112 0.7500000000
127698  23.034  -14.734  11.919 0.6250000000
128973  23.249  -13.989  11.659 0.7500000000
130277  23.379  -13.227  11.408 0.6250000000
130297  23.865  -12.442  10.644 0.6250000000
132983  24.737  -11.244  11.084 0.5000000000
132961  26.073  -11.447  11.987 0.3750000000
132962  25.407  -11.374  11.560 0.5000000000
134223  26.596  -10.587  12.160 0.1250000000
136687  27.948  -9.125  13.252 0.1250000000
138039  28.200  -8.465  13.413 0.1250000000
138001  29.542  -8.478  14.560 0.1250000000
140397  30.984  -6.987  14.008 0.1250000000
140416  31.075  -6.479  14.028 0.1250000000
141565  31.638  -5.864  13.956 0.1250000000
142713  31.255  -5.097  13.917 0.1250000000
142698  30.872  -4.976  14.004 0.1250000000
145097  30.617  -3.684  13.755 0.1250000000
146372  30.927  -2.711  13.956 0.2500000000
147538  31.312  -1.896  13.730 0.2500000000
160506  24.092  6.748  11.332 0.5000000000
149902  33.051  -0.276  11.266 0.1250000000
149889  32.487  -0.305  12.414 0.2500000000
151146  33.562  0.413  10.425 0.1250000000
153604  34.106  2.083  9.668 0.1250000000
153622  34.464  2.058  9.097 0.1250000000
162727  23.734  7.779  9.930 0.3750000000
154789  35.074  2.552  7.837 0.1250000000
155923  35.546  3.218  6.806 0.1250000000
154788  35.411  2.575  7.489 0.1250000000
157179  34.865  4.686  5.064 0.1250000000
158372  35.906  5.390  4.185 0.1250000000
166926  22.662  11.333  10.745 0.1250000000
161651  27.981  7.386  9.637 0.2500000000
160518  28.668  6.862  10.029 0.1250000000
161635  29.172  7.228  10.592 0.1250000000
159444  32.487  6.339  8.007 0.1250000000
160530  31.597  6.704  9.011 0.1250000000
160583  33.655  6.678  6.423 0.1250000000
159520  34.422  6.602  3.883 0.1250000000
160582  34.014  7.215  6.114 0.1250000000
138080  24.125  -8.597  10.680 0.7500000000
147571  27.886  -1.854  11.598 0.7500000000
146411  27.653  -2.634  11.480 0.7500000000
157089  20.941  4.490  10.835 0.3750000000
154753  27.070  3.315  10.399 0.8750000000
134266  22.380  -10.573  10.437 0.8750000000
132943  19.817  -11.872  11.785 0.7500000000
135469  21.323  -10.669  11.326 0.8750000000
138079  24.694  -8.564  10.755 0.7500000000
141603  27.026  -6.046  11.332 0.6250000000
149920  27.635  -0.253  10.690 0.8750000000
157121  25.293  4.638  9.820 0.8750000000
157120  25.979  4.613  9.932 0.8750000000
155881  27.325  3.732  10.563 0.8750000000
162769  26.090  8.883  7.799 0.3750000000
163818  26.509  8.994  8.976 0.3750000000
163794  26.734  9.086  10.236 0.1250000000
162738  27.489  8.340  10.034 0.2500000000
127702  20.360  -14.914  12.089 0.7500000000
126423  20.426  -15.885  12.151 0.7500000000
125193  20.803  -16.373  12.067 0.7500000000
125208  21.821  -16.134  11.953 0.7500000000
123996  22.793  -17.002  11.763 0.7500000000
126438  22.738  -15.481  12.152 0.7500000000
128948  20.087  -14.250  12.240 0.7500000000
130282  20.068  -13.184  11.840 0.7500000000
130280  21.363  -13.217  11.564 0.8750000000
131643  21.343  -12.574  11.453 0.8750000000
132988  21.346  -11.794  11.455 0.8750000000
130299  22.825  -12.620  11.226 0.7500000000
130298  23.424  -12.707  10.935 0.7500000000
131672  23.417  -11.880  10.269 0.7500000000
132985  22.696  -11.470  10.734 0.8750000000
131664  24.409  -12.109  10.920 0.6250000000
135502  24.341  -9.874  10.591 0.7500000000
132960  26.349  -11.003  12.120 0.2500000000
134242  25.819  -10.299  11.486 0.5000000000
134243  25.305  -10.440  11.191 0.6250000000
136727  25.704  -9.086  11.092 0.7500000000
136712  26.876  -8.696  11.595 0.5000000000
136688  27.564  -9.117  12.698 0.2500000000
135453  27.338  -9.842  12.561 0.1250000000
139282  27.834  -7.579  12.780 0.2500000000
139289  27.392  -7.556  12.032 0.3750000000
139290  26.973  -7.541  11.490 0.6250000000
139267  29.115  -7.295  13.887 0.1250000000
139242  29.439  -7.826  14.248 0.1250000000
139281  28.115  -7.167  13.100 0.1250000000
141591  27.758  -6.017  12.443 0.5000000000
141590  28.252  -5.996  13.110 0.1250000000
141568  28.905  -5.962  13.691 0.1250000000
142737  27.999  -5.300  12.474 0.5000000000
140417  30.265  -6.471  13.949 0.1250000000
142715  29.292  -5.084  13.968 0.1250000000
143882  30.080  -4.418  13.949 0.1250000000
143912  28.077  -4.433  12.293 0.6250000000
145098  29.678  -3.534  13.699 0.1250000000
146390  28.209  -2.639  12.506 0.6250000000
146410  28.003  -2.416  11.897 0.6250000000
151100  29.479  0.729  12.785 0.6250000000
154724  29.075  3.255  12.106 0.7500000000
157085  28.771  4.416  11.160 0.7500000000
153537  30.081  1.496  12.893 0.5000000000
160562  24.349  7.138  8.785 0.6250000000
157102  27.752  4.411  10.550 0.7500000000
153550  31.742  1.786  12.552 0.3750000000
158304  27.123  4.912  9.660 0.7500000000
157099  29.818  4.890  10.447 0.6250000000
158282  29.381  5.141  9.927 0.7500000000
154723  31.094  3.092  12.214 0.5000000000
153589  33.123  1.886  11.085 0.1250000000
153571  32.973  1.629  11.509 0.1250000000
152364  32.639  0.965  11.845 0.2500000000
151129  33.172  0.411  11.043 0.1250000000
160573  25.292  6.882  7.430 0.7500000000
158344  27.866  5.363  7.100 0.7500000000
158316  29.924  5.161  8.765 0.6250000000
157117  31.453  4.732  9.380 0.3750000000
157118  30.709  4.988  9.085 0.3750000000
155864  32.736  3.349  10.924 0.1250000000
157096  32.275  4.063  10.526 0.3750000000
158367  27.589  5.458  5.571 0.3750000000
157131  31.969  4.546  8.594 0.3750000000
155878  33.571  3.462  10.014 0.1250000000
157130  33.100  4.400  8.585 0.1250000000
155908  34.109  3.609  8.620 0.1250000000
155932  30.049  3.593  5.793 0.3750000000
155942  29.102  3.454  5.147 0.3750000000
157157  32.371  4.387  6.772 0.2500000000
157143  33.784  4.285  7.219 0.1250000000
157142  34.483  4.073  6.996 0.1250000000
154781  34.410  2.962  8.746 0.1250000000
157144  33.068  4.396  7.480 0.1250000000
161698  26.651  7.846  7.155 0.3750000000
155930  31.235  3.900  5.763 0.2500000000
157155  33.836  4.359  6.442 0.1250000000
157168  33.176  4.494  5.812 0.1250000000
157169  32.492  4.344  5.958 0.1250000000
161697  27.266  7.381  7.220 0.3750000000
158379  29.804  4.836  4.436 0.3750000000
154816  29.312  3.024  4.061 0.3750000000
157167  33.890  4.584  5.709 0.1250000000
157181  33.144  4.891  4.945 0.1250000000
158359  34.348  5.250  4.472 0.1250000000
157182  32.563  4.252  5.139 0.1250000000
155951  32.468  3.736  3.591 0.1250000000
155929  35.073  4.122  5.999 0.1250000000
157165  35.234  4.298  5.565 0.1250000000
160547  28.439  6.763  8.676 0.2500000000
161664  27.928  7.239  8.915 0.2500000000
160556  29.886  6.214  7.122 0.2500000000
158362  31.920  5.076  4.834 0.1250000000
158347  33.132  5.664  5.387 0.1250000000
158384  32.974  5.296  3.639 0.1250000000
159501  33.610  6.303  4.943 0.1250000000
160546  29.203  6.557  8.440 0.1250000000
160545  30.212  6.368  8.106 0.1250000000
159446  30.949  6.342  7.815 0.1250000000
158349  32.170  5.342  5.530 0.1250000000
158374  34.379  5.878  4.150 0.1250000000
158361  32.656  5.240  4.879 0.1250000000
161634  29.970  7.208  10.502 0.1250000000
160517  29.508  6.854  9.940 0.1250000000
123998  21.646  -16.553  11.954 0.7500000000
123983  21.841  -17.294  11.971 0.7500000000
125194  20.209  -16.432  12.185 0.7500000000
123986  20.056  -17.175  12.376 0.7500000000
130248  19.046  -13.185  12.423 0.5000000000
130247  19.562  -13.152  12.111 0.6250000000
130276  24.122  -12.940  11.370 0.6250000000
131641  24.979  -12.127  11.455 0.5000000000
143880  31.675  -4.312  13.882 0.1250000000
142711  32.479  -5.048  13.299 0.1250000000
143881  30.985  -4.411  13.934 0.1250000000
152399  33.553  1.241  10.416 0.1250000000
158358  35.334  5.019  4.603 0.1250000000
158373  35.076  5.670  4.234 0.1250000000
125195  19.623  -16.429  12.674 0.7500000000
127682  19.427  -14.791  12.496 0.5000000000
121703  21.407  -18.491  12.631 0.6250000000
122864  21.814  -17.805  12.153 0.6250000000
123982  23.277  -17.421  12.067 0.3750000000
122875  22.394  -17.336  11.787 0.6250000000
123981  23.813  -17.170  12.323 0.2500000000
125192  23.703  -16.567  12.070 0.3750000000
159400  22.830  6.353  11.238 0.3750000000
161623  24.044  6.963  11.655 0.2500000000
163796  23.575  8.167  9.905 0.2500000000
122865  21.143  -17.731  12.367 0.6250000000
126437  23.467  -15.480  12.057 0.5000000000
128972  23.924  -13.853  11.567 0.5000000000
128971  24.560  -13.846  11.660 0.3750000000
121700  23.734  -18.806  12.636 0.5000000000
122863  22.673  -17.900  11.971 0.6250000000
131642  24.605  -12.553  11.422 0.5000000000
120354  21.219  -19.091  12.833 0.6250000000
127683  18.993  -14.926  12.943 0.3750000000
121680  21.152  -18.706  12.801 0.6250000000
121704  20.986  -18.149  12.605 0.6250000000
122867  20.000  -17.760  12.615 0.6250000000
120352  23.120  -19.724  12.926 0.3750000000
120375  22.884  -19.403  12.696 0.5000000000
120377  21.780  -19.365  12.606 0.6250000000
121678  24.163  -19.056  13.006 0.3750000000
125191  24.218  -16.381  12.381 0.2500000000
122861  24.024  -17.605  12.726 0.2500000000
132945  18.751  -11.548  12.327 0.3750000000
126422  24.098  -15.610  12.000 0.2500000000
127679  24.719  -14.750  11.910 0.3750000000
128947  25.175  -14.043  11.926 0.2500000000
130275  25.018  -13.119  11.762 0.2500000000
130274  25.386  -12.648  11.859 0.2500000000
147564  16.948  -2.787  12.117 0.1250000000
149914  17.863  -0.827  10.840 0.2500000000
132941  26.553  -11.390  12.551 0.2500000000
153598  19.555  1.597  10.721 0.3750000000
151122  18.802  0.144  10.940 0.2500000000
155871  20.627  3.697  10.604 0.2500000000
161642  23.806  7.720  11.232 0.2500000000
148751  17.364  -1.949  11.958 0.1250000000
145134  17.000  -3.214  12.108 0.2500000000
152392  19.046  1.011  10.854 0.3750000000
126425  19.272  -15.605  12.587 0.5000000000
122876  22.133  -17.461  11.902 0.6250000000
131616  26.096  -12.253  12.325 0.2500000000
128950  19.066  -13.982  12.789 0.3750000000
128949  19.569  -13.971  12.339 0.3750000000
122866  20.555  -17.837  12.509 0.6250000000
121702  22.173  -18.714  12.302 0.6250000000
122862  23.676  -18.071  12.451 0.2500000000
123980  24.320  -17.174  12.765 0.2500000000
125205  23.748  -16.067  12.057 0.3750000000
127697  23.900  -14.766  11.759 0.3750000000
121701  23.053  -18.958  12.496 0.5000000000
121679  23.590  -19.292  12.848 0.3750000000
125196  19.249  -16.059  12.875 0.3750000000
121681  20.837  -18.547  12.900 0.6250000000
120353  22.702  -20.009  12.915 0.3750000000
120376  22.497  -19.526  12.671 0.5000000000
126421  24.645  -15.554  12.454 0.2500000000
130246  25.382  -13.599  12.157 0.2500000000
146382  16.272  -3.127  12.947 0.1250000000
120356  20.106  -19.650  13.415 0.5000000000
118940  22.239  -20.266  12.813 0.2500000000
117478  21.866  -21.146  12.901 0.3750000000
118941  21.336  -20.099  12.704 0.5000000000
120355  20.736  -19.396  13.099 0.5000000000
118920  19.961  -20.282  13.825 0.3750000000
121683  19.582  -18.968  13.430 0.5000000000
121682  20.194  -18.816  13.093 0.5000000000
122844  19.716  -18.081  13.024 0.3750000000
122843  20.256  -18.212  12.819 0.5000000000
118905  19.307  -20.413  14.852 0.1250000000
118921  19.566  -20.133  14.271 0.3750000000
123964  19.339  -17.348  13.192 0.2500000000
114762  19.115  -22.985  15.026 0.1250000000
117445  19.489  -21.348  14.700 0.2500000000
117463  19.986  -21.390  13.848 0.3750000000
116077  22.332  -21.705  13.493 0.2500000000
116079  21.161  -21.950  13.462 0.3750000000
117479  20.931  -21.268  13.121 0.5000000000
117446  18.974  -21.314  15.283 0.1250000000
118904  19.732  -20.813  14.335 0.3750000000
117462  20.412  -21.425  13.450 0.3750000000
120287  18.987  -19.571  14.967 0.1250000000
122820  18.499  -18.060  14.116 0.1250000000
147537  31.930  -1.970  13.461 0.1250000000
125174  19.443  -16.878  12.994 0.3750000000
118951  21.854  -19.884  12.628 0.3750000000
125175  19.073  -16.464  13.292 0.2500000000
118918  23.067  -20.767  13.903 0.2500000000
118943  20.247  -20.240  13.472 0.5000000000
118942  20.546  -20.247  13.127 0.5000000000
120357  19.774  -19.497  13.598 0.5000000000
117477  22.496  -21.034  13.282 0.3750000000
116078  21.648  -21.919  13.361 0.3750000000
120329  19.569  -19.576  13.897 0.2500000000
121656  18.943  -18.826  13.980 0.1250000000
122819  18.782  -18.211  13.786 0.1250000000
122845  19.116  -18.090  13.478 0.1250000000
118906  19.014  -20.567  15.268 0.1250000000
118881  18.928  -20.131  15.205 0.1250000000
120311  19.127  -19.646  14.389 0.1250000000
122846  18.733  -17.804  13.709 0.1250000000
116022  18.824  -22.477  15.155 0.1250000000
116045  19.143  -22.146  14.823 0.1250000000
117444  19.691  -21.383  14.285 0.3750000000
116065  21.442  -22.356  13.802 0.2500000000
114784  19.964  -22.668  14.279 0.2500000000
114783  20.509  -22.860  14.295 0.2500000000
130249  18.628  -13.140  12.865 0.2500000000
114761  19.616  -22.903  14.653 0.1250000000
116044  19.659  -22.013  14.316 0.1250000000
116066  20.716  -22.060  13.763 0.2500000000
116067  20.124  -22.229  14.013 0.2500000000
130231  18.428  -13.105  13.383 0.1250000000
158273  21.521  5.367  10.763 0.1250000000
157088  21.557  4.641  10.502 0.1250000000
159414  22.115  5.814  10.743 0.1250000000
159402  21.196  5.836  11.568 0.1250000000
159401  22.120  6.212  11.327 0.1250000000
160493  22.933  6.426  11.513 0.1250000000
159388  21.774  6.049  12.282 0.1250000000
161624  23.833  7.069  11.726 0.1250000000
158274  21.063  5.102  11.014 0.1250000000
159387  22.496  6.266  12.020 0.1250000000
160494  23.097  6.489  11.862 0.1250000000
160467  22.911  6.617  13.494 0.1250000000
157090  20.469  4.040  10.832 0.1250000000
151123  18.407  -0.107  11.014 0.1250000000
126404  18.825  -15.462  13.430 0.1250000000
128928  18.715  -13.734  13.557 0.1250000000
153582  19.070  2.184  11.396 0.1250000000
157072  20.257  4.400  11.251 0.1250000000
158264  20.519  5.225  11.752 0.1250000000
159403  20.789  5.564  11.617 0.1250000000
158252  21.518  5.417  12.702 0.1250000000
160468  22.564  6.206  13.446 0.1250000000
161584  23.534  7.005  12.448 0.1250000000
155872  20.119  3.527  10.728 0.1250000000
134198  18.476  -10.590  12.521 0.1250000000
131619  18.663  -12.364  12.607 0.1250000000
160508  23.339  6.510  11.671 0.1250000000
128951  18.710  -13.664  13.153 0.1250000000
128910  18.913  -14.266  13.620 0.1250000000
152375  18.851  1.032  11.061 0.1250000000
132928  18.234  -11.528  12.746 0.1250000000
131584  18.289  -12.350  13.723 0.1250000000
158262  21.265  5.613  11.130 0.1250000000
159389  20.870  5.774  11.923 0.1250000000
159377  22.013  6.174  13.083 0.1250000000
160478  23.007  6.573  12.616 0.1250000000
160479  22.501  6.216  12.950 0.1250000000
158251  21.800  5.179  12.603 0.1250000000
161574  22.816  7.214  13.843 0.1250000000
120327  23.858  -19.982  13.945 0.1250000000
121677  24.614  -19.062  13.559 0.1250000000
122842  24.066  -18.514  12.741 0.1250000000
122841  24.469  -18.064  13.186 0.1250000000
125173  24.590  -16.651  12.854 0.1250000000
125190  24.622  -16.154  12.798 0.1250000000
126403  24.867  -15.863  12.928 0.1250000000
126420  25.042  -15.147  12.404 0.1250000000
126375  26.257  -15.569  13.474 0.1250000000
127658  25.862  -14.771  12.670 0.1250000000
127678  25.380  -14.772  12.270 0.1250000000
128925  26.374  -14.034  13.297 0.1250000000
130245  25.844  -13.133  12.370 0.1250000000
130218  27.041  -13.411  13.871 0.1250000000
130229  26.496  -13.017  13.321 0.1250000000
131615  26.332  -12.185  12.775 0.1250000000
116064  21.988  -22.124  14.269 0.1250000000
116063  22.499  -21.496  14.166 0.1250000000
117460  23.387  -20.882  14.730 0.1250000000
120326  24.263  -19.692  14.055 0.1250000000
118916  23.892  -20.065  14.229 0.1250000000
122817  25.392  -17.947  13.863 0.1250000000
123960  25.899  -16.878  13.652 0.1250000000
126376  25.802  -15.933  13.467 0.1250000000
125147  26.707  -16.325  13.976 0.1250000000
128909  26.824  -13.977  13.848 0.1250000000
131600  26.628  -12.010  13.267 0.1250000000
131599  27.169  -11.948  13.661 0.1250000000
130217  27.447  -12.831  13.867 0.1250000000
118938  23.371  -20.130  13.409 0.1250000000
120350  24.262  -19.457  13.456 0.1250000000
130244  26.210  -12.657  12.683 0.1250000000
122840  24.950  -17.529  13.523 0.1250000000
128946  25.673  -14.078  12.293 0.1250000000
116076  22.624  -21.391  13.653 0.1250000000
117461  22.986  -21.081  14.437 0.1250000000
114781  21.701  -22.616  14.189 0.1250000000
118903  23.622  -20.634  14.752 0.1250000000
122818  24.989  -18.588  13.822 0.1250000000
125172  25.010  -16.392  13.141 0.1250000000
123961  25.402  -17.130  13.422 0.1250000000
126402  25.393  -15.504  13.006 0.1250000000
127657  26.204  -14.740  13.141 0.1250000000
127636  26.668  -14.796  13.664 0.1250000000
130230  26.173  -13.570  12.947 0.1250000000
130228  26.865  -12.444  13.631 0.1250000000
128908  27.529  -13.858  14.241 0.1250000000
114758  21.902  -22.926  14.625 0.1250000000
116042  22.745  -21.961  15.182 0.1250000000
121655  24.911  -19.156  14.330 0.1250000000
131583  27.826  -11.944  13.905 0.1250000000
116046  18.834  -22.020  15.170 0.1250000000
117476  22.774  -21.051  13.791 0.1250000000
118902  24.070  -20.297  14.793 0.1250000000
118917  23.480  -20.388  14.104 0.1250000000
118919  20.305  -20.810  13.434 0.5000000000
118939  22.937  -20.459  13.350 0.3750000000
118950  22.090  -19.764  12.639 0.5000000000
120328  19.870  -19.743  13.696 0.3750000000
120351  23.788  -19.752  13.434 0.1250000000
123962  24.744  -17.134  13.217 0.1250000000
123963  19.715  -17.274  12.825 0.3750000000
123995  23.403  -16.905  11.928 0.3750000000
125171  25.597  -16.369  13.411 0.1250000000
126401  25.918  -15.140  13.084 0.1250000000
126426  19.036  -15.716  12.989 0.3750000000
127680  24.366  -15.187  11.988 0.2500000000
127696  24.295  -14.318  11.664 0.3750000000
128926  26.059  -14.066  12.756 0.1250000000
128927  18.993  -14.198  13.265 0.1250000000
130301  21.714  -12.837  11.496 0.8750000000
130302  23.672  -12.203  10.315 0.7500000000
130303  23.360  -12.374  10.429 0.7500000000
131640  25.676  -12.186  11.868 0.2500000000
131663  24.641  -11.775  11.097 0.5000000000
131665  22.672  -12.007  10.930 0.8750000000
131667  21.673  -12.251  11.462 0.8750000000
131668  21.203  -12.128  11.436 0.8750000000
131671  23.977  -11.922  10.277 0.7500000000
131673  22.990  -11.947  10.519 0.7500000000
132942  26.263  -11.824  12.405 0.2500000000
132963  21.289  -11.414  11.455 0.8750000000
132984  24.499  -11.611  10.914 0.5000000000
133000  23.558  -11.321  10.328 0.8750000000
133001  23.039  -11.413  10.384 0.8750000000
134184  18.297  -10.192  12.821 0.2500000000
134224  26.188  -10.577  11.789 0.2500000000
134225  25.756  -10.827  11.612 0.5000000000
134226  21.447  -11.107  11.391 0.8750000000
134244  22.705  -11.029  10.543 0.8750000000
134246  21.791  -10.903  11.131 0.8750000000
134262  24.647  -10.466  10.830 0.6250000000
134263  24.160  -10.521  10.618 0.8750000000
135432  17.996  -9.336  13.119 0.1250000000
135442  18.526  -10.015  12.440 0.5000000000
135443  18.242  -9.612  12.644 0.3750000000
135454  26.931  -9.966  12.115 0.1250000000
135468  26.164  -9.900  11.421 0.3750000000
135483  25.340  -9.651  11.043 0.6250000000
135486  20.295  -9.350  11.215 1.0000000000
135501  24.889  -9.801  10.814 0.7500000000
135505  22.562  -10.116  10.187 1.0000000000
135516  22.869  -9.860  10.142 1.0000000000
135517  22.283  -9.623  10.080 1.0000000000
135518  21.955  -9.485  10.191 1.0000000000
136689  17.873  -9.142  12.643 0.2500000000
136698  27.117  -9.128  11.985 0.2500000000
136701  18.506  -9.110  11.964 0.2500000000
136703  17.684  -8.902  12.589 0.2500000000
136714  26.038  -9.491  11.238 0.5000000000
136717  18.449  -8.814  11.828 0.2500000000
136739  24.512  -9.207  10.687 0.7500000000
136741  23.407  -9.362  10.282 0.8750000000
136744  20.916  -8.970  10.843 1.0000000000
136753  22.577  -9.248  10.157 1.0000000000
136754  22.124  -9.176  10.177 1.0000000000
138016  29.088  -8.448  14.264 0.1250000000
138017  28.594  -8.454  13.910 0.1250000000
138049  17.727  -8.224  12.314 0.3750000000
138057  27.104  -8.257  11.787 0.6250000000
138068  26.236  -8.256  11.102 0.7500000000
138070  25.188  -8.482  10.886 0.7500000000
138082  22.953  -8.817  10.321 1.0000000000
138083  20.641  -8.351  10.956 1.0000000000
138090  21.843  -9.090  10.158 1.0000000000
139228  29.873  -8.083  14.560 0.1250000000
139241  29.972  -7.523  14.343 0.1250000000
139265  30.225  -6.940  13.823 0.1250000000
139268  28.420  -7.607  13.465 0.1250000000
139284  17.457  -7.830  12.424 0.2500000000
139301  25.869  -7.578  10.939 0.8750000000
139304  20.405  -7.646  10.957 1.0000000000
139314  24.422  -7.834  10.675 0.8750000000
139324  22.668  -8.152  10.416 1.0000000000
139326  21.775  -8.205  10.665 1.0000000000
139327  21.336  -8.099  10.808 1.0000000000
139335  21.896  -8.117  11.101 1.0000000000
139336  21.600  -7.863  10.901 1.0000000000
140419  28.841  -6.775  13.532 0.1250000000
140437  28.329  -6.773  13.273 0.1250000000
140448  27.224  -6.800  11.659 0.5000000000
140449  18.975  -6.835  11.010 0.8750000000
140461  24.795  -6.905  10.728 0.8750000000
140463  20.104  -6.936  10.791 1.0000000000
140471  24.310  -7.089  10.714 0.8750000000
140472  23.870  -7.296  10.688 1.0000000000
140473  23.248  -7.328  10.685 1.0000000000
140474  22.799  -6.832  10.506 1.0000000000
140485  22.580  -7.416  10.320 1.0000000000
140486  21.944  -7.665  10.670 1.0000000000
140494  21.882  -7.867  10.686 1.0000000000
140495  21.775  -8.021  10.629 1.0000000000
141552  30.219  -5.210  13.974 0.1250000000
141566  30.894  -5.856  13.863 0.1250000000
141567  29.972  -5.672  13.978 0.1250000000
141589  28.517  -5.641  13.396 0.1250000000
141605  18.222  -6.120  11.381 0.8750000000
141614  26.551  -6.036  10.835 0.6250000000
141620  22.355  -5.886  10.694 1.0000000000
141623  19.099  -6.088  10.940 1.0000000000
141632  23.595  -6.734  10.643 1.0000000000
141634  22.280  -6.342  10.571 1.0000000000
142699  30.549  -5.028  13.966 0.1250000000
142712  31.986  -5.077  13.786 0.1250000000
142714  30.007  -5.021  13.998 0.1250000000
142716  28.812  -5.166  13.265 0.1250000000
142735  28.711  -5.373  13.576 0.1250000000
142747  27.255  -5.307  11.510 0.6250000000
142761  23.782  -5.440  10.685 1.0000000000
142773  22.075  -5.807  10.663 1.0000000000
142775  21.385  -6.170  10.584 1.0000000000
143855  30.729  -4.732  13.844 0.1250000000
143856  30.293  -4.838  13.925 0.1250000000
143879  32.213  -4.311  13.498 0.1250000000
143883  29.225  -4.323  13.533 0.5000000000
143925  27.572  -4.387  11.521 0.7500000000
143928  17.425  -4.608  11.557 0.5000000000
143929  17.070  -4.647  11.793 0.2500000000
143940  25.739  -4.094  10.615 1.0000000000
143945  22.009  -4.694  10.629 1.0000000000
143956  25.563  -3.259  10.083 1.0000000000
143959  23.672  -4.091  10.502 1.0000000000
143960  23.102  -4.181  10.561 1.0000000000
145096  31.318  -3.589  13.895 0.1250000000
145125  27.862  -3.048  12.066 0.6250000000
145133  17.038  -3.826  12.001 0.3750000000
145145  27.973  -3.779  11.800 0.6250000000
145163  27.383  -3.381  11.248 0.7500000000
145170  20.268  -3.964  10.337 1.0000000000
145181  26.485  -2.840  10.427 1.0000000000
145184  24.541  -3.149  9.958 1.0000000000
145189  20.997  -3.461  10.203 1.0000000000
145197  24.926  -2.855  9.051 1.0000000000
145199  23.542  -3.053  9.608 1.0000000000
146374  29.224  -2.634  13.509 0.6250000000
146391  27.825  -2.822  11.986 0.6250000000
146401  17.087  -3.103  12.145 0.2500000000
146402  16.808  -2.838  12.384 0.1250000000
146433  26.914  -2.570  10.524 1.0000000000
146448  26.652  -2.365  10.279 1.0000000000
146450  25.864  -2.495  9.628 1.0000000000
146452  22.506  -2.623  9.605 1.0000000000
146465  25.453  -2.419  9.279 1.0000000000
146466  24.999  -2.261  9.036 1.0000000000
146468  23.616  -2.078  8.857 1.0000000000
147541  29.171  -1.575  13.110 0.6250000000
147554  32.466  -1.982  13.002 0.1250000000
147555  28.923  -2.143  13.104 0.6250000000
147556  28.162  -2.019  12.238 0.6250000000
147572  27.652  -1.938  10.937 1.0000000000
147593  26.906  -2.232  10.274 1.0000000000
147601  18.683  -2.210  10.794 0.6250000000
147614  26.177  -1.894  9.575 1.0000000000
147617  21.480  -1.996  9.727 1.0000000000
147631  25.872  -1.670  9.302 1.0000000000
147632  25.419  -1.766  9.059 1.0000000000
147633  24.682  -1.650  8.835 1.0000000000
147636  22.014  -1.781  9.337 1.0000000000
148733  31.628  -1.109  13.364 0.2500000000
148735  30.414  -1.066  13.386 0.5000000000
148742  32.392  -1.053  12.770 0.1250000000
148743  32.015  -0.810  13.103 0.2500000000
148744  28.978  -1.213  12.984 0.6250000000
148750  17.589  -1.757  11.571 0.2500000000
148774  27.511  -1.235  10.385 1.0000000000
148787  27.096  -1.164  9.826 1.0000000000
148788  26.447  -1.170  9.495 1.0000000000
148793  19.644  -1.307  10.218 0.8750000000
148795  19.159  -1.547  10.433 0.8750000000
148813  21.504  -1.357  9.615 1.0000000000
149879  30.737  -0.320  13.277 0.3750000000
149880  30.228  -0.212  13.236 0.5000000000
149890  32.115  -0.278  12.844 0.2500000000
149892  29.104  0.124  12.755 0.6250000000
149903  32.832  -0.298  11.876 0.2500000000
149919  33.316  -0.289  10.663 0.1250000000
149928  18.886  -0.970  10.548 0.8750000000
149937  26.908  -0.488  9.516 1.0000000000
149939  21.210  -0.515  9.911 1.0000000000
149943  19.049  -1.205  10.461 0.8750000000
149952  26.425  -0.464  9.312 1.0000000000
149953  26.006  -0.505  9.228 1.0000000000
149954  25.451  -0.474  9.100 1.0000000000
149957  23.057  -0.248  8.975 1.0000000000
151083  31.476  0.336  13.147 0.2500000000
151086  30.018  0.564  13.061 0.5000000000
151098  32.173  0.382  12.542 0.2500000000
151112  32.843  0.397  11.586 0.2500000000
151131  26.784  0.841  10.111 1.0000000000
151137  19.623  0.399  10.853 0.7500000000
151138  19.290  0.232  10.786 0.6250000000
151145  33.759  0.750  9.964 0.1250000000
151149  25.592  0.513  9.686 1.0000000000
151150  24.931  0.705  9.603 1.0000000000
151154  20.421  0.171  10.095 0.8750000000
151166  25.842  -0.006  9.299 1.0000000000
151167  25.164  0.170  9.244 1.0000000000
151170  22.762  0.345  9.422 1.0000000000
152334  31.634  0.733  12.994 0.3750000000
152335  31.314  1.113  13.047 0.3750000000
152336  30.721  1.058  13.126 0.5000000000
152346  32.339  1.042  12.266 0.3750000000
152348  31.539  1.491  12.775 0.5000000000
152349  29.820  1.257  12.865 0.5000000000
152350  29.211  1.557  12.624 0.6250000000
152363  32.973  1.167  11.426 0.2500000000
152383  33.298  1.030  10.893 0.1250000000
152398  33.923  1.335  9.847 0.1250000000
152400  26.502  1.270  10.077 1.0000000000
152403  24.735  1.200  9.877 1.0000000000
152408  20.198  1.223  10.206 0.8750000000
152419  23.056  1.173  9.610 1.0000000000
152420  22.517  0.802  9.757 1.0000000000
153536  30.388  1.574  12.927 0.5000000000
153549  32.169  1.588  12.402 0.3750000000
153551  31.210  1.899  12.669 0.3750000000
153553  29.836  2.014  12.764 0.5000000000
153554  29.087  2.286  12.374 0.7500000000
153590  32.696  2.490  11.521 0.2500000000
153591  27.536  2.259  11.256 0.8750000000
153605  33.620  2.010  10.267 0.1250000000
153608  25.544  1.922  9.881 1.0000000000
153613  20.609  2.102  10.158 0.7500000000
153623  24.561  1.783  9.967 1.0000000000
153632  34.899  2.035  8.106 0.1250000000
154699  32.087  2.120  12.273 0.3750000000
154701  30.930  2.767  12.409 0.5000000000
154703  29.477  2.841  12.450 0.5000000000
154704  28.974  2.775  12.142 0.7500000000
154714  19.123  2.954  11.093 0.1250000000
154721  32.097  2.784  11.828 0.2500000000
154722  31.373  2.998  12.103 0.5000000000
154725  28.542  2.988  11.781 0.7500000000
154731  19.623  2.908  10.741 0.3750000000
154740  32.845  2.877  11.069 0.2500000000
154742  27.282  2.921  10.804 0.8750000000
154745  20.280  2.961  10.365 0.7500000000
154754  26.697  2.894  10.153 0.8750000000
154757  24.791  2.156  9.955 1.0000000000
154767  34.543  2.558  8.811 0.1250000000
154768  34.227  2.823  9.237 0.1250000000
154769  25.377  3.498  9.833 1.0000000000
154771  24.543  2.609  10.139 1.0000000000
154773  23.331  2.568  10.017 1.0000000000
154780  34.701  2.826  8.301 0.1250000000
154797  35.748  2.592  7.024 0.1250000000
154805  31.125  2.996  4.241 0.2500000000
154808  29.447  2.963  5.082 0.3750000000
154809  31.151  3.133  3.573 0.1250000000
154810  30.542  2.810  3.875 0.3750000000
154811  29.877  2.701  4.263 0.3750000000
154812  29.319  2.900  4.655 0.3750000000
154815  29.844  3.026  3.600 0.3750000000
155824  30.466  3.279  12.452 0.5000000000
155826  29.456  3.319  12.307 0.5000000000
155844  31.939  3.262  11.547 0.5000000000
155846  30.977  3.457  12.082 0.5000000000
155850  28.273  3.342  11.496 0.7500000000
155855  19.822  3.691  10.983 0.1250000000
155865  32.285  3.355  11.236 0.1250000000
155866  31.845  3.527  11.416 0.5000000000
155867  28.398  4.045  11.245 0.7500000000
155870  21.200  3.901  10.596 0.2500000000
155879  33.184  3.397  10.515 0.1250000000
155880  32.593  3.671  10.759 0.1250000000
155882  26.777  3.717  10.354 0.8750000000
155886  22.949  3.775  10.273 1.0000000000
155894  33.830  3.500  9.526 0.1250000000
155895  33.266  3.914  9.825 0.1250000000
155896  32.787  3.942  10.287 0.3750000000
155897  25.548  3.889  9.985 1.0000000000
155899  24.555  3.700  9.829 1.0000000000
155909  33.551  4.005  9.201 0.1250000000
155915  35.462  2.941  7.227 0.1250000000
155917  34.301  3.843  7.734 0.1250000000
155924  35.114  3.812  6.596 0.1250000000
155931  30.768  3.690  5.780 0.2500000000
155933  29.494  3.603  5.641 0.3750000000
155938  32.144  3.778  5.103 0.1250000000
155939  31.453  3.445  5.135 0.2500000000
155940  30.437  3.074  5.405 0.3750000000
155941  29.697  3.135  5.419 0.3750000000
155943  28.529  3.767  4.822 0.3750000000
155946  32.306  3.675  4.551 0.1250000000
155948  28.869  3.376  4.414 0.3750000000
155950  27.795  4.194  3.988 0.3750000000
155952  31.726  3.480  3.068 0.1250000000
155953  31.070  3.769  2.973 0.1250000000
155954  30.122  3.632  3.379 0.3750000000
155955  29.038  3.636  3.687 0.3750000000
155956  28.230  4.112  3.699 0.3750000000
155957  27.891  4.364  3.773 0.3750000000
155958  32.500  3.994  2.662 0.1250000000
155959  31.774  4.036  2.222 0.1250000000
155960  31.354  4.160  2.549 0.1250000000
155961  32.395  4.341  2.141 0.1250000000
155962  32.146  4.411  1.959 0.1250000000
157064  31.635  3.684  11.451 0.3750000000
157065  31.320  3.879  11.547 0.3750000000
157068  29.241  4.220  11.592 0.7500000000
157071  20.807  4.789  11.122 0.1250000000
157080  32.235  3.759  10.912 0.1250000000
157082  31.114  4.434  11.023 0.5000000000
157084  29.508  4.641  11.141 0.6250000000
157101  28.416  4.738  10.586 0.7500000000
157107  23.341  4.517  10.238 1.0000000000
157119  26.614  4.725  9.923 0.8750000000
157122  24.809  4.427  9.602 0.8750000000
157133  30.326  4.852  8.413 0.3750000000
157135  29.378  4.969  8.174 0.6250000000
157148  29.908  4.549  7.778 0.6250000000
157149  29.425  4.759  7.842 0.6250000000
157162  28.986  4.760  7.147 0.7500000000
157166  34.603  4.481  5.623 0.1250000000
157170  31.721  4.208  5.982 0.1250000000
157171  31.057  4.198  6.238 0.3750000000
157172  30.387  4.059  6.314 0.3750000000
157184  29.164  3.882  5.598 0.3750000000
157186  27.712  4.911  5.260 0.3750000000
157187  27.447  5.176  5.192 0.3750000000
157192  32.828  4.293  4.222 0.1250000000
157193  30.903  4.410  3.789 0.1250000000
157194  30.164  4.408  3.965 0.2500000000
157196  28.941  4.881  3.954 0.3750000000
157197  28.176  4.079  4.798 0.3750000000
157199  27.369  4.956  4.953 0.3750000000
157200  33.301  5.043  3.067 0.1250000000
157201  33.047  4.361  3.256 0.1250000000
157202  31.310  4.514  3.199 0.1250000000
157203  30.664  4.090  3.436 0.1250000000
157205  28.746  4.499  3.781 0.3750000000
157207  27.688  4.621  3.955 0.3750000000
157208  32.981  5.131  2.689 0.1250000000
157209  32.939  4.719  2.347 0.1250000000
157210  31.590  4.558  2.475 0.1250000000
157212  32.397  4.671  1.953 0.1250000000
158263  20.840  5.218  11.351 0.1250000000
158272  22.107  5.321  10.480 0.6250000000
158283  28.720  5.131  9.979 0.7500000000
158286  26.988  4.794  10.008 0.8750000000
158287  25.918  5.751  9.800 0.8750000000
158288  25.774  5.903  9.713 0.8750000000
158299  30.214  5.117  9.327 0.6250000000
158300  29.644  5.292  9.303 0.6250000000
158301  29.035  5.401  9.327 0.7500000000
158303  27.593  5.247  9.465 0.7500000000
158315  30.315  5.093  8.877 0.3750000000
158317  29.215  5.262  8.600 0.7500000000
158318  28.531  5.434  8.602 0.7500000000
158321  26.520  5.466  9.295 0.8750000000
158323  24.810  5.904  9.603 0.8750000000
158333  28.737  5.087  8.019 0.7500000000
158335  27.269  5.396  8.225 0.7500000000
158342  29.047  4.838  7.580 0.7500000000
158348  32.862  5.491  5.475 0.1250000000
158353  27.710  5.474  6.364 0.7500000000
158363  31.108  4.830  4.940 0.1250000000
158364  30.185  4.990  5.087 0.3750000000
158365  29.501  5.176  4.882 0.3750000000
158368  27.290  5.384  5.095 0.3750000000
158375  33.030  5.270  4.367 0.1250000000
158376  32.458  5.147  4.158 0.1250000000
158377  31.619  4.786  3.935 0.1250000000
158381  28.328  5.352  4.286 0.3750000000
158383  27.165  5.290  4.670 0.3750000000
158385  32.391  5.255  3.348 0.1250000000
158386  31.854  5.024  2.902 0.1250000000
158387  28.630  5.013  3.988 0.3750000000
158388  28.189  4.962  3.902 0.3750000000
158389  27.833  4.885  3.847 0.3750000000
158390  32.906  5.326  3.014 0.1250000000
158391  32.547  5.202  2.576 0.1250000000
158392  32.028  5.070  2.184 0.1250000000
158393  32.480  4.983  2.096 0.1250000000
158394  32.227  4.904  1.888 0.1250000000
159373  22.321  6.185  13.725 0.1250000000
159410  24.741  6.852  10.658 0.6250000000
159411  24.554  6.608  10.746 0.6250000000
159420  26.113  5.701  9.667 0.8750000000
159421  25.887  6.060  9.503 0.8750000000
159422  24.661  6.692  10.352 0.7500000000
159433  28.792  5.453  9.078 0.7500000000
159435  25.850  5.907  9.418 0.8750000000
159437  24.320  6.511  9.727 0.8750000000
159443  32.772  6.442  8.037 0.1250000000
159445  31.280  6.402  7.873 0.1250000000
159447  28.852  5.475  8.825 0.7500000000
159448  28.612  5.472  8.927 0.7500000000
159459  32.895  6.323  7.601 0.1250000000
159460  32.164  6.130  7.598 0.1250000000
159461  31.421  6.125  7.532 0.1250000000
159462  30.649  6.130  7.323 0.1250000000
159463  27.414  5.539  7.615 0.7500000000
159466  25.175  6.209  8.279 0.7500000000
159467  24.577  6.504  8.510 0.7500000000
159468  24.472  6.747  8.625 0.6250000000
159475  33.259  6.345  6.912 0.1250000000
159480  29.705  5.866  6.304 0.2500000000
159483  25.792  6.621  7.348 0.7500000000
159491  32.427  5.700  6.138 0.1250000000
159492  31.655  5.656  6.123 0.1250000000
159493  30.884  5.569  6.050 0.1250000000
159496  28.661  5.813  5.711 0.3750000000
159502  29.568  5.313  5.396 0.2500000000
159503  28.954  5.508  5.169 0.3750000000
159504  28.363  5.926  5.223 0.3750000000
159506  27.107  5.635  4.903 0.3750000000
159509  35.708  6.133  3.803 0.1250000000
159512  33.795  6.664  4.716 0.1250000000
159514  28.020  5.982  4.649 0.3750000000
159515  27.262  5.899  4.683 0.3750000000
159516  27.050  5.643  4.664 0.3750000000
159521  34.218  6.703  4.061 0.1250000000
160466  22.769  7.086  13.454 0.1250000000
160504  24.853  6.964  10.937 0.6250000000
160507  23.422  6.571  11.421 0.1250000000
160516  30.419  6.909  9.995 0.1250000000
160519  28.267  7.150  9.901 0.2500000000
160520  24.981  6.789  10.560 0.6250000000
160521  24.905  7.312  11.034 0.6250000000
160522  24.839  7.161  11.459 0.6250000000
160532  29.846  6.594  9.150 0.1250000000
160533  28.956  6.505  9.313 0.1250000000
160534  28.305  6.892  9.424 0.2500000000
160535  24.665  7.112  9.917 0.6250000000
160536  24.550  7.169  9.683 0.6250000000
160543  31.959  6.426  8.278 0.1250000000
160544  31.186  6.582  8.270 0.1250000000
160548  24.428  7.178  9.052 0.6250000000
160555  31.531  6.368  7.960 0.1250000000
160558  28.600  6.905  7.923 0.2500000000
160560  24.637  6.729  8.055 0.7500000000
160561  24.411  7.011  8.354 0.6250000000
160568  29.750  6.021  6.655 0.2500000000
160569  29.149  6.213  6.578 0.2500000000
160570  28.294  6.895  7.079 0.2500000000
160572  25.776  6.930  7.067 0.7500000000
160575  24.420  7.251  7.984 0.7500000000
160584  28.916  6.251  6.073 0.2500000000
160589  24.922  7.526  7.548 0.6250000000
160595  33.805  6.637  5.644 0.1250000000
160597  27.676  6.141  5.780 0.3750000000
160600  24.981  8.031  7.523 0.6250000000
160601  24.637  7.965  7.697 0.6250000000
160608  27.595  6.186  4.887 0.3750000000
160609  27.532  6.054  5.157 0.3750000000
160614  34.173  6.995  3.943 0.1250000000
161618  28.993  7.696  11.203 0.1250000000
161620  24.968  7.179  10.898 0.6250000000
161621  25.000  7.019  11.039 0.6250000000
161622  24.129  7.446  11.482 0.2500000000
161633  30.364  7.182  10.468 0.1250000000
161637  27.711  8.014  10.272 0.2500000000
161638  24.858  7.130  10.591 0.6250000000
161639  24.664  7.308  10.740 0.6250000000
161641  24.102  7.562  10.759 0.2500000000
161652  27.650  7.822  9.881 0.2500000000
161654  24.594  7.287  9.995 0.6250000000
161655  23.989  7.845  9.965 0.5000000000
161665  27.560  7.719  9.215 0.2500000000
161666  24.398  7.407  9.270 0.5000000000
161675  28.089  7.234  8.189 0.2500000000
161676  27.429  7.732  8.380 0.3750000000
161678  24.248  7.409  8.170 0.6250000000
161680  24.062  7.804  8.918 0.5000000000
161689  27.128  7.788  7.684 0.3750000000
161690  24.169  7.594  7.950 0.6250000000
161691  23.962  7.632  8.098 0.7500000000
161699  26.131  8.310  7.197 0.3750000000
161703  26.122  8.060  6.914 0.6250000000
161704  25.689  8.390  7.267 0.3750000000
162726  27.343  8.814  10.214 0.2500000000
162728  23.568  7.881  10.390 0.3750000000
162729  23.587  8.056  10.700 0.3750000000
162739  27.157  8.753  9.758 0.2500000000
162740  23.758  7.961  9.643 0.6250000000
162748  27.347  8.221  9.504 0.2500000000
162749  26.970  8.612  9.197 0.3750000000
162759  26.854  8.469  8.485 0.3750000000
162760  26.466  8.814  8.138 0.3750000000
162762  23.640  8.014  8.348 0.7500000000
162768  26.689  8.372  7.776 0.3750000000
162770  23.536  7.937  8.040 0.7500000000
162773  26.323  8.481  7.397 0.3750000000
162778  25.442  8.832  7.492 0.3750000000
163752  23.701  9.186  12.091 0.1250000000
163781  26.349  9.628  10.478 0.1250000000
163782  23.782  9.341  11.000 0.1250000000
163784  23.646  8.460  10.656 0.3750000000
163793  27.168  8.963  10.605 0.1250000000
163798  23.582  8.411  10.425 0.3750000000
163819  26.064  9.344  8.817 0.5000000000
163821  23.095  8.825  8.709 0.6250000000
163822  22.853  9.293  8.865 0.5000000000
163830  26.417  8.980  8.519 0.3750000000
163831  26.073  9.178  8.285 0.5000000000
163832  25.759  9.464  8.323 0.5000000000
163839  25.751  9.259  7.996 0.5000000000
163840  23.336  8.188  7.976 0.7500000000
164825  25.995  10.229  10.346 0.2500000000
164826  23.597  9.676  11.159 0.1250000000
164839  25.647  10.209  9.693 0.2500000000
164850  25.752  9.834  9.082 0.3750000000
164852  24.619  10.566  9.006 0.3750000000
164853  22.751  9.566  9.554 0.2500000000
164862  25.839  9.631  8.872 0.5000000000
164863  25.541  9.812  8.655 0.5000000000
164875  25.441  9.575  8.220 0.5000000000
164880  23.676  8.423  7.512 0.7500000000
164881  23.155  8.867  7.543 0.7500000000
164885  23.736  8.819  7.331 0.7500000000
164890  24.055  8.790  7.326 0.7500000000
165858  25.648  11.021  10.611 0.2500000000
165859  25.220  11.393  10.275 0.2500000000
165871  25.198  10.968  9.969 0.2500000000
165872  22.480  10.425  10.547 0.2500000000
165883  24.876  10.976  9.535 0.2500000000
165906  23.997  9.807  7.903 0.5000000000
165908  23.039  10.103  8.063 0.5000000000
165912  24.231  9.488  7.703 0.7500000000
165913  23.808  9.649  7.606 0.7500000000
165914  23.161  9.746  7.462 0.7500000000
165918  24.127  9.109  7.439 0.7500000000
165924  24.086  8.968  7.350 0.7500000000
166923  24.918  11.808  9.945 0.2500000000
166937  24.577  11.692  9.410 0.2500000000
166948  24.224  11.639  8.948 0.2500000000
166950  22.987  11.508  8.609 0.2500000000
167972  22.862  11.833  10.666 0.1250000000
168013  22.866  12.872  8.123 0.1250000000
168014  22.595  12.816  8.090 0.1250000000
169041  23.410  13.030  8.404 0.1250000000
169043  21.812  13.172  8.415 0.1250000000
205550  24.412  8.034  7.674 0.6250000000
205551  24.354  8.820  7.451 0.7500000000
205553  23.821  7.921  7.807 0.7500000000
205554  24.797  9.448  8.011 0.5000000000
205555  23.957  8.608  7.331 0.7500000000
205556  24.149  8.838  7.346 0.7500000000
205557  24.128  8.867  7.132 0.7500000000
