#!ascii label  , from subject sub-36 vox2ras=TkReg
430
46871  37.867  -62.749  21.901 0.0000000000
32262  43.269  -70.281  19.143 0.0000000000
38454  38.679  -67.809  23.332 0.0000000000
39957  43.315  -66.819  21.141 0.0000000000
29309  44.326  -71.966  24.656 0.0000000000
33612  41.833  -69.748  24.196 0.0000000000
29313  41.262  -72.389  24.985 0.0000000000
36998  45.280  -68.556  19.743 0.0000000000
38581  43.467  -67.069  17.821 0.0000000000
42728  38.605  -65.472  22.558 0.0000000000
39909  42.044  -67.040  23.204 0.0000000000
36926  45.242  -68.303  22.934 0.0000000000
32206  44.137  -70.622  21.464 0.0000000000
26772  42.404  -74.194  21.708 0.0000000000
49524  35.746  -60.938  22.750 0.0000000000
44082  35.218  -64.276  22.624 0.0000000000
39916  34.884  -66.359  23.920 0.0000000000
44152  41.420  -64.894  19.321 0.0000000000
32093  40.210  -70.926  24.666 0.0000000000
33787  44.767  -69.920  19.030 0.0000000000
37030  45.148  -68.641  17.699 0.0000000000
39933  38.614  -66.676  22.995 0.0000000000
38452  40.249  -67.588  23.344 0.0000000000
32089  43.566  -70.548  24.707 0.0000000000
35198  43.821  -68.788  24.498 0.0000000000
33609  45.224  -69.687  24.298 0.0000000000
33660  45.998  -69.464  22.187 0.0000000000
30759  44.219  -71.283  22.821 0.0000000000
28075  41.775  -73.137  21.257 0.0000000000
44043  34.302  -64.349  24.136 0.0000000000
42709  35.319  -65.601  23.026 0.0000000000
42689  34.024  -65.065  24.655 0.0000000000
42746  41.993  -65.466  21.279 0.0000000000
41411  42.249  -65.893  20.312 0.0000000000
38605  43.755  -67.215  16.366 0.0000000000
41472  42.761  -66.001  17.279 0.0000000000
35226  38.504  -69.018  24.011 0.0000000000
35223  40.560  -68.787  23.686 0.0000000000
33614  40.242  -70.226  24.425 0.0000000000
32091  41.710  -70.939  24.716 0.0000000000
29311  43.044  -72.107  25.181 0.0000000000
38530  44.132  -67.531  20.311 0.0000000000
39995  43.380  -66.929  19.756 0.0000000000
38569  44.363  -67.716  18.682 0.0000000000
37032  44.363  -68.030  16.942 0.0000000000
33743  41.515  -69.997  19.829 0.0000000000
44097  38.637  -64.231  22.150 0.0000000000
42724  41.554  -65.593  22.776 0.0000000000
42705  42.660  -66.528  22.241 0.0000000000
36900  42.281  -68.109  23.633 0.0000000000
38448  43.109  -67.563  23.251 0.0000000000
38475  44.055  -67.538  22.334 0.0000000000
38493  45.057  -67.962  21.627 0.0000000000
35308  45.258  -69.554  20.472 0.0000000000
32244  43.849  -70.392  20.114 0.0000000000
28037  43.582  -72.918  23.342 0.0000000000
29362  42.855  -72.279  22.412 0.0000000000
30799  42.349  -71.741  21.582 0.0000000000
32232  41.492  -70.981  20.827 0.0000000000
49542  36.799  -60.862  21.945 0.0000000000
48232  36.797  -61.729  21.921 0.0000000000
46873  35.815  -62.321  22.242 0.0000000000
45495  37.344  -63.552  22.024 0.0000000000
42748  36.710  -64.860  22.211 0.0000000000
41371  36.537  -65.911  22.825 0.0000000000
39913  37.270  -67.088  23.351 0.0000000000
38428  35.675  -67.594  24.505 0.0000000000
38426  36.762  -68.185  24.231 0.0000000000
41464  42.440  -66.053  18.071 0.0000000000
48230  38.388  -61.978  21.633 0.0000000000
48229  39.034  -62.309  21.395 0.0000000000
46870  38.687  -62.842  21.809 0.0000000000
32261  43.841  -70.347  19.331 0.0000000000
32302  44.869  -70.088  18.207 0.0000000000
38478  38.315  -67.182  23.274 0.0000000000
38476  39.647  -67.229  23.170 0.0000000000
38453  39.469  -67.765  23.332 0.0000000000
30695  44.244  -71.156  24.880 0.0000000000
32087  44.877  -70.256  24.697 0.0000000000
30718  44.818  -70.892  24.482 0.0000000000
32135  45.174  -70.614  23.411 0.0000000000
30741  44.574  -71.556  23.562 0.0000000000
25479  41.331  -74.963  19.481 0.0000000000
41385  42.770  -66.388  21.401 0.0000000000
41400  42.337  -65.862  20.846 0.0000000000
39975  42.850  -66.351  20.496 0.0000000000
41486  43.796  -66.140  16.056 0.0000000000
35204  39.623  -69.464  24.144 0.0000000000
33615  39.340  -69.900  24.573 0.0000000000
30699  40.699  -71.690  24.797 0.0000000000
32092  40.971  -71.090  24.684 0.0000000000
30698  41.513  -71.621  25.017 0.0000000000
30697  42.387  -71.474  24.961 0.0000000000
29312  42.160  -72.281  25.145 0.0000000000
38529  44.617  -67.793  20.214 0.0000000000
38549  44.267  -67.501  19.505 0.0000000000
38548  44.735  -67.803  19.390 0.0000000000
37022  44.495  -68.133  17.541 0.0000000000
37031  44.730  -68.531  17.164 0.0000000000
37047  44.319  -67.833  16.304 0.0000000000
44078  38.223  -64.842  22.384 0.0000000000
44077  39.020  -64.857  22.410 0.0000000000
42707  41.921  -65.952  22.778 0.0000000000
41346  42.248  -66.560  22.875 0.0000000000
35202  41.302  -69.131  23.884 0.0000000000
35222  41.032  -68.619  23.729 0.0000000000
35201  42.073  -69.196  24.057 0.0000000000
38422  44.494  -68.123  24.110 0.0000000000
38424  43.430  -67.888  23.725 0.0000000000
38447  43.902  -67.603  23.132 0.0000000000
39906  43.670  -67.474  22.545 0.0000000000
38474  44.825  -67.932  22.704 0.0000000000
38495  44.391  -67.656  21.793 0.0000000000
38473  45.113  -68.095  22.408 0.0000000000
32204  45.073  -70.210  21.689 0.0000000000
35290  45.542  -69.728  21.157 0.0000000000
33704  44.705  -70.252  21.029 0.0000000000
32243  44.312  -70.293  20.353 0.0000000000
32228  43.955  -70.512  20.817 0.0000000000
21679  41.466  -77.206  20.256 0.0000000000
24162  42.336  -75.559  21.005 0.0000000000
24144  42.557  -75.387  21.596 0.0000000000
25430  42.739  -74.679  22.016 0.0000000000
28060  42.898  -73.418  22.526 0.0000000000
29350  43.051  -72.541  22.692 0.0000000000
28061  42.647  -73.071  22.310 0.0000000000
28076  41.380  -73.084  20.850 0.0000000000
29379  41.982  -72.489  21.491 0.0000000000
30800  41.661  -71.873  21.126 0.0000000000
32210  42.006  -71.235  21.161 0.0000000000
30813  41.069  -71.685  20.705 0.0000000000
50841  36.776  -60.154  22.174 0.0000000000
49543  36.202  -60.563  22.345 0.0000000000
48233  36.131  -61.343  22.266 0.0000000000
45475  34.911  -63.626  22.818 0.0000000000
46855  35.001  -62.930  22.855 0.0000000000
45497  35.286  -63.230  22.179 0.0000000000
45496  36.206  -63.666  22.138 0.0000000000
45473  35.831  -63.976  22.225 0.0000000000
44099  37.007  -64.389  22.151 0.0000000000
44081  35.821  -64.353  22.338 0.0000000000
41372  35.874  -65.543  22.814 0.0000000000
41348  36.336  -66.297  23.142 0.0000000000
39935  37.002  -66.476  23.081 0.0000000000
39914  36.407  -66.814  23.401 0.0000000000
38373  34.928  -67.504  25.692 0.0000000000
38398  35.712  -67.939  25.109 0.0000000000
38427  36.282  -68.028  24.489 0.0000000000
38571  43.350  -66.905  18.366 0.0000000000
40017  42.622  -66.341  18.912 0.0000000000
40026  42.938  -66.579  17.969 0.0000000000
42837  42.576  -65.274  17.179 0.0000000000
35344  45.085  -69.327  19.366 0.0000000000
37012  45.118  -68.296  18.762 0.0000000000
41369  38.206  -66.095  22.694 0.0000000000
41368  38.986  -66.089  22.815 0.0000000000
39932  39.361  -66.701  23.010 0.0000000000
39911  40.701  -67.164  23.199 0.0000000000
33594  43.153  -70.027  24.526 0.0000000000
33610  43.221  -69.450  24.399 0.0000000000
33593  43.811  -69.795  24.601 0.0000000000
35183  44.826  -69.231  24.681 0.0000000000
35221  45.384  -69.239  23.642 0.0000000000
35247  45.893  -69.126  22.680 0.0000000000
33635  45.672  -69.540  23.135 0.0000000000
32155  45.253  -70.190  22.354 0.0000000000
32180  44.352  -70.741  22.205 0.0000000000
26773  41.952  -73.880  21.313 0.0000000000
25443  41.777  -74.329  20.884 0.0000000000
25459  41.452  -74.499  20.323 0.0000000000
44061  34.734  -64.257  23.294 0.0000000000
42732  35.447  -64.937  22.774 0.0000000000
42710  34.771  -65.089  23.444 0.0000000000
41324  34.463  -65.823  24.167 0.0000000000
42781  41.531  -65.407  20.143 0.0000000000
41435  41.802  -65.741  19.536 0.0000000000
38592  43.592  -67.216  17.002 0.0000000000
40037  43.208  -66.634  17.128 0.0000000000
41479  43.402  -65.917  16.516 0.0000000000
36905  38.282  -68.528  23.686 0.0000000000
36904  39.211  -68.424  23.476 0.0000000000
35224  39.810  -68.947  23.679 0.0000000000
35203  40.438  -69.461  23.916 0.0000000000
33613  41.110  -69.945  24.152 0.0000000000
32112  41.067  -70.552  24.478 0.0000000000
32111  41.746  -70.308  24.444 0.0000000000
32090  42.576  -70.567  24.619 0.0000000000
30696  43.286  -71.318  24.884 0.0000000000
38512  43.609  -67.105  21.056 0.0000000000
39974  43.253  -66.772  20.517 0.0000000000
38550  43.808  -67.236  19.669 0.0000000000
38570  43.786  -67.209  18.741 0.0000000000
38578  44.767  -68.259  18.225 0.0000000000
38580  44.054  -67.661  17.694 0.0000000000
38591  44.000  -67.598  16.702 0.0000000000
38604  44.082  -67.403  15.931 0.0000000000
33767  42.579  -70.008  19.146 0.0000000000
45494  38.240  -63.539  21.984 0.0000000000
45493  39.051  -63.584  21.914 0.0000000000
42722  42.551  -66.276  22.031 0.0000000000
39946  43.116  -66.703  21.510 0.0000000000
38450  41.790  -67.633  23.415 0.0000000000
36878  42.922  -68.359  23.863 0.0000000000
36899  42.670  -67.989  23.626 0.0000000000
39908  42.661  -67.088  23.038 0.0000000000
39907  43.172  -67.266  22.592 0.0000000000
39928  43.565  -67.297  22.118 0.0000000000
39945  43.483  -67.008  21.593 0.0000000000
38511  43.990  -67.501  21.038 0.0000000000
38510  44.528  -67.771  21.054 0.0000000000
36983  45.388  -68.485  20.421 0.0000000000
35245  46.203  -68.656  21.758 0.0000000000
35289  45.580  -69.072  20.827 0.0000000000
35323  45.313  -69.229  20.073 0.0000000000
33764  44.964  -69.669  19.575 0.0000000000
32260  44.314  -70.198  19.643 0.0000000000
32245  43.281  -70.393  19.913 0.0000000000
26705  43.315  -73.424  24.698 0.0000000000
21658  41.763  -76.802  20.518 0.0000000000
26731  43.458  -73.606  23.628 0.0000000000
28036  43.930  -72.506  23.739 0.0000000000
29334  44.084  -72.018  23.272 0.0000000000
30760  43.757  -71.650  22.764 0.0000000000
32181  43.819  -70.925  21.968 0.0000000000
28062  42.148  -73.123  21.753 0.0000000000
30779  42.625  -71.999  22.020 0.0000000000
32207  43.617  -70.767  21.365 0.0000000000
32229  43.417  -70.577  20.697 0.0000000000
32230  42.799  -70.599  20.594 0.0000000000
33741  42.638  -70.226  19.636 0.0000000000
33724  41.159  -70.430  20.394 0.0000000000
50876  38.091  -59.894  21.295 0.0000000000
50840  37.521  -60.244  21.761 0.0000000000
49560  37.957  -60.528  21.272 0.0000000000
49541  37.534  -61.159  21.477 0.0000000000
48231  37.568  -61.998  21.639 0.0000000000
46833  34.954  -62.118  24.047 0.0000000000
48218  35.650  -61.663  22.688 0.0000000000
46872  36.920  -62.678  21.914 0.0000000000
44079  37.496  -64.864  22.270 0.0000000000
42729  37.826  -65.440  22.460 0.0000000000
42731  36.273  -65.060  22.425 0.0000000000
42730  37.043  -65.303  22.401 0.0000000000
41370  37.398  -66.011  22.700 0.0000000000
39934  37.799  -66.737  23.057 0.0000000000
38455  37.822  -67.619  23.454 0.0000000000
38457  35.986  -67.466  23.945 0.0000000000
38456  36.894  -67.768  23.813 0.0000000000
36906  37.565  -68.230  23.775 0.0000000000
39996  42.858  -66.426  19.732 0.0000000000
39997  42.474  -66.197  19.330 0.0000000000
42825  41.754  -65.279  18.695 0.0000000000
41463  42.678  -66.256  17.753 0.0000000000
42824  41.972  -65.579  18.272 0.0000000000
22861  42.350  -75.938  21.357 0.0000000000
25460  41.102  -74.170  20.070 0.0000000000
26706  42.677  -73.645  24.657 0.0000000000
26719  43.080  -73.775  24.498 0.0000000000
26743  43.370  -73.486  23.093 0.0000000000
26756  43.108  -73.696  22.714 0.0000000000
26757  42.773  -73.858  22.238 0.0000000000
26758  42.345  -73.652  21.916 0.0000000000
26774  41.601  -73.577  20.923 0.0000000000
26790  41.598  -74.018  20.786 0.0000000000
26791  41.179  -73.729  20.443 0.0000000000
28011  42.819  -72.925  25.041 0.0000000000
28024  44.037  -72.469  24.389 0.0000000000
28048  43.110  -73.007  22.780 0.0000000000
28049  42.890  -72.723  22.577 0.0000000000
29322  44.338  -72.053  23.986 0.0000000000
29335  43.777  -72.417  23.294 0.0000000000
29348  43.881  -71.789  22.927 0.0000000000
29349  43.457  -72.175  22.868 0.0000000000
29361  43.152  -71.823  22.490 0.0000000000
29363  42.410  -72.447  21.966 0.0000000000
29380  41.607  -72.604  21.114 0.0000000000
30694  44.558  -70.676  24.704 0.0000000000
30719  44.629  -71.497  24.275 0.0000000000
30740  44.956  -71.074  23.861 0.0000000000
30758  44.816  -71.097  23.248 0.0000000000
30776  43.960  -71.054  22.389 0.0000000000
30777  43.554  -71.413  22.434 0.0000000000
30778  42.929  -71.550  22.002 0.0000000000
30798  42.698  -71.315  21.552 0.0000000000
32088  44.266  -70.370  24.743 0.0000000000
32109  45.200  -70.459  24.107 0.0000000000
32110  42.175  -70.090  24.418 0.0000000000
32113  40.620  -70.714  24.541 0.0000000000
32134  45.371  -70.149  22.962 0.0000000000
32156  44.834  -70.684  22.703 0.0000000000
32157  44.454  -70.885  22.592 0.0000000000
32178  45.184  -70.182  21.991 0.0000000000
32179  44.891  -70.382  22.073 0.0000000000
32182  43.366  -71.078  21.861 0.0000000000
32205  44.667  -70.387  21.490 0.0000000000
32208  43.026  -70.938  21.361 0.0000000000
32209  42.493  -71.054  21.204 0.0000000000
32227  44.410  -70.380  20.956 0.0000000000
32231  42.164  -70.725  20.747 0.0000000000
32246  42.820  -70.377  19.972 0.0000000000
32263  42.951  -70.127  18.954 0.0000000000
32280  44.966  -69.954  18.554 0.0000000000
32281  44.531  -70.116  18.800 0.0000000000
33591  44.934  -69.732  24.750 0.0000000000
33592  44.487  -69.758  24.772 0.0000000000
33611  42.540  -69.732  24.352 0.0000000000
33636  45.403  -69.965  23.613 0.0000000000
33659  46.122  -69.155  21.827 0.0000000000
33661  45.726  -69.811  22.543 0.0000000000
33680  46.043  -69.318  21.568 0.0000000000
33681  45.944  -69.587  21.767 0.0000000000
33682  45.437  -70.127  21.931 0.0000000000
33703  45.061  -70.057  21.074 0.0000000000
33720  44.950  -69.918  20.432 0.0000000000
33721  44.684  -70.163  20.634 0.0000000000
33722  42.402  -70.383  20.169 0.0000000000
33723  41.821  -70.337  20.350 0.0000000000
33738  45.021  -69.709  20.041 0.0000000000
33739  44.708  -70.015  19.991 0.0000000000
33740  42.975  -70.312  19.576 0.0000000000
33742  42.168  -70.091  19.722 0.0000000000
33765  44.686  -69.907  19.327 0.0000000000
33766  42.884  -70.188  19.282 0.0000000000
33786  45.057  -69.663  18.989 0.0000000000
35184  44.206  -69.158  24.652 0.0000000000
35185  43.689  -69.212  24.496 0.0000000000
35197  45.073  -68.948  24.136 0.0000000000
35199  43.352  -68.871  24.259 0.0000000000
35200  42.732  -69.052  24.125 0.0000000000
35220  45.565  -68.847  23.106 0.0000000000
35225  39.037  -68.986  23.844 0.0000000000
35246  46.089  -68.816  22.242 0.0000000000
35267  46.084  -68.865  21.211 0.0000000000
35268  45.855  -69.461  21.350 0.0000000000
35269  45.740  -69.795  21.589 0.0000000000
35288  45.858  -69.142  20.801 0.0000000000
35307  45.354  -68.974  20.170 0.0000000000
35324  45.164  -69.310  19.826 0.0000000000
35343  45.227  -68.972  19.480 0.0000000000
35358  45.270  -69.153  19.028 0.0000000000
35359  45.022  -69.402  18.854 0.0000000000
36859  44.756  -68.752  24.464 0.0000000000
36860  44.530  -68.895  24.607 0.0000000000
36875  44.809  -68.396  24.104 0.0000000000
36876  44.304  -68.489  24.433 0.0000000000
36877  43.635  -68.340  24.206 0.0000000000
36879  42.227  -68.666  23.853 0.0000000000
36880  41.783  -68.833  23.893 0.0000000000
36897  45.381  -68.496  23.009 0.0000000000
36898  45.174  -68.474  23.442 0.0000000000
36901  41.526  -68.351  23.703 0.0000000000
36923  46.003  -68.128  21.916 0.0000000000
36924  45.856  -68.363  22.011 0.0000000000
36925  45.517  -68.346  22.544 0.0000000000
36947  46.012  -68.492  21.331 0.0000000000
36948  45.533  -68.188  21.592 0.0000000000
36949  45.499  -68.187  22.037 0.0000000000
36966  45.979  -68.792  21.098 0.0000000000
36967  45.674  -68.502  20.974 0.0000000000
37011  45.238  -68.521  19.157 0.0000000000
37019  45.422  -68.607  18.691 0.0000000000
37020  45.086  -68.380  18.274 0.0000000000
37021  44.775  -68.358  17.829 0.0000000000
37029  45.494  -68.698  18.133 0.0000000000
38399  35.221  -67.613  25.289 0.0000000000
38423  44.080  -67.887  24.013 0.0000000000
38425  42.937  -67.873  23.593 0.0000000000
38446  44.624  -67.957  23.631 0.0000000000
38449  42.508  -67.594  23.434 0.0000000000
38458  35.558  -67.296  24.156 0.0000000000
38477  39.016  -67.217  23.220 0.0000000000
38479  37.916  -67.153  23.299 0.0000000000
38494  45.008  -67.972  21.944 0.0000000000
38496  43.843  -67.373  21.654 0.0000000000
38509  45.089  -68.073  20.993 0.0000000000
38528  44.979  -68.013  19.923 0.0000000000
38531  43.687  -67.196  20.391 0.0000000000
38547  45.094  -68.122  19.306 0.0000000000
38567  45.006  -68.061  18.841 0.0000000000
38568  44.798  -68.116  18.708 0.0000000000
38579  44.515  -68.071  18.111 0.0000000000
39863  35.333  -67.515  24.894 0.0000000000
39888  35.245  -67.202  24.453 0.0000000000
39910  41.310  -67.006  23.175 0.0000000000
39912  37.681  -67.137  23.303 0.0000000000
39929  43.180  -66.952  21.995 0.0000000000
39936  36.576  -66.357  23.128 0.0000000000
39958  43.003  -66.547  21.007 0.0000000000
40015  43.555  -67.023  19.276 0.0000000000
40016  43.150  -66.768  18.910 0.0000000000
40027  42.761  -66.485  18.467 0.0000000000
40043  43.589  -66.673  16.379 0.0000000000
40049  43.896  -66.510  15.841 0.0000000000
41344  42.881  -66.838  22.253 0.0000000000
41345  42.678  -66.741  22.581 0.0000000000
41349  35.839  -66.153  23.189 0.0000000000
41350  35.060  -66.007  23.526 0.0000000000
41363  42.809  -66.577  21.876 0.0000000000
41364  42.579  -66.224  21.708 0.0000000000
41386  42.454  -65.996  21.347 0.0000000000
41399  42.685  -66.194  20.950 0.0000000000
41410  42.570  -66.071  20.560 0.0000000000
41412  41.956  -65.796  19.999 0.0000000000
41433  42.597  -66.134  20.168 0.0000000000
41434  42.302  -66.026  19.719 0.0000000000
41451  42.094  -65.924  18.937 0.0000000000
41452  41.766  -65.745  18.926 0.0000000000
41473  42.360  -65.686  17.483 0.0000000000
42688  34.311  -65.088  24.047 0.0000000000
42706  42.413  -66.170  22.434 0.0000000000
42723  42.302  -65.856  21.864 0.0000000000
42727  39.392  -65.484  22.679 0.0000000000
42733  34.993  -64.557  22.980 0.0000000000
42749  36.457  -64.838  22.250 0.0000000000
42767  41.933  -65.639  20.615 0.0000000000
42780  41.914  -65.715  20.273 0.0000000000
42806  41.478  -65.229  19.374 0.0000000000
44060  41.794  -65.528  22.611 0.0000000000
44073  41.957  -65.321  21.834 0.0000000000
44080  37.067  -64.871  22.222 0.0000000000
44083  34.936  -64.184  22.904 0.0000000000
44098  37.824  -64.254  22.132 0.0000000000
44100  36.408  -64.541  22.219 0.0000000000
44172  41.534  -64.672  19.002 0.0000000000
45474  35.493  -63.883  22.292 0.0000000000
45498  34.939  -63.130  22.511 0.0000000000
46853  35.660  -61.818  22.632 0.0000000000
46874  35.161  -62.755  22.542 0.0000000000
46875  34.966  -62.979  22.618 0.0000000000
50842  36.290  -59.998  22.455 0.0000000000
