#!ascii label  , from subject sub-36 vox2ras=TkReg
468
139290  26.973  -7.541  11.490 0.0000000000
123981  23.813  -17.170  12.323 0.0000000000
147592  27.266  -2.075  10.352 0.0000000000
159465  25.718  6.236  7.914 0.0000000000
121702  22.173  -18.714  12.302 0.0000000000
152337  30.258  1.090  13.050 0.0000000000
155848  29.465  3.762  12.068 0.0000000000
136740  23.983  -9.268  10.412 0.0000000000
131641  24.979  -12.127  11.455 0.0000000000
134223  26.596  -10.587  12.160 0.0000000000
142715  29.292  -5.084  13.968 0.0000000000
139243  28.890  -7.939  13.983 0.0000000000
143926  27.060  -4.805  11.319 0.0000000000
147539  30.615  -1.863  13.780 0.0000000000
158305  26.215  5.353  9.700 0.0000000000
158316  29.924  5.161  8.765 0.0000000000
126402  25.393  -15.504  13.006 0.0000000000
153574  28.232  2.388  11.574 0.0000000000
155868  27.970  3.684  11.105 0.0000000000
138069  25.683  -8.290  11.066 0.0000000000
135482  25.719  -9.797  11.288 0.0000000000
136712  26.876  -8.696  11.595 0.0000000000
123982  23.277  -17.421  12.067 0.0000000000
145164  26.933  -3.307  10.793 0.0000000000
145124  28.251  -3.558  12.639 0.0000000000
146410  28.003  -2.416  11.897 0.0000000000
153550  31.742  1.786  12.552 0.0000000000
151099  31.824  0.336  12.909 0.0000000000
160562  24.349  7.138  8.785 0.0000000000
158307  24.800  5.243  9.846 0.0000000000
159450  26.265  5.756  8.784 0.0000000000
157195  29.380  4.673  3.988 0.0000000000
154807  29.868  2.708  4.978 0.0000000000
157161  29.396  4.515  7.178 0.0000000000
157159  30.853  4.247  7.009 0.0000000000
157132  31.082  4.697  8.489 0.0000000000
130244  26.210  -12.657  12.683 0.0000000000
130246  25.382  -13.599  12.157 0.0000000000
120377  21.780  -19.365  12.606 0.0000000000
148758  27.975  -0.980  12.009 0.0000000000
151114  28.129  0.945  11.854 0.0000000000
154702  30.193  2.760  12.626 0.0000000000
155845  31.594  3.381  11.721 0.0000000000
131672  23.417  -11.880  10.269 0.0000000000
132998  24.412  -10.882  10.814 0.0000000000
132961  26.073  -11.447  11.987 0.0000000000
131600  26.628  -12.010  13.267 0.0000000000
141591  27.758  -6.017  12.443 0.0000000000
139282  27.834  -7.579  12.780 0.0000000000
140418  29.481  -6.554  13.840 0.0000000000
140460  25.478  -6.869  10.707 0.0000000000
142759  25.382  -5.249  10.612 0.0000000000
141603  27.026  -6.046  11.332 0.0000000000
143913  27.832  -4.858  12.050 0.0000000000
145098  29.678  -3.534  13.699 0.0000000000
146370  32.259  -2.770  13.409 0.0000000000
148736  30.009  -1.039  13.183 0.0000000000
148732  32.119  -1.372  13.195 0.0000000000
157104  26.495  4.255  10.204 0.0000000000
159481  27.259  5.827  7.053 0.0000000000
158334  28.040  5.395  7.925 0.0000000000
158302  28.386  5.404  9.293 0.0000000000
157102  27.752  4.411  10.550 0.0000000000
157099  29.818  4.890  10.447 0.0000000000
157097  31.659  4.465  10.318 0.0000000000
126437  23.467  -15.480  12.057 0.0000000000
130276  24.122  -12.940  11.370 0.0000000000
136687  27.948  -9.125  13.252 0.0000000000
134196  27.869  -10.550  13.478 0.0000000000
154743  26.872  2.471  10.556 0.0000000000
154753  27.070  3.315  10.399 0.0000000000
139300  26.486  -7.551  11.102 0.0000000000
136726  26.046  -8.698  11.095 0.0000000000
138058  26.728  -8.247  11.357 0.0000000000
117478  21.866  -21.146  12.901 0.0000000000
118941  21.336  -20.099  12.704 0.0000000000
146432  27.328  -2.663  10.863 0.0000000000
146411  27.653  -2.634  11.480 0.0000000000
147571  27.886  -1.854  11.598 0.0000000000
153572  32.665  1.781  11.894 0.0000000000
152364  32.639  0.965  11.845 0.0000000000
160559  25.053  6.589  7.825 0.0000000000
159453  24.513  6.509  9.005 0.0000000000
159451  25.411  6.029  9.042 0.0000000000
155932  30.049  3.593  5.793 0.0000000000
157158  31.599  4.321  6.906 0.0000000000
130229  26.496  -13.017  13.321 0.0000000000
130230  26.173  -13.570  12.947 0.0000000000
123996  22.793  -17.002  11.763 0.0000000000
149920  27.635  -0.253  10.690 0.0000000000
151115  27.888  0.842  10.866 0.0000000000
154724  29.075  3.255  12.106 0.0000000000
153573  28.709  2.471  11.944 0.0000000000
155825  29.871  3.328  12.416 0.0000000000
154723  31.094  3.092  12.214 0.0000000000
155847  30.234  3.804  12.182 0.0000000000
160590  24.434  7.733  7.762 0.0000000000
134264  23.664  -10.647  10.344 0.0000000000
135502  24.341  -9.874  10.591 0.0000000000
135467  26.582  -9.989  11.696 0.0000000000
134242  25.819  -10.299  11.486 0.0000000000
132960  26.349  -11.003  12.120 0.0000000000
132941  26.553  -11.390  12.551 0.0000000000
120376  22.497  -19.526  12.671 0.0000000000
141590  28.252  -5.996  13.110 0.0000000000
141569  28.592  -6.386  13.383 0.0000000000
141568  28.905  -5.962  13.691 0.0000000000
139303  24.659  -7.372  10.742 0.0000000000
143939  26.776  -4.317  10.907 0.0000000000
142758  26.172  -5.174  10.814 0.0000000000
141615  25.814  -6.051  10.665 0.0000000000
142757  26.814  -5.280  11.112 0.0000000000
142746  27.590  -5.300  12.002 0.0000000000
146375  28.620  -2.978  12.741 0.0000000000
145099  29.068  -3.543  13.112 0.0000000000
146373  30.105  -2.685  13.945 0.0000000000
145097  30.617  -3.684  13.755 0.0000000000
146372  30.927  -2.711  13.956 0.0000000000
151100  29.479  0.729  12.785 0.0000000000
149891  29.910  -0.002  12.898 0.0000000000
151085  30.499  0.446  13.217 0.0000000000
149877  31.726  -0.301  13.135 0.0000000000
147570  32.644  -1.658  12.454 0.0000000000
158306  25.513  5.719  9.942 0.0000000000
157105  24.398  4.493  9.882 0.0000000000
157121  25.293  4.638  9.820 0.0000000000
155898  25.166  3.881  9.598 0.0000000000
157120  25.979  4.613  9.932 0.0000000000
155949  28.255  3.873  4.258 0.0000000000
157206  28.059  4.582  3.722 0.0000000000
158366  27.956  5.045  5.798 0.0000000000
158352  28.200  4.750  6.471 0.0000000000
157134  29.700  4.925  8.249 0.0000000000
158332  29.161  4.964  8.044 0.0000000000
159432  29.003  5.395  8.957 0.0000000000
158284  28.028  5.036  10.036 0.0000000000
158282  29.381  5.141  9.927 0.0000000000
157100  29.095  4.891  10.581 0.0000000000
158281  29.956  5.109  9.835 0.0000000000
157131  31.969  4.546  8.594 0.0000000000
157117  31.453  4.732  9.380 0.0000000000
157116  32.516  4.460  9.663 0.0000000000
157096  32.275  4.063  10.526 0.0000000000
127698  23.034  -14.734  11.919 0.0000000000
131664  24.409  -12.109  10.920 0.0000000000
130297  23.865  -12.442  10.644 0.0000000000
131642  24.605  -12.553  11.422 0.0000000000
127678  25.380  -14.772  12.270 0.0000000000
128947  25.175  -14.043  11.926 0.0000000000
126420  25.042  -15.147  12.404 0.0000000000
126421  24.645  -15.554  12.454 0.0000000000
139269  28.090  -8.027  13.131 0.0000000000
138040  27.827  -8.441  12.952 0.0000000000
138039  28.200  -8.465  13.413 0.0000000000
152384  27.359  1.436  10.895 0.0000000000
153592  27.032  2.048  10.786 0.0000000000
154726  27.971  2.924  11.352 0.0000000000
155849  28.701  3.727  11.598 0.0000000000
138079  24.694  -8.564  10.755 0.0000000000
136728  25.054  -9.131  10.876 0.0000000000
136727  25.704  -9.086  11.092 0.0000000000
136713  26.500  -9.132  11.321 0.0000000000
136699  26.850  -9.580  11.715 0.0000000000
122863  22.673  -17.900  11.971 0.0000000000
121701  23.053  -18.958  12.496 0.0000000000
121700  23.734  -18.806  12.636 0.0000000000
121678  24.163  -19.056  13.006 0.0000000000
142698  30.872  -4.976  14.004 0.0000000000
141551  30.698  -5.228  13.840 0.0000000000
145165  26.384  -3.514  10.549 0.0000000000
143938  27.309  -3.866  10.953 0.0000000000
143924  27.776  -4.008  11.941 0.0000000000
145146  27.595  -3.446  11.852 0.0000000000
146390  28.209  -2.639  12.506 0.0000000000
146389  29.021  -2.362  13.086 0.0000000000
153535  30.843  1.567  12.912 0.0000000000
151084  31.007  0.396  13.237 0.0000000000
152347  31.838  1.072  12.698 0.0000000000
151113  32.537  0.373  12.094 0.0000000000
158322  25.175  5.928  9.358 0.0000000000
159434  26.187  5.721  9.423 0.0000000000
154816  29.312  3.024  4.061 0.0000000000
155942  29.102  3.454  5.147 0.0000000000
157174  28.887  4.629  6.602 0.0000000000
157160  30.104  4.272  7.047 0.0000000000
157147  30.599  4.412  7.777 0.0000000000
157118  30.709  4.988  9.085 0.0000000000
157146  31.388  4.402  7.753 0.0000000000
130274  25.386  -12.648  11.859 0.0000000000
130275  25.018  -13.119  11.762 0.0000000000
130245  25.844  -13.133  12.370 0.0000000000
128946  25.673  -14.078  12.293 0.0000000000
120354  21.219  -19.091  12.833 0.0000000000
121703  21.407  -18.491  12.631 0.0000000000
122876  22.133  -17.461  11.902 0.0000000000
122875  22.394  -17.336  11.787 0.0000000000
125192  23.703  -16.567  12.070 0.0000000000
147612  27.249  -1.631  10.039 0.0000000000
148759  27.843  -1.065  11.151 0.0000000000
149905  27.927  -0.091  11.500 0.0000000000
149904  28.579  0.046  12.060 0.0000000000
151101  28.885  1.161  12.284 0.0000000000
152366  27.884  1.995  11.372 0.0000000000
152365  28.610  2.081  11.807 0.0000000000
153537  30.081  1.496  12.893 0.0000000000
153552  30.574  2.126  12.768 0.0000000000
154700  31.577  2.416  12.328 0.0000000000
154741  32.478  2.895  11.427 0.0000000000
161679  24.225  7.483  8.554 0.0000000000
160574  24.772  7.107  7.740 0.0000000000
160573  25.292  6.882  7.430 0.0000000000
132999  24.216  -11.287  10.602 0.0000000000
132983  24.737  -11.244  11.084 0.0000000000
134243  25.305  -10.440  11.191 0.0000000000
132962  25.407  -11.374  11.560 0.0000000000
131616  26.096  -12.253  12.325 0.0000000000
131615  26.332  -12.185  12.775 0.0000000000
130228  26.865  -12.444  13.631 0.0000000000
140447  27.604  -6.785  12.257 0.0000000000
139289  27.392  -7.556  12.032 0.0000000000
140438  27.914  -6.714  12.870 0.0000000000
139281  28.115  -7.167  13.100 0.0000000000
139267  29.115  -7.295  13.887 0.0000000000
140417  30.265  -6.471  13.949 0.0000000000
139266  29.760  -7.105  14.037 0.0000000000
139242  29.439  -7.826  14.248 0.0000000000
139313  24.868  -8.141  10.726 0.0000000000
139302  25.123  -7.682  10.800 0.0000000000
140459  26.194  -6.831  10.814 0.0000000000
141616  25.033  -6.131  10.663 0.0000000000
140458  26.787  -6.811  11.151 0.0000000000
141602  27.415  -6.041  11.855 0.0000000000
142737  27.999  -5.300  12.474 0.0000000000
142736  28.408  -5.169  13.031 0.0000000000
143912  28.077  -4.433  12.293 0.0000000000
143884  28.547  -4.362  12.939 0.0000000000
143882  30.080  -4.418  13.949 0.0000000000
143881  30.985  -4.411  13.934 0.0000000000
145095  31.950  -3.539  13.661 0.0000000000
148745  28.528  -1.041  12.890 0.0000000000
147540  29.879  -1.764  13.731 0.0000000000
149878  31.261  -0.348  13.270 0.0000000000
148734  30.994  -1.114  13.445 0.0000000000
147538  31.312  -1.896  13.730 0.0000000000
147537  31.930  -1.970  13.461 0.0000000000
155883  26.178  3.722  10.142 0.0000000000
159482  26.435  6.455  7.100 0.0000000000
159497  27.324  6.129  6.314 0.0000000000
159464  26.687  5.746  7.830 0.0000000000
159449  26.783  5.525  8.428 0.0000000000
158320  27.020  5.402  8.934 0.0000000000
158343  28.568  5.033  7.246 0.0000000000
158319  27.804  5.481  8.747 0.0000000000
158304  27.123  4.912  9.660 0.0000000000
158285  27.384  4.863  10.034 0.0000000000
157103  27.044  4.363  10.255 0.0000000000
155881  27.325  3.732  10.563 0.0000000000
157086  28.243  4.277  10.961 0.0000000000
157085  28.771  4.416  11.160 0.0000000000
157067  29.894  4.315  11.711 0.0000000000
157098  30.669  4.865  10.081 0.0000000000
157083  30.294  4.661  11.064 0.0000000000
157066  30.677  4.196  11.696 0.0000000000
157081  31.802  3.915  11.075 0.0000000000
155864  32.736  3.349  10.924 0.0000000000
125206  23.192  -16.247  11.952 0.0000000000
125205  23.748  -16.067  12.057 0.0000000000
130277  23.379  -13.227  11.408 0.0000000000
128971  24.560  -13.846  11.660 0.0000000000
128972  23.924  -13.853  11.567 0.0000000000
127697  23.900  -14.766  11.759 0.0000000000
126422  24.098  -15.610  12.000 0.0000000000
138048  27.464  -8.347  12.370 0.0000000000
136688  27.564  -9.117  12.698 0.0000000000
135453  27.338  -9.842  12.561 0.0000000000
135440  28.113  -9.785  13.564 0.0000000000
135441  27.731  -9.801  13.075 0.0000000000
134210  27.450  -10.326  13.006 0.0000000000
132927  27.040  -11.349  13.152 0.0000000000
118950  22.090  -19.764  12.639 0.0000000000
123995  23.403  -16.905  11.928 0.0000000000
127680  24.366  -15.187  11.988 0.0000000000
128926  26.059  -14.066  12.756 0.0000000000
130302  23.672  -12.203  10.315 0.0000000000
131640  25.676  -12.186  11.868 0.0000000000
131663  24.641  -11.775  11.097 0.0000000000
131671  23.977  -11.922  10.277 0.0000000000
132926  27.563  -11.320  13.530 0.0000000000
132942  26.263  -11.824  12.405 0.0000000000
132984  24.499  -11.611  10.914 0.0000000000
134197  27.392  -10.839  13.163 0.0000000000
134211  27.034  -10.615  12.674 0.0000000000
134224  26.188  -10.577  11.789 0.0000000000
134225  25.756  -10.827  11.612 0.0000000000
134262  24.647  -10.466  10.830 0.0000000000
134263  24.160  -10.521  10.618 0.0000000000
135454  26.931  -9.966  12.115 0.0000000000
135468  26.164  -9.900  11.421 0.0000000000
135483  25.340  -9.651  11.043 0.0000000000
135501  24.889  -9.801  10.814 0.0000000000
136666  28.348  -9.131  13.768 0.0000000000
136698  27.117  -9.128  11.985 0.0000000000
136714  26.038  -9.491  11.238 0.0000000000
136739  24.512  -9.207  10.687 0.0000000000
138017  28.594  -8.454  13.910 0.0000000000
138057  27.104  -8.257  11.787 0.0000000000
138068  26.236  -8.256  11.102 0.0000000000
138070  25.188  -8.482  10.886 0.0000000000
139241  29.972  -7.523  14.343 0.0000000000
139268  28.420  -7.607  13.465 0.0000000000
139301  25.869  -7.578  10.939 0.0000000000
139314  24.422  -7.834  10.675 0.0000000000
140419  28.841  -6.775  13.532 0.0000000000
140437  28.329  -6.773  13.273 0.0000000000
140448  27.224  -6.800  11.659 0.0000000000
140461  24.795  -6.905  10.728 0.0000000000
140471  24.310  -7.089  10.714 0.0000000000
141552  30.219  -5.210  13.974 0.0000000000
141567  29.972  -5.672  13.978 0.0000000000
141589  28.517  -5.641  13.396 0.0000000000
141614  26.551  -6.036  10.835 0.0000000000
142699  30.549  -5.028  13.966 0.0000000000
142714  30.007  -5.021  13.998 0.0000000000
142716  28.812  -5.166  13.265 0.0000000000
142735  28.711  -5.373  13.576 0.0000000000
142747  27.255  -5.307  11.510 0.0000000000
143855  30.729  -4.732  13.844 0.0000000000
143856  30.293  -4.838  13.925 0.0000000000
143883  29.225  -4.323  13.533 0.0000000000
143925  27.572  -4.387  11.521 0.0000000000
145096  31.318  -3.589  13.895 0.0000000000
145125  27.862  -3.048  12.066 0.0000000000
145145  27.973  -3.779  11.800 0.0000000000
145163  27.383  -3.381  11.248 0.0000000000
146371  31.638  -2.735  13.757 0.0000000000
146374  29.224  -2.634  13.509 0.0000000000
146391  27.825  -2.822  11.986 0.0000000000
146433  26.914  -2.570  10.524 0.0000000000
147541  29.171  -1.575  13.110 0.0000000000
147554  32.466  -1.982  13.002 0.0000000000
147555  28.923  -2.143  13.104 0.0000000000
147556  28.162  -2.019  12.238 0.0000000000
147569  32.956  -1.925  11.854 0.0000000000
147572  27.652  -1.938  10.937 0.0000000000
147593  26.906  -2.232  10.274 0.0000000000
148733  31.628  -1.109  13.364 0.0000000000
148735  30.414  -1.066  13.386 0.0000000000
148743  32.015  -0.810  13.103 0.0000000000
148744  28.978  -1.213  12.984 0.0000000000
148774  27.511  -1.235  10.385 0.0000000000
149879  30.737  -0.320  13.277 0.0000000000
149880  30.228  -0.212  13.236 0.0000000000
149890  32.115  -0.278  12.844 0.0000000000
149892  29.104  0.124  12.755 0.0000000000
151083  31.476  0.336  13.147 0.0000000000
151086  30.018  0.564  13.061 0.0000000000
151098  32.173  0.382  12.542 0.0000000000
151112  32.843  0.397  11.586 0.0000000000
152334  31.634  0.733  12.994 0.0000000000
152335  31.314  1.113  13.047 0.0000000000
152336  30.721  1.058  13.126 0.0000000000
152346  32.339  1.042  12.266 0.0000000000
152348  31.539  1.491  12.775 0.0000000000
152349  29.820  1.257  12.865 0.0000000000
152350  29.211  1.557  12.624 0.0000000000
152363  32.973  1.167  11.426 0.0000000000
153536  30.388  1.574  12.927 0.0000000000
153549  32.169  1.588  12.402 0.0000000000
153551  31.210  1.899  12.669 0.0000000000
153553  29.836  2.014  12.764 0.0000000000
153554  29.087  2.286  12.374 0.0000000000
153590  32.696  2.490  11.521 0.0000000000
153591  27.536  2.259  11.256 0.0000000000
154699  32.087  2.120  12.273 0.0000000000
154701  30.930  2.767  12.409 0.0000000000
154703  29.477  2.841  12.450 0.0000000000
154704  28.974  2.775  12.142 0.0000000000
154721  32.097  2.784  11.828 0.0000000000
154722  31.373  2.998  12.103 0.0000000000
154725  28.542  2.988  11.781 0.0000000000
154740  32.845  2.877  11.069 0.0000000000
154742  27.282  2.921  10.804 0.0000000000
154754  26.697  2.894  10.153 0.0000000000
154808  29.447  2.963  5.082 0.0000000000
154811  29.877  2.701  4.263 0.0000000000
154812  29.319  2.900  4.655 0.0000000000
155824  30.466  3.279  12.452 0.0000000000
155826  29.456  3.319  12.307 0.0000000000
155844  31.939  3.262  11.547 0.0000000000
155846  30.977  3.457  12.082 0.0000000000
155850  28.273  3.342  11.496 0.0000000000
155865  32.285  3.355  11.236 0.0000000000
155866  31.845  3.527  11.416 0.0000000000
155867  28.398  4.045  11.245 0.0000000000
155880  32.593  3.671  10.759 0.0000000000
155882  26.777  3.717  10.354 0.0000000000
155896  32.787  3.942  10.287 0.0000000000
155897  25.548  3.889  9.985 0.0000000000
155940  30.437  3.074  5.405 0.0000000000
155941  29.697  3.135  5.419 0.0000000000
155943  28.529  3.767  4.822 0.0000000000
155948  28.869  3.376  4.414 0.0000000000
155950  27.795  4.194  3.988 0.0000000000
155955  29.038  3.636  3.687 0.0000000000
155956  28.230  4.112  3.699 0.0000000000
155957  27.891  4.364  3.773 0.0000000000
157064  31.635  3.684  11.451 0.0000000000
157065  31.320  3.879  11.547 0.0000000000
157068  29.241  4.220  11.592 0.0000000000
157080  32.235  3.759  10.912 0.0000000000
157082  31.114  4.434  11.023 0.0000000000
157084  29.508  4.641  11.141 0.0000000000
157101  28.416  4.738  10.586 0.0000000000
157119  26.614  4.725  9.923 0.0000000000
157122  24.809  4.427  9.602 0.0000000000
157133  30.326  4.852  8.413 0.0000000000
157135  29.378  4.969  8.174 0.0000000000
157148  29.908  4.549  7.778 0.0000000000
157149  29.425  4.759  7.842 0.0000000000
157162  28.986  4.760  7.147 0.0000000000
157171  31.057  4.198  6.238 0.0000000000
157172  30.387  4.059  6.314 0.0000000000
157184  29.164  3.882  5.598 0.0000000000
157197  28.176  4.079  4.798 0.0000000000
157205  28.746  4.499  3.781 0.0000000000
157207  27.688  4.621  3.955 0.0000000000
158283  28.720  5.131  9.979 0.0000000000
158286  26.988  4.794  10.008 0.0000000000
158287  25.918  5.751  9.800 0.0000000000
158288  25.774  5.903  9.713 0.0000000000
158289  24.260  5.036  9.997 0.0000000000
158299  30.214  5.117  9.327 0.0000000000
158300  29.644  5.292  9.303 0.0000000000
158301  29.035  5.401  9.327 0.0000000000
158303  27.593  5.247  9.465 0.0000000000
158315  30.315  5.093  8.877 0.0000000000
158317  29.215  5.262  8.600 0.0000000000
158318  28.531  5.434  8.602 0.0000000000
158321  26.520  5.466  9.295 0.0000000000
158323  24.810  5.904  9.603 0.0000000000
158333  28.737  5.087  8.019 0.0000000000
158335  27.269  5.396  8.225 0.0000000000
158342  29.047  4.838  7.580 0.0000000000
158353  27.710  5.474  6.364 0.0000000000
158381  28.328  5.352  4.286 0.0000000000
158387  28.630  5.013  3.988 0.0000000000
158388  28.189  4.962  3.902 0.0000000000
158389  27.833  4.885  3.847 0.0000000000
159420  26.113  5.701  9.667 0.0000000000
159421  25.887  6.060  9.503 0.0000000000
159433  28.792  5.453  9.078 0.0000000000
159435  25.850  5.907  9.418 0.0000000000
159437  24.320  6.511  9.727 0.0000000000
159447  28.852  5.475  8.825 0.0000000000
159448  28.612  5.472  8.927 0.0000000000
159467  24.577  6.504  8.510 0.0000000000
159468  24.472  6.747  8.625 0.0000000000
159483  25.792  6.621  7.348 0.0000000000
160548  24.428  7.178  9.052 0.0000000000
160560  24.637  6.729  8.055 0.0000000000
160561  24.411  7.011  8.354 0.0000000000
160572  25.776  6.930  7.067 0.0000000000
160575  24.420  7.251  7.984 0.0000000000
160589  24.922  7.526  7.548 0.0000000000
160601  24.637  7.965  7.697 0.0000000000
161678  24.248  7.409  8.170 0.0000000000
161690  24.169  7.594  7.950 0.0000000000
205550  24.412  8.034  7.674 0.0000000000
