#!ascii label  , from subject sub-36 vox2ras=TkReg
1219
108156  20.317  -26.190  15.498 0.1428571492
108143  19.993  -26.477  16.202 0.1428571492
112271  19.940  -24.324  15.247 0.1428571492
106871  20.546  -26.832  15.502 0.1428571492
109511  20.419  -25.064  14.927 0.2857142985
109491  19.830  -25.500  15.713 0.1428571492
108155  20.864  -26.420  14.897 0.1428571492
113530  20.458  -23.562  14.648 0.5714285970
110977  21.082  -24.751  14.603 0.1428571492
113504  22.223  -23.587  15.049 0.2857142985
112268  22.018  -24.263  14.932 0.2857142985
114757  22.386  -22.881  15.214 0.1428571492
113491  22.738  -23.576  15.478 0.2857142985
118903  23.622  -20.634  14.752 0.2857142985
117460  23.387  -20.882  14.730 0.1428571492
117461  22.986  -21.081  14.437 0.2857142985
121677  24.614  -19.062  13.559 0.2857142985
120326  24.263  -19.692  14.055 0.2857142985
122840  24.950  -17.529  13.523 0.2857142985
122841  24.469  -18.064  13.186 0.2857142985
126376  25.802  -15.933  13.467 0.2857142985
130230  26.173  -13.570  12.947 0.8571428657
127658  25.862  -14.771  12.670 0.4285714328
123960  25.899  -16.878  13.652 0.2857142985
131600  26.628  -12.010  13.267 0.7142857313
130228  26.865  -12.444  13.631 0.7142857313
130229  26.496  -13.017  13.321 0.7142857313
128946  25.673  -14.078  12.293 0.7142857313
134196  27.869  -10.550  13.478 0.8571428657
132927  27.040  -11.349  13.152 0.5714285970
132941  26.553  -11.390  12.551 0.8571428657
131615  26.332  -12.185  12.775 0.7142857313
130244  26.210  -12.657  12.683 0.7142857313
136665  28.938  -9.169  14.258 0.4285714328
135441  27.731  -9.801  13.075 0.7142857313
134210  27.450  -10.326  13.006 0.8571428657
140397  30.984  -6.987  14.008 0.2857142985
139266  29.760  -7.105  14.037 0.5714285970
138039  28.200  -8.465  13.413 0.8571428657
139243  28.890  -7.939  13.983 0.7142857313
136687  27.948  -9.125  13.252 0.8571428657
141564  32.449  -5.906  13.656 0.1428571492
140415  32.106  -6.638  13.959 0.1428571492
140416  31.075  -6.479  14.028 0.4285714328
139267  29.115  -7.295  13.887 0.5714285970
139269  28.090  -8.027  13.131 0.8571428657
143910  33.044  -4.413  12.450 0.1428571492
141587  33.110  -5.797  12.589 0.1428571492
141588  32.812  -5.609  13.124 0.1428571492
141565  31.638  -5.864  13.956 0.4285714328
139281  28.115  -7.167  13.100 0.8571428657
145162  33.236  -3.563  10.755 0.1428571492
143937  33.341  -4.418  11.046 0.1428571492
145122  33.128  -3.835  12.135 0.1428571492
142711  32.479  -5.048  13.299 0.1428571492
143880  31.675  -4.312  13.882 0.4285714328
141551  30.698  -5.228  13.840 0.5714285970
141568  28.905  -5.962  13.691 0.7142857313
140438  27.914  -6.714  12.870 0.8571428657
146387  33.032  -2.996  12.138 0.1428571492
146409  33.133  -2.770  11.255 0.1428571492
145094  32.515  -3.581  13.250 0.1428571492
145095  31.950  -3.539  13.661 0.5714285970
142715  29.292  -5.084  13.968 0.8571428657
141569  28.592  -6.386  13.383 0.8571428657
141590  28.252  -5.996  13.110 0.8571428657
146431  33.249  -2.718  10.382 0.1428571492
147591  33.129  -1.746  10.876 0.2857142985
147553  32.799  -2.278  12.488 0.1428571492
147537  31.930  -1.970  13.461 0.8571428657
143881  30.985  -4.411  13.934 0.8571428657
142698  30.872  -4.976  14.004 0.7142857313
145098  29.678  -3.534  13.699 0.8571428657
149902  33.051  -0.276  11.266 0.1428571492
149935  33.367  -0.331  9.941 0.1428571492
148757  32.748  -1.037  12.170 0.4285714328
148734  30.994  -1.114  13.445 0.8571428657
147538  31.312  -1.896  13.730 0.8571428657
146373  30.105  -2.685  13.945 0.8571428657
145099  29.068  -3.543  13.112 0.8571428657
149889  32.487  -0.305  12.414 0.4285714328
147540  29.879  -1.764  13.731 0.8571428657
147539  30.615  -1.863  13.780 0.8571428657
146389  29.021  -2.362  13.086 0.8571428657
151129  33.172  0.411  11.043 0.1428571492
153571  32.973  1.629  11.509 0.2857142985
151113  32.537  0.373  12.094 0.5714285970
152347  31.838  1.072  12.698 0.8571428657
151099  31.824  0.336  12.909 0.8571428657
149878  31.261  -0.348  13.270 0.8571428657
148736  30.009  -1.039  13.183 0.8571428657
151085  30.499  0.446  13.217 0.8571428657
153589  33.123  1.886  11.085 0.2857142985
153572  32.665  1.781  11.894 0.7142857313
152364  32.639  0.965  11.845 0.5714285970
153550  31.742  1.786  12.552 0.8571428657
152337  30.258  1.090  13.050 0.8571428657
151101  28.885  1.161  12.284 0.8571428657
149891  29.910  -0.002  12.898 0.8571428657
154700  31.577  2.416  12.328 0.8571428657
154723  31.094  3.092  12.214 0.8571428657
153537  30.081  1.496  12.893 0.8571428657
153573  28.709  2.471  11.944 0.7142857313
152365  28.610  2.081  11.807 0.7142857313
155845  31.594  3.381  11.721 0.8571428657
155847  30.234  3.804  12.182 0.8571428657
154702  30.193  2.760  12.626 0.8571428657
155848  29.465  3.762  12.068 0.8571428657
157067  29.894  4.315  11.711 0.8571428657
154724  29.075  3.255  12.106 0.7142857313
157117  31.453  4.732  9.380 0.7142857313
157083  30.294  4.661  11.064 0.8571428657
157098  30.669  4.865  10.081 0.8571428657
158281  29.956  5.109  9.835 0.8571428657
157134  29.700  4.925  8.249 0.7142857313
155825  29.871  3.328  12.416 0.8571428657
157099  29.818  4.890  10.447 0.8571428657
157182  32.563  4.252  5.139 0.1428571492
157118  30.709  4.988  9.085 0.8571428657
157147  30.599  4.412  7.777 0.7142857313
157160  30.104  4.272  7.047 0.7142857313
158316  29.924  5.161  8.765 0.8571428657
157213  31.950  4.633  1.929 0.1428571492
155932  30.049  3.593  5.793 0.5714285970
154807  29.868  2.708  4.978 0.5714285970
155949  28.255  3.873  4.258 0.5714285970
154814  30.613  3.181  3.282 0.1428571492
158349  32.170  5.342  5.530 0.1428571492
157206  28.059  4.582  3.722 0.5714285970
159478  31.136  5.873  6.750 0.1428571492
160554  31.769  6.237  7.860 0.1428571492
158379  29.804  4.836  4.436 0.1428571492
160530  31.597  6.704  9.011 0.1428571492
157195  29.380  4.673  3.988 0.5714285970
159446  30.949  6.342  7.815 0.1428571492
160545  30.212  6.368  8.106 0.1428571492
160502  30.995  7.095  10.478 0.1428571492
160517  29.508  6.854  9.940 0.1428571492
106860  19.592  -27.347  16.431 0.1428571492
110995  20.529  -24.758  14.747 0.2857142985
109488  21.323  -25.576  14.770 0.1428571492
110975  22.295  -24.962  15.085 0.2857142985
112269  21.520  -24.202  14.678 0.2857142985
117442  23.767  -21.161  15.226 0.2857142985
117443  23.238  -21.321  15.003 0.2857142985
116042  22.745  -21.961  15.182 0.1428571492
125172  25.010  -16.392  13.141 0.2857142985
125173  24.590  -16.651  12.854 0.2857142985
127657  26.204  -14.740  13.141 0.4285714328
126402  25.393  -15.504  13.006 0.5714285970
134195  28.336  -10.282  13.766 0.2857142985
130245  25.844  -13.133  12.370 0.7142857313
138001  29.542  -8.478  14.560 0.1428571492
136688  27.564  -9.117  12.698 0.8571428657
140418  29.481  -6.554  13.840 0.7142857313
146370  32.259  -2.770  13.409 0.8571428657
145097  30.617  -3.684  13.755 0.8571428657
143884  28.547  -4.362  12.939 0.8571428657
146375  28.620  -2.978  12.741 0.8571428657
154741  32.478  2.895  11.427 0.8571428657
157097  31.659  4.465  10.318 0.8571428657
157132  31.082  4.697  8.489 0.8571428657
157159  30.853  4.247  7.009 0.7142857313
154806  30.589  2.796  4.667 0.2857142985
157204  29.666  4.139  3.679 0.1428571492
158350  31.419  5.229  5.530 0.1428571492
161650  32.636  7.483  9.446 0.1428571492
112270  21.124  -24.042  14.593 0.4285714328
114758  21.902  -22.926  14.625 0.2857142985
113506  21.366  -23.590  14.537 0.4285714328
113529  20.909  -23.518  14.484 0.2857142985
118902  24.070  -20.297  14.793 0.2857142985
120310  24.721  -19.720  14.805 0.2857142985
120350  24.262  -19.457  13.456 0.2857142985
120327  23.858  -19.982  13.945 0.2857142985
127678  25.380  -14.772  12.270 0.7142857313
142745  33.284  -5.156  11.459 0.1428571492
145180  33.397  -3.598  9.944 0.1428571492
147611  33.207  -1.885  9.934 0.1428571492
148756  33.002  -1.023  11.504 0.2857142985
148786  33.244  -1.036  10.299 0.1428571492
148732  32.119  -1.372  13.195 0.8571428657
142736  28.408  -5.169  13.031 0.8571428657
142737  27.999  -5.300  12.474 1.0000000000
151146  33.562  0.413  10.425 0.1428571492
152399  33.553  1.241  10.416 0.1428571492
154752  33.325  2.620  10.610 0.2857142985
151114  28.129  0.945  11.854 0.8571428657
155864  32.736  3.349  10.924 0.5714285970
157116  32.516  4.460  9.663 0.5714285970
157131  31.969  4.546  8.594 0.5714285970
157146  31.388  4.402  7.753 0.7142857313
155930  31.235  3.900  5.763 0.4285714328
157157  32.371  4.387  6.772 0.2857142985
157183  32.068  4.011  5.455 0.2857142985
155947  31.790  3.223  4.006 0.1428571492
154813  31.131  3.362  3.173 0.1428571492
157211  31.198  4.215  2.884 0.1428571492
159495  29.258  5.713  5.889 0.2857142985
158362  31.920  5.076  4.834 0.1428571492
159479  30.297  5.878  6.581 0.1428571492
160556  29.886  6.214  7.122 0.1428571492
160546  29.203  6.557  8.440 0.1428571492
159477  31.912  5.899  6.847 0.1428571492
161634  29.970  7.208  10.502 0.1428571492
161635  29.172  7.228  10.592 0.1428571492
161597  30.410  7.777  11.827 0.1428571492
155878  33.571  3.462  10.014 0.4285714328
157115  33.166  4.289  9.351 0.4285714328
157130  33.100  4.400  8.585 0.4285714328
157145  32.247  4.407  7.686 0.4285714328
157158  31.599  4.321  6.906 0.5714285970
109490  20.142  -25.366  15.396 0.1428571492
108144  19.204  -26.631  16.313 0.1428571492
112291  20.353  -24.197  14.896 0.4285714328
110979  19.664  -25.013  15.663 0.2857142985
112290  20.730  -24.147  14.601 0.5714285970
109487  21.891  -25.563  15.115 0.1428571492
113505  21.776  -23.635  14.707 0.1428571492
116043  22.150  -22.426  14.916 0.1428571492
118916  23.892  -20.065  14.229 0.2857142985
131616  26.096  -12.253  12.325 0.7142857313
135440  28.113  -9.785  13.564 0.8571428657
135453  27.338  -9.842  12.561 0.8571428657
139242  29.439  -7.826  14.248 0.5714285970
140417  30.265  -6.471  13.949 0.5714285970
143911  32.696  -4.344  13.017 0.2857142985
142734  32.894  -5.056  12.782 0.1428571492
142713  31.255  -5.097  13.917 0.1428571492
147570  32.644  -1.658  12.454 0.5714285970
143882  30.080  -4.418  13.949 0.8571428657
146372  30.927  -2.711  13.956 0.8571428657
149877  31.726  -0.301  13.135 0.8571428657
153535  30.843  1.567  12.912 0.8571428657
151084  31.007  0.396  13.237 0.8571428657
151100  29.479  0.729  12.785 0.8571428657
153552  30.574  2.126  12.768 0.8571428657
157081  31.802  3.915  11.075 0.8571428657
157066  30.677  4.196  11.696 0.8571428657
155951  32.468  3.736  3.591 0.1428571492
154816  29.312  3.024  4.061 0.5714285970
155942  29.102  3.454  5.147 0.5714285970
159476  32.666  6.007  6.854 0.1428571492
158380  29.002  5.154  4.398 0.4285714328
158351  30.731  5.157  5.531 0.1428571492
160529  32.302  6.874  8.935 0.1428571492
159444  32.487  6.339  8.007 0.1428571492
158378  30.633  4.598  4.393 0.1428571492
159494  30.080  5.463  5.855 0.1428571492
160531  30.762  6.649  9.057 0.1428571492
117421  24.226  -21.433  15.867 0.1428571492
157096  32.275  4.063  10.526 0.5714285970
114782  21.271  -22.907  14.252 0.4285714328
121678  24.163  -19.056  13.006 0.5714285970
160557  29.253  6.609  7.519 0.1428571492
121701  23.053  -18.958  12.496 0.5714285970
121702  22.173  -18.714  12.302 0.5714285970
121680  21.152  -18.706  12.801 0.2857142985
123982  23.277  -17.421  12.067 0.5714285970
122876  22.133  -17.461  11.902 0.5714285970
118941  21.336  -20.099  12.704 0.4285714328
122863  22.673  -17.900  11.971 0.5714285970
121681  20.837  -18.547  12.900 0.2857142985
122865  21.143  -17.731  12.367 0.4285714328
125191  24.218  -16.381  12.381 0.4285714328
125192  23.703  -16.567  12.070 0.5714285970
123996  22.793  -17.002  11.763 0.5714285970
125208  21.821  -16.134  11.953 0.4285714328
126422  24.098  -15.610  12.000 0.5714285970
126437  23.467  -15.480  12.057 0.5714285970
125206  23.192  -16.247  11.952 0.4285714328
127697  23.900  -14.766  11.759 0.7142857313
127698  23.034  -14.734  11.919 0.4285714328
127679  24.719  -14.750  11.910 0.4285714328
123983  21.841  -17.294  11.971 0.4285714328
123985  20.684  -17.108  12.203 0.2857142985
122866  20.555  -17.837  12.509 0.2857142985
125207  22.438  -16.189  11.846 0.4285714328
126421  24.645  -15.554  12.454 0.7142857313
128971  24.560  -13.846  11.660 0.7142857313
130298  23.424  -12.707  10.935 0.4285714328
131664  24.409  -12.109  10.920 0.7142857313
131672  23.417  -11.880  10.269 0.5714285970
132999  24.216  -11.287  10.602 0.7142857313
134265  23.002  -10.743  10.292 0.2857142985
130246  25.382  -13.599  12.157 0.5714285970
130275  25.018  -13.119  11.762 0.5714285970
131642  24.605  -12.553  11.422 0.7142857313
132962  25.407  -11.374  11.560 0.7142857313
135502  24.341  -9.874  10.591 0.7142857313
136728  25.054  -9.131  10.876 0.7142857313
136740  23.983  -9.268  10.412 0.7142857313
135503  23.805  -9.954  10.334 0.4285714328
138080  24.125  -8.597  10.680 0.4285714328
132960  26.349  -11.003  12.120 0.5714285970
135482  25.719  -9.797  11.288 0.5714285970
136727  25.704  -9.086  11.092 0.7142857313
138069  25.683  -8.290  11.066 0.7142857313
140459  26.194  -6.831  10.814 0.7142857313
139313  24.868  -8.141  10.726 0.7142857313
139303  24.659  -7.372  10.742 0.5714285970
141616  25.033  -6.131  10.663 0.5714285970
138040  27.827  -8.441  12.952 0.7142857313
136712  26.876  -8.696  11.595 0.5714285970
136713  26.500  -9.132  11.321 0.5714285970
138058  26.728  -8.247  11.357 0.7142857313
136726  26.046  -8.698  11.095 0.7142857313
140458  26.787  -6.811  11.151 0.8571428657
139315  23.722  -7.970  10.593 0.4285714328
141603  27.026  -6.046  11.332 0.7142857313
141615  25.814  -6.051  10.665 0.7142857313
142757  26.814  -5.280  11.112 0.7142857313
142759  25.382  -5.249  10.612 0.5714285970
142758  26.172  -5.174  10.814 0.7142857313
138048  27.464  -8.347  12.370 0.5714285970
139300  26.486  -7.551  11.102 0.7142857313
141602  27.415  -6.041  11.855 0.8571428657
142746  27.590  -5.300  12.002 0.8571428657
143926  27.060  -4.805  11.319 0.7142857313
143939  26.776  -4.317  10.907 0.5714285970
145182  26.015  -2.980  10.061 0.2857142985
141591  27.758  -6.017  12.443 0.7142857313
143913  27.832  -4.858  12.050 0.7142857313
147592  27.266  -2.075  10.352 0.7142857313
143924  27.776  -4.008  11.941 0.8571428657
143938  27.309  -3.866  10.953 0.8571428657
148745  28.528  -1.041  12.890 0.8571428657
145146  27.595  -3.446  11.852 0.8571428657
146432  27.328  -2.663  10.863 0.5714285970
147571  27.886  -1.854  11.598 0.8571428657
148759  27.843  -1.065  11.151 0.8571428657
147612  27.249  -1.631  10.039 0.7142857313
145124  28.251  -3.558  12.639 0.8571428657
146410  28.003  -2.416  11.897 0.8571428657
149905  27.927  -0.091  11.500 0.8571428657
148758  27.975  -0.980  12.009 0.8571428657
149904  28.579  0.046  12.060 0.8571428657
149920  27.635  -0.253  10.690 0.7142857313
155849  28.701  3.727  11.598 0.7142857313
155868  27.970  3.684  11.105 0.7142857313
157085  28.771  4.416  11.160 0.5714285970
154753  27.070  3.315  10.399 0.7142857313
157086  28.243  4.277  10.961 0.7142857313
157100  29.095  4.891  10.581 0.7142857313
158282  29.381  5.141  9.927 0.8571428657
158302  28.386  5.404  9.293 0.7142857313
157103  27.044  4.363  10.255 0.7142857313
158320  27.020  5.402  8.934 0.7142857313
159449  26.783  5.525  8.428 0.7142857313
159434  26.187  5.721  9.423 0.5714285970
158332  29.161  4.964  8.044 0.7142857313
158334  28.040  5.395  7.925 0.7142857313
159450  26.265  5.756  8.784 0.5714285970
158344  27.866  5.363  7.100 0.4285714328
159464  26.687  5.746  7.830 0.5714285970
159465  25.718  6.236  7.914 0.5714285970
158343  28.568  5.033  7.246 0.5714285970
159451  25.411  6.029  9.042 0.5714285970
159481  27.259  5.827  7.053 0.5714285970
159482  26.435  6.455  7.100 0.5714285970
159452  24.790  6.048  8.943 0.4285714328
159453  24.513  6.509  9.005 0.5714285970
158324  24.718  5.759  9.479 0.4285714328
160574  24.772  7.107  7.740 0.5714285970
160559  25.053  6.589  7.825 0.5714285970
159497  27.324  6.129  6.314 0.5714285970
161653  24.743  7.038  10.234 0.4285714328
159425  23.037  5.591  10.330 0.4285714328
161679  24.225  7.483  8.554 0.5714285970
160562  24.349  7.138  8.785 0.5714285970
163808  23.489  8.527  9.423 0.4285714328
128925  26.374  -14.034  13.297 0.2857142985
136699  26.850  -9.580  11.715 0.5714285970
163833  23.064  8.611  8.139 0.2857142985
162750  23.666  8.134  9.073 0.4285714328
162727  23.734  7.779  9.930 0.2857142985
120376  22.497  -19.526  12.671 0.5714285970
122861  24.024  -17.605  12.726 0.2857142985
122862  23.676  -18.071  12.451 0.4285714328
120377  21.780  -19.365  12.606 0.5714285970
123980  24.320  -17.174  12.765 0.2857142985
123981  23.813  -17.170  12.323 0.5714285970
120354  21.219  -19.091  12.833 0.2857142985
123998  21.646  -16.553  11.954 0.4285714328
126438  22.738  -15.481  12.152 0.4285714328
125209  21.322  -16.191  12.007 0.2857142985
130277  23.379  -13.227  11.408 0.5714285970
130217  27.447  -12.831  13.867 0.2857142985
132986  22.282  -11.485  11.103 0.2857142985
134264  23.664  -10.647  10.344 0.7142857313
143912  28.077  -4.433  12.293 0.8571428657
145164  26.933  -3.307  10.793 0.7142857313
153574  28.232  2.388  11.574 0.7142857313
154726  27.971  2.924  11.352 0.7142857313
153592  27.032  2.048  10.786 0.7142857313
158304  27.123  4.912  9.660 0.7142857313
158322  25.175  5.928  9.358 0.5714285970
159436  24.555  6.531  9.766 0.2857142985
157161  29.396  4.515  7.178 0.5714285970
158352  28.200  4.750  6.471 0.5714285970
157174  28.887  4.629  6.602 0.5714285970
158366  27.956  5.045  5.798 0.5714285970
160573  25.292  6.882  7.430 0.5714285970
160588  25.396  7.463  7.165 0.2857142985
127699  22.296  -14.768  11.820 0.4285714328
122842  24.066  -18.514  12.741 0.2857142985
134223  26.596  -10.587  12.160 0.7142857313
130274  25.386  -12.648  11.859 0.5714285970
139282  27.834  -7.579  12.780 0.7142857313
140447  27.604  -6.785  12.257 0.7142857313
139289  27.392  -7.556  12.032 0.7142857313
146390  28.209  -2.639  12.506 0.7142857313
159432  29.003  5.395  8.957 0.8571428657
126420  25.042  -15.147  12.404 0.5714285970
128947  25.175  -14.043  11.926 0.5714285970
151115  27.888  0.842  10.866 0.7142857313
132961  26.073  -11.447  11.987 0.5714285970
121700  23.734  -18.806  12.636 0.5714285970
120375  22.884  -19.403  12.696 0.4285714328
121703  21.407  -18.491  12.631 0.5714285970
122864  21.814  -17.805  12.153 0.4285714328
121704  20.986  -18.149  12.605 0.4285714328
122875  22.394  -17.336  11.787 0.5714285970
123997  22.033  -16.882  11.804 0.4285714328
117478  21.866  -21.146  12.901 0.5714285970
123984  21.408  -16.996  12.057 0.4285714328
125205  23.748  -16.067  12.057 0.5714285970
126440  21.431  -15.503  11.905 0.4285714328
128972  23.924  -13.853  11.567 0.5714285970
128973  23.249  -13.989  11.659 0.4285714328
130276  24.122  -12.940  11.370 0.7142857313
130297  23.865  -12.442  10.644 0.5714285970
130304  23.004  -12.388  10.750 0.4285714328
130299  22.825  -12.620  11.226 0.4285714328
130278  22.706  -13.334  11.510 0.4285714328
131641  24.979  -12.127  11.455 0.7142857313
132983  24.737  -11.244  11.084 0.7142857313
132985  22.696  -11.470  10.734 0.2857142985
132998  24.412  -10.882  10.814 0.7142857313
134242  25.819  -10.299  11.486 0.7142857313
134243  25.305  -10.440  11.191 0.7142857313
138079  24.694  -8.564  10.755 0.7142857313
135467  26.582  -9.989  11.696 0.5714285970
139302  25.123  -7.682  10.800 0.7142857313
140460  25.478  -6.869  10.707 0.7142857313
139290  26.973  -7.541  11.490 0.5714285970
141617  24.176  -6.324  10.624 0.2857142985
145165  26.384  -3.514  10.549 0.5714285970
143957  25.080  -3.679  10.079 0.2857142985
146411  27.653  -2.634  11.480 0.8571428657
157102  27.752  4.411  10.550 0.7142857313
158284  28.028  5.036  10.036 0.7142857313
158319  27.804  5.481  8.747 0.8571428657
160590  24.434  7.733  7.762 0.5714285970
161667  24.151  7.749  9.478 0.4285714328
127700  21.618  -14.809  11.659 0.4285714328
113507  20.037  -23.591  14.903 0.4285714328
121654  25.445  -18.648  14.327 0.1428571492
122818  24.989  -18.588  13.822 0.1428571492
122817  25.392  -17.947  13.863 0.1428571492
126375  26.257  -15.569  13.474 0.1428571492
123939  25.896  -17.415  13.830 0.1428571492
121653  25.808  -18.322  14.328 0.1428571492
126374  27.158  -15.660  13.964 0.1428571492
125148  26.112  -16.362  13.672 0.1428571492
123938  26.411  -17.065  14.060 0.1428571492
127636  26.668  -14.796  13.664 0.1428571492
131583  27.826  -11.944  13.905 0.2857142985
132910  28.634  -11.177  14.152 0.1428571492
152366  27.884  1.995  11.372 0.5714285970
164797  28.579  9.774  12.706 0.1428571492
151147  27.229  0.059  9.562 0.4285714328
164798  27.979  10.037  12.455 0.1428571492
160518  28.668  6.862  10.029 0.1428571492
153606  26.719  2.001  10.304 0.4285714328
154743  26.872  2.471  10.556 0.5714285970
154755  25.743  2.966  9.797 0.4285714328
163807  26.082  9.460  9.351 0.2857142985
161698  26.651  7.846  7.155 0.2857142985
159498  26.844  6.753  6.722 0.2857142985
161697  27.266  7.381  7.220 0.2857142985
153610  22.956  2.008  10.001 0.1428571492
155883  26.178  3.722  10.142 0.5714285970
158285  27.384  4.863  10.034 0.5714285970
205552  25.365  9.227  7.838 0.2857142985
158367  27.589  5.458  5.571 0.4285714328
155900  24.062  3.369  10.395 0.4285714328
157121  25.293  4.638  9.820 0.5714285970
162774  25.850  8.709  7.457 0.2857142985
155885  23.576  3.866  10.117 0.4285714328
157106  23.902  4.528  10.068 0.2857142985
165919  23.639  9.241  7.360 0.1428571492
160599  25.513  8.018  7.233 0.1428571492
161705  24.829  8.861  7.615 0.1428571492
157108  22.719  4.511  10.379 0.1428571492
158290  23.816  5.251  10.128 0.4285714328
164877  22.860  9.325  8.050 0.1428571492
165907  23.702  10.006  7.959 0.1428571492
164865  24.061  10.082  8.233 0.1428571492
158291  23.165  5.146  10.355 0.2857142985
163809  23.117  9.145  9.239 0.2857142985
163766  23.715  8.436  10.965 0.1428571492
164866  22.748  9.694  8.579 0.1428571492
165897  22.817  10.581  8.570 0.1428571492
164867  22.685  9.540  9.037 0.1428571492
165885  22.155  10.291  9.754 0.1428571492
165898  22.487  10.148  9.062 0.1428571492
114760  20.120  -23.113  14.561 0.4285714328
117444  19.691  -21.383  14.285 0.2857142985
121655  24.911  -19.156  14.330 0.1428571492
128909  26.824  -13.977  13.848 0.1428571492
152385  26.938  1.336  10.406 0.2857142985
157173  29.523  4.152  6.172 0.4285714328
160596  27.884  6.223  5.246 0.2857142985
164864  24.681  9.986  8.502 0.2857142985
161677  27.053  8.108  8.056 0.2857142985
165896  23.644  10.642  8.373 0.2857142985
116044  19.659  -22.013  14.316 0.2857142985
116021  23.138  -22.447  15.787 0.1428571492
114741  22.863  -22.876  15.687 0.1428571492
118901  24.791  -20.239  15.381 0.1428571492
121622  25.159  -19.499  14.751 0.1428571492
130218  27.041  -13.411  13.871 0.1428571492
155887  22.200  3.716  10.455 0.1428571492
151130  27.283  0.545  10.205 0.4285714328
154758  22.671  2.837  10.397 0.2857142985
158306  25.513  5.719  9.942 0.5714285970
157198  27.664  4.520  4.622 0.4285714328
164851  25.104  10.365  9.165 0.2857142985
163818  26.509  8.994  8.976 0.2857142985
160571  27.659  7.182  7.082 0.2857142985
161688  27.719  7.335  7.603 0.2857142985
163806  26.600  9.065  9.578 0.2857142985
163794  26.734  9.086  10.236 0.1428571492
164824  26.407  10.095  10.794 0.1428571492
162724  28.051  8.190  11.002 0.1428571492
165895  24.209  10.927  8.840 0.2857142985
162725  27.673  8.457  10.597 0.1428571492
163762  27.576  9.088  11.619 0.1428571492
160547  28.439  6.763  8.676 0.1428571492
161651  27.981  7.386  9.637 0.1428571492
134177  28.787  -10.486  14.018 0.2857142985
159513  28.556  5.661  4.690 0.4285714328
164840  25.204  10.625  9.584 0.2857142985
161687  28.206  7.154  7.676 0.2857142985
161664  27.928  7.239  8.915 0.1428571492
114783  20.509  -22.860  14.295 0.4285714328
131599  27.169  -11.948  13.661 0.4285714328
157185  28.525  4.373  5.481 0.4285714328
158382  27.709  5.218  4.265 0.2857142985
160585  28.266  6.312  6.002 0.2857142985
153607  26.233  2.029  9.907 0.4285714328
155881  27.325  3.732  10.563 0.5714285970
157104  26.495  4.255  10.204 0.5714285970
158305  26.215  5.353  9.700 0.5714285970
159505  27.445  5.798  5.308 0.2857142985
162761  23.929  7.709  8.301 0.4285714328
163796  23.575  8.167  9.905 0.2857142985
162782  24.287  8.409  7.470 0.2857142985
152384  27.359  1.436  10.895 0.5714285970
157120  25.979  4.613  9.932 0.5714285970
158307  24.800  5.243  9.846 0.5714285970
160587  26.176  7.398  6.754 0.2857142985
160598  25.863  7.980  6.986 0.2857142985
125147  26.707  -16.325  13.976 0.1428571492
122816  26.263  -17.975  14.353 0.1428571492
127635  27.281  -14.754  14.191 0.1428571492
152402  25.271  1.171  9.927 0.2857142985
163820  25.861  9.484  8.588 0.2857142985
162769  26.090  8.883  7.799 0.2857142985
160586  27.343  6.982  6.550 0.2857142985
154772  23.792  2.403  10.550 0.2857142985
154770  25.095  3.213  9.921 0.4285714328
164876  24.316  9.692  8.015 0.1428571492
155884  24.070  3.985  9.980 0.4285714328
155901  23.346  3.149  10.533 0.2857142985
155898  25.166  3.881  9.598 0.5714285970
157105  24.398  4.493  9.882 0.5714285970
158289  24.260  5.036  9.997 0.4285714328
114761  19.616  -22.903  14.653 0.2857142985
127605  27.970  -14.691  14.603 0.1428571492
151148  26.499  0.353  9.625 0.2857142985
162758  27.238  8.143  8.950 0.2857142985
162738  27.489  8.340  10.034 0.2857142985
163763  26.928  9.369  11.498 0.1428571492
141631  23.981  -6.854  10.662 0.4285714328
143941  25.096  -4.688  10.504 0.2857142985
169057  22.947  13.289  7.923 0.1428571492
165884  24.551  11.011  9.217 0.1428571492
170049  23.447  14.048  7.811 0.1428571492
167986  22.022  12.298  9.509 0.1428571492
169069  22.695  13.561  7.192 0.1428571492
168000  23.892  12.460  8.728 0.1428571492
167999  24.309  12.088  9.035 0.1428571492
168002  22.368  12.406  8.669 0.1428571492
167987  21.741  12.783  9.288 0.1428571492
168001  23.081  12.510  8.405 0.1428571492
170027  21.366  13.729  8.736 0.1428571492
171052  23.371  14.957  7.302 0.1428571492
166949  23.666  11.623  8.648 0.1428571492
169042  22.204  12.889  8.184 0.1428571492
171005  22.290  14.927  9.911 0.1428571492
171041  22.272  14.947  7.798 0.1428571492
169015  22.234  13.134  9.949 0.1428571492
171905  22.373  15.258  8.790 0.1428571492
170035  24.102  14.352  8.796 0.1428571492
126403  24.867  -15.863  12.928 0.2857142985
166936  24.842  11.343  9.743 0.1428571492
167985  24.041  12.915  8.945 0.1428571492
167971  24.812  12.596  9.686 0.1428571492
170026  21.673  14.226  9.135 0.1428571492
170016  22.613  13.971  9.981 0.1428571492
125190  24.622  -16.154  12.798 0.4285714328
116077  22.332  -21.705  13.493 0.2857142985
116063  22.499  -21.496  14.166 0.1428571492
118940  22.239  -20.266  12.813 0.2857142985
116076  22.624  -21.391  13.653 0.1428571492
120353  22.702  -20.009  12.915 0.2857142985
116065  21.442  -22.356  13.802 0.2857142985
158308  24.424  5.660  9.952 0.4285714328
121679  23.590  -19.292  12.848 0.2857142985
116078  21.648  -21.919  13.361 0.4285714328
118938  23.371  -20.130  13.409 0.1428571492
118918  23.067  -20.767  13.903 0.1428571492
116064  21.988  -22.124  14.269 0.1428571492
120352  23.120  -19.724  12.926 0.2857142985
118951  21.854  -19.884  12.628 0.4285714328
117477  22.496  -21.034  13.282 0.2857142985
154756  25.099  2.443  9.851 0.2857142985
116066  20.716  -22.060  13.763 0.2857142985
116067  20.124  -22.229  14.013 0.2857142985
116079  21.161  -21.950  13.462 0.2857142985
117462  20.412  -21.425  13.450 0.2857142985
117479  20.931  -21.268  13.121 0.2857142985
128974  22.529  -14.066  11.583 0.2857142985
130300  22.199  -12.750  11.456 0.2857142985
135504  23.171  -10.008  10.186 0.1428571492
136742  23.169  -9.539  10.188 0.1428571492
138081  23.534  -8.698  10.523 0.2857142985
143958  24.459  -4.259  10.375 0.1428571492
145183  25.254  -2.909  9.788 0.1428571492
147613  26.791  -1.903  9.932 0.1428571492
145196  25.124  -2.609  9.300 0.1428571492
148789  26.082  -1.466  9.400 0.1428571492
148807  25.824  -1.118  9.213 0.1428571492
151151  24.567  0.883  9.602 0.1428571492
153609  24.995  1.775  9.940 0.1428571492
153625  23.479  1.835  9.959 0.1428571492
152417  24.321  1.206  9.720 0.1428571492
159423  24.341  6.068  10.304 0.1428571492
159412  23.893  6.090  10.920 0.1428571492
160505  24.667  6.849  11.155 0.1428571492
160506  24.092  6.748  11.332 0.1428571492
161640  24.171  7.325  10.666 0.1428571492
149936  27.344  -0.434  9.990 0.2857142985
148808  25.075  -1.051  8.939 0.1428571492
153624  24.066  1.831  9.965 0.1428571492
113508  19.532  -23.622  15.077 0.2857142985
126439  22.036  -15.466  12.038 0.2857142985
128975  21.829  -14.056  11.561 0.2857142985
130279  22.051  -13.377  11.567 0.2857142985
138089  22.401  -8.711  10.224 0.1428571492
141618  23.380  -6.063  10.621 0.1428571492
142760  24.573  -5.414  10.634 0.1428571492
145166  22.782  -4.059  10.540 0.1428571492
145185  24.017  -3.340  10.088 0.1428571492
145198  23.964  -3.178  8.829 0.1428571492
146467  24.380  -2.168  8.735 0.1428571492
151165  26.232  -0.140  9.266 0.1428571492
152418  23.787  1.186  9.567 0.1428571492
159413  22.966  6.013  10.802 0.1428571492
159424  23.522  5.755  10.374 0.1428571492
139316  23.154  -8.096  10.518 0.1428571492
146449  26.273  -2.381  10.045 0.1428571492
158292  22.650  5.229  10.343 0.1428571492
148806  26.191  -0.818  9.284 0.1428571492
152401  25.933  1.180  9.935 0.1428571492
117463  19.986  -21.390  13.848 0.2857142985
131643  21.343  -12.574  11.453 0.1428571492
147615  25.788  -2.071  9.333 0.1428571492
145186  22.996  -3.525  10.169 0.1428571492
114742  18.821  -22.988  15.467 0.1428571492
114762  19.115  -22.985  15.026 0.1428571492
116023  18.573  -22.192  15.555 0.1428571492
116045  19.143  -22.146  14.823 0.1428571492
118943  20.247  -20.240  13.472 0.1428571492
135417  29.080  -9.899  14.204 0.1428571492
134175  29.741  -10.315  14.471 0.1428571492
155908  34.109  3.609  8.620 0.1428571492
112273  19.024  -24.134  15.595 0.1428571492
117445  19.489  -21.348  14.700 0.1428571492
118920  19.961  -20.282  13.825 0.1428571492
118942  20.546  -20.247  13.127 0.1428571492
118904  19.732  -20.813  14.335 0.1428571492
121682  20.194  -18.816  13.093 0.1428571492
154751  33.769  2.865  10.029 0.1428571492
157129  33.752  4.257  7.963 0.1428571492
122843  20.256  -18.212  12.819 0.1428571492
153604  34.106  2.083  9.668 0.1428571492
112272  19.420  -24.230  15.436 0.1428571492
136647  29.614  -9.211  14.619 0.1428571492
120355  20.736  -19.396  13.099 0.1428571492
125193  20.803  -16.373  12.067 0.1428571492
114784  19.964  -22.668  14.279 0.1428571492
113509  19.073  -23.631  15.336 0.1428571492
116022  18.824  -22.477  15.155 0.1428571492
120356  20.106  -19.650  13.415 0.1428571492
108157  19.957  -25.868  15.757 0.1428571492
109489  20.558  -25.452  14.874 0.2857142985
109512  20.341  -25.196  15.082 0.2857142985
110976  21.715  -24.904  14.809 0.1428571492
110978  19.996  -24.907  15.317 0.1428571492
110996  20.218  -24.844  15.047 0.1428571492
114759  21.614  -23.277  14.456 0.1428571492
116041  23.373  -21.640  15.343 0.2857142985
116046  18.834  -22.020  15.170 0.1428571492
117476  22.774  -21.051  13.791 0.1428571492
118917  23.480  -20.388  14.104 0.2857142985
118919  20.305  -20.810  13.434 0.1428571492
118939  22.937  -20.459  13.350 0.2857142985
118950  22.090  -19.764  12.639 0.5714285970
120351  23.788  -19.752  13.434 0.2857142985
123962  24.744  -17.134  13.217 0.2857142985
123995  23.403  -16.905  11.928 0.5714285970
125171  25.597  -16.369  13.411 0.2857142985
126401  25.918  -15.140  13.084 0.4285714328
127680  24.366  -15.187  11.988 0.7142857313
127696  24.295  -14.318  11.664 0.4285714328
128926  26.059  -14.066  12.756 0.7142857313
130301  21.714  -12.837  11.496 0.1428571492
130302  23.672  -12.203  10.315 0.5714285970
130303  23.360  -12.374  10.429 0.4285714328
131640  25.676  -12.186  11.868 0.5714285970
131663  24.641  -11.775  11.097 0.7142857313
131665  22.672  -12.007  10.930 0.2857142985
131667  21.673  -12.251  11.462 0.1428571492
131671  23.977  -11.922  10.277 0.5714285970
131673  22.990  -11.947  10.519 0.4285714328
132909  29.041  -10.921  14.285 0.2857142985
132911  28.108  -11.261  13.820 0.1428571492
132926  27.563  -11.320  13.530 0.5714285970
132942  26.263  -11.824  12.405 0.5714285970
132984  24.499  -11.611  10.914 0.7142857313
133000  23.558  -11.321  10.328 0.2857142985
133001  23.039  -11.413  10.384 0.2857142985
134176  29.356  -10.490  14.287 0.2857142985
134178  28.334  -10.754  13.858 0.1428571492
134197  27.392  -10.839  13.163 0.8571428657
134211  27.034  -10.615  12.674 0.8571428657
134224  26.188  -10.577  11.789 0.5714285970
134225  25.756  -10.827  11.612 0.7142857313
134244  22.705  -11.029  10.543 0.2857142985
134262  24.647  -10.466  10.830 0.7142857313
134263  24.160  -10.521  10.618 0.7142857313
135395  29.997  -9.886  14.648 0.1428571492
135416  29.517  -9.892  14.418 0.1428571492
135418  28.568  -9.799  13.969 0.1428571492
135454  26.931  -9.966  12.115 0.7142857313
135468  26.164  -9.900  11.421 0.5714285970
135483  25.340  -9.651  11.043 0.5714285970
135501  24.889  -9.801  10.814 0.7142857313
135516  22.869  -9.860  10.142 0.1428571492
136648  29.254  -8.822  14.501 0.4285714328
136664  29.270  -9.552  14.406 0.1428571492
136666  28.348  -9.131  13.768 0.8571428657
136698  27.117  -9.128  11.985 0.8571428657
136714  26.038  -9.491  11.238 0.5714285970
136739  24.512  -9.207  10.687 0.7142857313
136741  23.407  -9.362  10.282 0.4285714328
136753  22.577  -9.248  10.157 0.1428571492
138016  29.088  -8.448  14.264 0.1428571492
138017  28.594  -8.454  13.910 0.7142857313
138057  27.104  -8.257  11.787 0.7142857313
138068  26.236  -8.256  11.102 0.7142857313
138070  25.188  -8.482  10.886 0.7142857313
138082  22.953  -8.817  10.321 0.2857142985
139228  29.873  -8.083  14.560 0.1428571492
139241  29.972  -7.523  14.343 0.5714285970
139265  30.225  -6.940  13.823 0.2857142985
139268  28.420  -7.607  13.465 0.8571428657
139301  25.869  -7.578  10.939 0.7142857313
139314  24.422  -7.834  10.675 0.7142857313
140396  31.581  -7.086  14.185 0.1428571492
140419  28.841  -6.775  13.532 0.7142857313
140437  28.329  -6.773  13.273 0.8571428657
140448  27.224  -6.800  11.659 0.7142857313
140461  24.795  -6.905  10.728 0.7142857313
140471  24.310  -7.089  10.714 0.5714285970
140472  23.870  -7.296  10.688 0.1428571492
141552  30.219  -5.210  13.974 0.8571428657
141566  30.894  -5.856  13.863 0.4285714328
141567  29.972  -5.672  13.978 0.5714285970
141589  28.517  -5.641  13.396 0.8571428657
141614  26.551  -6.036  10.835 0.7142857313
141632  23.595  -6.734  10.643 0.1428571492
142699  30.549  -5.028  13.966 0.7142857313
142712  31.986  -5.077  13.786 0.1428571492
142714  30.007  -5.021  13.998 0.8571428657
142716  28.812  -5.166  13.265 0.8571428657
142733  33.157  -5.139  12.146 0.1428571492
142735  28.711  -5.373  13.576 0.8571428657
142747  27.255  -5.307  11.510 0.8571428657
142756  33.462  -5.222  10.849 0.1428571492
142761  23.782  -5.440  10.685 0.1428571492
143855  30.729  -4.732  13.844 0.7142857313
143856  30.293  -4.838  13.925 0.7142857313
143879  32.213  -4.311  13.498 0.4285714328
143883  29.225  -4.323  13.533 0.8571428657
143923  33.205  -4.438  11.797 0.1428571492
143925  27.572  -4.387  11.521 0.8571428657
143940  25.739  -4.094  10.615 0.2857142985
143956  25.563  -3.259  10.083 0.2857142985
143959  23.672  -4.091  10.502 0.1428571492
143960  23.102  -4.181  10.561 0.1428571492
145096  31.318  -3.589  13.895 0.8571428657
145123  32.981  -3.667  12.715 0.1428571492
145125  27.862  -3.048  12.066 0.8571428657
145144  33.168  -3.672  11.521 0.1428571492
145145  27.973  -3.779  11.800 0.8571428657
145163  27.383  -3.381  11.248 0.8571428657
145179  33.688  -3.976  9.430 0.1428571492
145181  26.485  -2.840  10.427 0.2857142985
145184  24.541  -3.149  9.958 0.1428571492
145195  33.543  -3.418  9.268 0.1428571492
145197  24.926  -2.855  9.051 0.1428571492
145199  23.542  -3.053  9.608 0.1428571492
146371  31.638  -2.735  13.757 0.8571428657
146374  29.224  -2.634  13.509 0.8571428657
146388  32.777  -2.861  12.906 0.1428571492
146391  27.825  -2.822  11.986 0.7142857313
146433  26.914  -2.570  10.524 0.5714285970
146448  26.652  -2.365  10.279 0.1428571492
146450  25.864  -2.495  9.628 0.1428571492
146465  25.453  -2.419  9.279 0.1428571492
146466  24.999  -2.261  9.036 0.1428571492
147541  29.171  -1.575  13.110 0.8571428657
147554  32.466  -1.982  13.002 0.8571428657
147555  28.923  -2.143  13.104 0.8571428657
147556  28.162  -2.019  12.238 0.8571428657
147569  32.956  -1.925  11.854 0.5714285970
147572  27.652  -1.938  10.937 0.7142857313
147593  26.906  -2.232  10.274 0.7142857313
147614  26.177  -1.894  9.575 0.1428571492
147631  25.872  -1.670  9.302 0.1428571492
147632  25.419  -1.766  9.059 0.1428571492
148733  31.628  -1.109  13.364 0.8571428657
148735  30.414  -1.066  13.386 0.8571428657
148742  32.392  -1.053  12.770 0.4285714328
148743  32.015  -0.810  13.103 0.8571428657
148744  28.978  -1.213  12.984 0.8571428657
148773  33.165  -0.873  10.924 0.2857142985
148774  27.511  -1.235  10.385 0.7142857313
148787  27.096  -1.164  9.826 0.2857142985
148788  26.447  -1.170  9.495 0.1428571492
149879  30.737  -0.320  13.277 0.8571428657
149880  30.228  -0.212  13.236 0.8571428657
149890  32.115  -0.278  12.844 0.8571428657
149892  29.104  0.124  12.755 0.8571428657
149903  32.832  -0.298  11.876 0.4285714328
149919  33.316  -0.289  10.663 0.1428571492
149937  26.908  -0.488  9.516 0.1428571492
149952  26.425  -0.464  9.312 0.1428571492
149953  26.006  -0.505  9.228 0.1428571492
149954  25.451  -0.474  9.100 0.1428571492
151083  31.476  0.336  13.147 0.8571428657
151086  30.018  0.564  13.061 0.8571428657
151098  32.173  0.382  12.542 0.8571428657
151112  32.843  0.397  11.586 0.5714285970
151131  26.784  0.841  10.111 0.2857142985
151145  33.759  0.750  9.964 0.1428571492
151149  25.592  0.513  9.686 0.1428571492
151150  24.931  0.705  9.603 0.1428571492
151166  25.842  -0.006  9.299 0.1428571492
152334  31.634  0.733  12.994 0.8571428657
152335  31.314  1.113  13.047 0.8571428657
152336  30.721  1.058  13.126 0.8571428657
152346  32.339  1.042  12.266 0.8571428657
152348  31.539  1.491  12.775 0.8571428657
152349  29.820  1.257  12.865 0.8571428657
152350  29.211  1.557  12.624 0.8571428657
152363  32.973  1.167  11.426 0.5714285970
152383  33.298  1.030  10.893 0.2857142985
152398  33.923  1.335  9.847 0.1428571492
152400  26.502  1.270  10.077 0.2857142985
152403  24.735  1.200  9.877 0.2857142985
152419  23.056  1.173  9.610 0.1428571492
153536  30.388  1.574  12.927 0.8571428657
153549  32.169  1.588  12.402 0.8571428657
153551  31.210  1.899  12.669 0.8571428657
153553  29.836  2.014  12.764 0.8571428657
153554  29.087  2.286  12.374 0.7142857313
153590  32.696  2.490  11.521 0.8571428657
153591  27.536  2.259  11.256 0.7142857313
153605  33.620  2.010  10.267 0.1428571492
153608  25.544  1.922  9.881 0.1428571492
153623  24.561  1.783  9.967 0.1428571492
154699  32.087  2.120  12.273 0.8571428657
154701  30.930  2.767  12.409 0.8571428657
154703  29.477  2.841  12.450 0.8571428657
154704  28.974  2.775  12.142 0.7142857313
154721  32.097  2.784  11.828 0.8571428657
154722  31.373  2.998  12.103 0.8571428657
154725  28.542  2.988  11.781 0.7142857313
154740  32.845  2.877  11.069 0.8571428657
154742  27.282  2.921  10.804 0.5714285970
154754  26.697  2.894  10.153 0.7142857313
154757  24.791  2.156  9.955 0.1428571492
154768  34.227  2.823  9.237 0.1428571492
154769  25.377  3.498  9.833 0.4285714328
154771  24.543  2.609  10.139 0.2857142985
154773  23.331  2.568  10.017 0.2857142985
154805  31.125  2.996  4.241 0.2857142985
154808  29.447  2.963  5.082 0.5714285970
154809  31.151  3.133  3.573 0.1428571492
154810  30.542  2.810  3.875 0.1428571492
154811  29.877  2.701  4.263 0.5714285970
154812  29.319  2.900  4.655 0.5714285970
154815  29.844  3.026  3.600 0.1428571492
155824  30.466  3.279  12.452 0.8571428657
155826  29.456  3.319  12.307 0.8571428657
155844  31.939  3.262  11.547 0.8571428657
155846  30.977  3.457  12.082 0.8571428657
155850  28.273  3.342  11.496 0.7142857313
155865  32.285  3.355  11.236 0.5714285970
155866  31.845  3.527  11.416 0.8571428657
155867  28.398  4.045  11.245 0.5714285970
155879  33.184  3.397  10.515 0.2857142985
155880  32.593  3.671  10.759 0.5714285970
155882  26.777  3.717  10.354 0.5714285970
155886  22.949  3.775  10.273 0.4285714328
155894  33.830  3.500  9.526 0.1428571492
155895  33.266  3.914  9.825 0.4285714328
155896  32.787  3.942  10.287 0.5714285970
155897  25.548  3.889  9.985 0.5714285970
155899  24.555  3.700  9.829 0.4285714328
155909  33.551  4.005  9.201 0.4285714328
155931  30.768  3.690  5.780 0.4285714328
155933  29.494  3.603  5.641 0.4285714328
155938  32.144  3.778  5.103 0.1428571492
155939  31.453  3.445  5.135 0.1428571492
155940  30.437  3.074  5.405 0.5714285970
155941  29.697  3.135  5.419 0.5714285970
155943  28.529  3.767  4.822 0.5714285970
155946  32.306  3.675  4.551 0.1428571492
155948  28.869  3.376  4.414 0.5714285970
155950  27.795  4.194  3.988 0.5714285970
155952  31.726  3.480  3.068 0.1428571492
155953  31.070  3.769  2.973 0.1428571492
155954  30.122  3.632  3.379 0.1428571492
155955  29.038  3.636  3.687 0.5714285970
155956  28.230  4.112  3.699 0.5714285970
155957  27.891  4.364  3.773 0.5714285970
155958  32.500  3.994  2.662 0.1428571492
155959  31.774  4.036  2.222 0.1428571492
155960  31.354  4.160  2.549 0.1428571492
155961  32.395  4.341  2.141 0.1428571492
155962  32.146  4.411  1.959 0.1428571492
157064  31.635  3.684  11.451 0.8571428657
157065  31.320  3.879  11.547 0.8571428657
157068  29.241  4.220  11.592 0.8571428657
157080  32.235  3.759  10.912 0.5714285970
157082  31.114  4.434  11.023 0.8571428657
157084  29.508  4.641  11.141 0.8571428657
157101  28.416  4.738  10.586 0.7142857313
157107  23.341  4.517  10.238 0.2857142985
157119  26.614  4.725  9.923 0.5714285970
157122  24.809  4.427  9.602 0.5714285970
157133  30.326  4.852  8.413 0.8571428657
157135  29.378  4.969  8.174 0.7142857313
157148  29.908  4.549  7.778 0.7142857313
157149  29.425  4.759  7.842 0.7142857313
157162  28.986  4.760  7.147 0.5714285970
157170  31.721  4.208  5.982 0.2857142985
157171  31.057  4.198  6.238 0.5714285970
157172  30.387  4.059  6.314 0.5714285970
157184  29.164  3.882  5.598 0.5714285970
157186  27.712  4.911  5.260 0.4285714328
157187  27.447  5.176  5.192 0.4285714328
157192  32.828  4.293  4.222 0.1428571492
157193  30.903  4.410  3.789 0.1428571492
157194  30.164  4.408  3.965 0.1428571492
157196  28.941  4.881  3.954 0.4285714328
157197  28.176  4.079  4.798 0.5714285970
157199  27.369  4.956  4.953 0.4285714328
157201  33.047  4.361  3.256 0.1428571492
157202  31.310  4.514  3.199 0.1428571492
157203  30.664  4.090  3.436 0.1428571492
157205  28.746  4.499  3.781 0.5714285970
157207  27.688  4.621  3.955 0.5714285970
157209  32.939  4.719  2.347 0.1428571492
157210  31.590  4.558  2.475 0.1428571492
157212  32.397  4.671  1.953 0.1428571492
158272  22.107  5.321  10.480 0.1428571492
158283  28.720  5.131  9.979 0.8571428657
158286  26.988  4.794  10.008 0.5714285970
158287  25.918  5.751  9.800 0.5714285970
158288  25.774  5.903  9.713 0.5714285970
158299  30.214  5.117  9.327 0.8571428657
158300  29.644  5.292  9.303 0.8571428657
158301  29.035  5.401  9.327 0.8571428657
158303  27.593  5.247  9.465 0.7142857313
158315  30.315  5.093  8.877 0.8571428657
158317  29.215  5.262  8.600 0.8571428657
158318  28.531  5.434  8.602 0.7142857313
158321  26.520  5.466  9.295 0.5714285970
158323  24.810  5.904  9.603 0.5714285970
158333  28.737  5.087  8.019 0.7142857313
158335  27.269  5.396  8.225 0.7142857313
158342  29.047  4.838  7.580 0.5714285970
158353  27.710  5.474  6.364 0.5714285970
158363  31.108  4.830  4.940 0.1428571492
158364  30.185  4.990  5.087 0.1428571492
158365  29.501  5.176  4.882 0.4285714328
158368  27.290  5.384  5.095 0.4285714328
158377  31.619  4.786  3.935 0.1428571492
158381  28.328  5.352  4.286 0.5714285970
158383  27.165  5.290  4.670 0.2857142985
158385  32.391  5.255  3.348 0.1428571492
158386  31.854  5.024  2.902 0.1428571492
158387  28.630  5.013  3.988 0.5714285970
158388  28.189  4.962  3.902 0.5714285970
158389  27.833  4.885  3.847 0.5714285970
158391  32.547  5.202  2.576 0.1428571492
158392  32.028  5.070  2.184 0.1428571492
158393  32.480  4.983  2.096 0.1428571492
158394  32.227  4.904  1.888 0.1428571492
159410  24.741  6.852  10.658 0.1428571492
159411  24.554  6.608  10.746 0.1428571492
159420  26.113  5.701  9.667 0.5714285970
159421  25.887  6.060  9.503 0.5714285970
159422  24.661  6.692  10.352 0.2857142985
159433  28.792  5.453  9.078 0.8571428657
159435  25.850  5.907  9.418 0.5714285970
159437  24.320  6.511  9.727 0.5714285970
159443  32.772  6.442  8.037 0.1428571492
159445  31.280  6.402  7.873 0.1428571492
159447  28.852  5.475  8.825 0.7142857313
159448  28.612  5.472  8.927 0.7142857313
159459  32.895  6.323  7.601 0.1428571492
159460  32.164  6.130  7.598 0.1428571492
159461  31.421  6.125  7.532 0.1428571492
159462  30.649  6.130  7.323 0.1428571492
159463  27.414  5.539  7.615 0.4285714328
159466  25.175  6.209  8.279 0.4285714328
159467  24.577  6.504  8.510 0.5714285970
159468  24.472  6.747  8.625 0.5714285970
159480  29.705  5.866  6.304 0.1428571492
159483  25.792  6.621  7.348 0.5714285970
159491  32.427  5.700  6.138 0.1428571492
159492  31.655  5.656  6.123 0.1428571492
159493  30.884  5.569  6.050 0.1428571492
159496  28.661  5.813  5.711 0.4285714328
159502  29.568  5.313  5.396 0.1428571492
159503  28.954  5.508  5.169 0.4285714328
159504  28.363  5.926  5.223 0.4285714328
159506  27.107  5.635  4.903 0.2857142985
159514  28.020  5.982  4.649 0.2857142985
159515  27.262  5.899  4.683 0.2857142985
159516  27.050  5.643  4.664 0.2857142985
160503  30.602  7.144  10.469 0.1428571492
160504  24.853  6.964  10.937 0.1428571492
160515  31.278  6.795  9.816 0.1428571492
160516  30.419  6.909  9.995 0.1428571492
160519  28.267  7.150  9.901 0.1428571492
160520  24.981  6.789  10.560 0.4285714328
160521  24.905  7.312  11.034 0.1428571492
160522  24.839  7.161  11.459 0.1428571492
160532  29.846  6.594  9.150 0.1428571492
160533  28.956  6.505  9.313 0.1428571492
160534  28.305  6.892  9.424 0.1428571492
160535  24.665  7.112  9.917 0.4285714328
160536  24.550  7.169  9.683 0.4285714328
160543  31.959  6.426  8.278 0.1428571492
160544  31.186  6.582  8.270 0.1428571492
160548  24.428  7.178  9.052 0.5714285970
160555  31.531  6.368  7.960 0.1428571492
160558  28.600  6.905  7.923 0.2857142985
160560  24.637  6.729  8.055 0.5714285970
160561  24.411  7.011  8.354 0.5714285970
160568  29.750  6.021  6.655 0.1428571492
160569  29.149  6.213  6.578 0.2857142985
160570  28.294  6.895  7.079 0.2857142985
160572  25.776  6.930  7.067 0.5714285970
160575  24.420  7.251  7.984 0.5714285970
160584  28.916  6.251  6.073 0.2857142985
160589  24.922  7.526  7.548 0.5714285970
160597  27.676  6.141  5.780 0.2857142985
160600  24.981  8.031  7.523 0.1428571492
160601  24.637  7.965  7.697 0.5714285970
160608  27.595  6.186  4.887 0.2857142985
160609  27.532  6.054  5.157 0.2857142985
161616  30.565  7.470  10.900 0.1428571492
161618  28.993  7.696  11.203 0.1428571492
161619  28.431  7.980  11.268 0.1428571492
161620  24.968  7.179  10.898 0.1428571492
161621  25.000  7.019  11.039 0.1428571492
161633  30.364  7.182  10.468 0.1428571492
161636  28.154  7.548  10.519 0.1428571492
161637  27.711  8.014  10.272 0.1428571492
161638  24.858  7.130  10.591 0.4285714328
161639  24.664  7.308  10.740 0.1428571492
161652  27.650  7.822  9.881 0.1428571492
161654  24.594  7.287  9.995 0.4285714328
161655  23.989  7.845  9.965 0.1428571492
161665  27.560  7.719  9.215 0.1428571492
161666  24.398  7.407  9.270 0.4285714328
161675  28.089  7.234  8.189 0.2857142985
161676  27.429  7.732  8.380 0.2857142985
161678  24.248  7.409  8.170 0.5714285970
161680  24.062  7.804  8.918 0.4285714328
161689  27.128  7.788  7.684 0.2857142985
161690  24.169  7.594  7.950 0.5714285970
161691  23.962  7.632  8.098 0.4285714328
161699  26.131  8.310  7.197 0.2857142985
161703  26.122  8.060  6.914 0.2857142985
161704  25.689  8.390  7.267 0.2857142985
162698  28.086  8.815  11.529 0.1428571492
162713  27.819  8.649  11.203 0.1428571492
162726  27.343  8.814  10.214 0.2857142985
162728  23.568  7.881  10.390 0.2857142985
162739  27.157  8.753  9.758 0.2857142985
162740  23.758  7.961  9.643 0.4285714328
162748  27.347  8.221  9.504 0.2857142985
162749  26.970  8.612  9.197 0.2857142985
162759  26.854  8.469  8.485 0.2857142985
162760  26.466  8.814  8.138 0.2857142985
162762  23.640  8.014  8.348 0.4285714328
162768  26.689  8.372  7.776 0.2857142985
162770  23.536  7.937  8.040 0.4285714328
162773  26.323  8.481  7.397 0.2857142985
162778  25.442  8.832  7.492 0.2857142985
163779  27.299  8.966  11.078 0.1428571492
163780  26.673  9.339  10.907 0.1428571492
163781  26.349  9.628  10.478 0.1428571492
163793  27.168  8.963  10.605 0.1428571492
163819  26.064  9.344  8.817 0.2857142985
163821  23.095  8.825  8.709 0.1428571492
163822  22.853  9.293  8.865 0.2857142985
163830  26.417  8.980  8.519 0.2857142985
163831  26.073  9.178  8.285 0.2857142985
163832  25.759  9.464  8.323 0.2857142985
163839  25.751  9.259  7.996 0.2857142985
163840  23.336  8.188  7.976 0.2857142985
164809  26.667  9.977  11.266 0.1428571492
164839  25.647  10.209  9.693 0.2857142985
164850  25.752  9.834  9.082 0.2857142985
164852  24.619  10.566  9.006 0.2857142985
164853  22.751  9.566  9.554 0.1428571492
164862  25.839  9.631  8.872 0.2857142985
164863  25.541  9.812  8.655 0.2857142985
164875  25.441  9.575  8.220 0.2857142985
164880  23.676  8.423  7.512 0.2857142985
164881  23.155  8.867  7.543 0.2857142985
164885  23.736  8.819  7.331 0.2857142985
164890  24.055  8.790  7.326 0.2857142985
165835  27.514  10.760  12.201 0.1428571492
165857  26.106  10.536  10.735 0.1428571492
165871  25.198  10.968  9.969 0.1428571492
165872  22.480  10.425  10.547 0.1428571492
165883  24.876  10.976  9.535 0.1428571492
165906  23.997  9.807  7.903 0.1428571492
165908  23.039  10.103  8.063 0.1428571492
165912  24.231  9.488  7.703 0.1428571492
165913  23.808  9.649  7.606 0.1428571492
165914  23.161  9.746  7.462 0.1428571492
165918  24.127  9.109  7.439 0.1428571492
165924  24.086  8.968  7.350 0.2857142985
166923  24.918  11.808  9.945 0.1428571492
166924  24.644  12.162  9.586 0.1428571492
166937  24.577  11.692  9.410 0.1428571492
166948  24.224  11.639  8.948 0.1428571492
166950  22.987  11.508  8.609 0.1428571492
167984  24.369  12.562  9.248 0.1428571492
168003  21.852  12.748  8.983 0.1428571492
168013  22.866  12.872  8.123 0.1428571492
168014  22.595  12.816  8.090 0.1428571492
169014  22.880  13.401  10.184 0.1428571492
169016  21.666  13.384  9.620 0.1428571492
169027  21.744  12.933  9.548 0.1428571492
169028  21.521  13.162  9.127 0.1428571492
169040  23.736  13.319  8.739 0.1428571492
169041  23.410  13.030  8.404 0.1428571492
169043  21.812  13.172  8.415 0.1428571492
169056  23.410  13.577  8.286 0.1428571492
169058  22.135  13.256  7.657 0.1428571492
169059  21.763  13.598  7.957 0.1428571492
169070  22.199  13.932  7.125 0.1428571492
170017  22.027  13.932  9.590 0.1428571492
170018  21.467  13.728  9.332 0.1428571492
170036  23.789  14.091  8.402 0.1428571492
170037  21.680  14.274  8.511 0.1428571492
170038  21.647  13.789  8.206 0.1428571492
170050  23.050  13.897  7.436 0.1428571492
170051  21.857  14.141  7.803 0.1428571492
170052  21.754  13.843  7.979 0.1428571492
170064  23.292  14.368  7.383 0.1428571492
170065  22.833  14.332  7.137 0.1428571492
170066  22.293  14.666  7.234 0.1428571492
171004  22.572  14.778  10.395 0.1428571492
171014  22.376  14.465  9.824 0.1428571492
171015  22.108  14.662  9.491 0.1428571492
171023  21.981  14.755  8.942 0.1428571492
171029  24.153  14.895  8.318 0.1428571492
171030  23.861  14.545  7.926 0.1428571492
171031  22.053  14.811  8.339 0.1428571492
171040  23.646  14.698  7.589 0.1428571492
171051  23.868  15.142  7.472 0.1428571492
171053  22.868  15.043  7.260 0.1428571492
171054  22.597  15.186  7.497 0.1428571492
171897  22.196  15.127  9.707 0.1428571492
171900  22.643  15.766  9.192 0.1428571492
171901  22.216  15.236  9.351 0.1428571492
205550  24.412  8.034  7.674 0.5714285970
205551  24.354  8.820  7.451 0.2857142985
205553  23.821  7.921  7.807 0.4285714328
205554  24.797  9.448  8.011 0.1428571492
205555  23.957  8.608  7.331 0.2857142985
205556  24.149  8.838  7.346 0.2857142985
205557  24.128  8.867  7.132 0.1428571492
